<!DOCTYPE HTML PUBLIC "-//W3C//DTD HTML 4.01 Transitional//EN">

<html>
<head>
<script src="http://transp-or.epfl.ch/biogeme/sorttable.js"></script>
<meta http-equiv='Content-Type' content='text/html; charset=utf-8' />
<title>Model5_nocardpy_sim.html - Report from biogeme 2.6a [Mon Apr 24 10:21:29 BST 2017]</title>
<meta name="keywords" content="biogeme, discrete choice, random utility">
<meta name="description" content="Report from biogeme 2.6a [Mon Apr 24 10:21:29 BST 2017]">
<meta name="author" content="Michel Bierlaire">
<style type=text/css>
<!--table
.biostyle
	{font-size:10.0pt;
	font-weight:400;
	font-style:normal;
	font-family:Courier;}
.boundstyle
	{font-size:10.0pt;
	font-weight:400;
	font-style:normal;
	font-family:Courier;
        color:red}
-->
</style>
</head>

<body bgcolor="#ffffff">
<p>biogeme 2.6a [Mon Apr 24 10:21:29 BST 2017]</p>
<p>Home page: <a href='http://biogeme.epfl.ch' target='_blank'>http://biogeme.epfl.ch</a></p>
<p>Submit questions to <a href='https://groups.google.com/d/forum/biogeme' target='_blank'>https://groups.google.com/d/forum/biogeme</a></p>
<p><a href='http://people.epfl.ch/michel.bierlaire'>Michel Bierlaire</a>, <a href='http://transp-or.epfl.ch'>Transport and Mobility Laboratory</a>, <a href='http://www.epfl.ch'>Ecole Polytechnique F&eacute;d&eacute;rale de Lausanne (EPFL)</a></p>
<p>This file has automatically been generated on
Mon Nov 13 16:39:50 2017</p>
<p>If you drag this HTML file into the Calc application of <a href='http://www.openoffice.org/' target='_blank'>OpenOffice</a>, or the spreadsheet of <a href='https://www.libreoffice.org/' target='_blank'>LibreOffice</a>, you will be able to perform additional calculations.</p><table><tr class=biostyle><td align=right><strong>Report file</strong>:	</td><td>Model5_nocardpy_sim.html</td></tr><tr class=biostyle><td align=right><strong>Sample file</strong>:	</td><td>../../data.dat</td></tr></table><h1>Simulation report</h1>

<p>Number of draws for Monte-Carlo: 1000</p>
<p>Type of draws: MLHS</p>
<h2>Aggregate values</h2><table border='1'>
<tr><th></th><th>01 Prob. PT</th><th>02 Prob. PM</th><th>03 Prob. SM</th><th>Choice</th></tr><tr><th>Total</th><td>188.457</td><td>1768.23</td><td>81.3174</td><td>1017</td></tr><tr><th>Average</th><td>0.0924714</td><td>0.867628</td><td>0.0399006</td><td>0.499019</td></tr><tr><th>Non zeros</th><td>2038</td><td>1952</td><td>707</td><td>1569</td></tr><tr><th>Non zeros average</th><td>0.0924714</td><td>0.905853</td><td>0.115018</td><td>0.648184</td></tr><tr><th>Minimum</th><td>5.91311e-32</td><td>0</td><td>0</td><td>-1</td></tr><tr><th>Maximum</th><td>1</td><td>1</td><td>0.999998</td><td>2</td></tr></table><h2>Detailed records</h2><table border='1'>
<tr><th>Row</th><th>01 Prob. PT</th><th>02 Prob. PM</th><th>03 Prob. SM</th><th>Choice</th></tr><tr><td>1</td><td>1</td><td>0</td><td>0</td><td>0</td></tr><tr><td>2</td><td>0.0252232</td><td>0.968102</td><td>0.00667529</td><td>1</td></tr><tr><td>3</td><td>0.0322766</td><td>0.967723</td><td>0</td><td>1</td></tr><tr><td>4</td><td>0.0453649</td><td>0.954635</td><td>0</td><td>1</td></tr><tr><td>5</td><td>0.0177211</td><td>0.982279</td><td>1.05317e-08</td><td>1</td></tr><tr><td>6</td><td>0.00741239</td><td>0.991269</td><td>0.00131834</td><td>1</td></tr><tr><td>7</td><td>0.0152954</td><td>0.984705</td><td>0</td><td>1</td></tr><tr><td>8</td><td>0.0625113</td><td>0.937489</td><td>0</td><td>0</td></tr><tr><td>9</td><td>0.0255113</td><td>0.90257</td><td>0.0719187</td><td>1</td></tr><tr><td>10</td><td>0.00773788</td><td>0.992262</td><td>0</td><td>1</td></tr><tr><td>11</td><td>0.0465089</td><td>0.949784</td><td>0.00370672</td><td>-1</td></tr><tr><td>12</td><td>0.0144713</td><td>0.985529</td><td>0</td><td>1</td></tr><tr><td>13</td><td>0.0299633</td><td>0.954462</td><td>0.0155744</td><td>1</td></tr><tr><td>14</td><td>0.00806264</td><td>0.977579</td><td>0.0143582</td><td>1</td></tr><tr><td>15</td><td>0.203964</td><td>0.796036</td><td>0</td><td>1</td></tr><tr><td>16</td><td>0.00559155</td><td>0.867037</td><td>0.127372</td><td>2</td></tr><tr><td>17</td><td>0.0306906</td><td>0.969309</td><td>0</td><td>0</td></tr><tr><td>18</td><td>0.0165456</td><td>0.983454</td><td>0</td><td>1</td></tr><tr><td>19</td><td>0.117382</td><td>0.862655</td><td>0.0199622</td><td>-1</td></tr><tr><td>20</td><td>0.00903551</td><td>0.990964</td><td>0</td><td>1</td></tr><tr><td>21</td><td>0.124671</td><td>0.875329</td><td>3.38698e-59</td><td>0</td></tr><tr><td>22</td><td>0.195618</td><td>0.804382</td><td>4.21646e-16</td><td>0</td></tr><tr><td>23</td><td>0.0102728</td><td>0.989727</td><td>0</td><td>-1</td></tr><tr><td>24</td><td>0.0283525</td><td>0.971648</td><td>0</td><td>1</td></tr><tr><td>25</td><td>0.165461</td><td>0.834539</td><td>0</td><td>0</td></tr><tr><td>26</td><td>0.0275445</td><td>0.972455</td><td>0</td><td>-1</td></tr><tr><td>27</td><td>0.177671</td><td>0.822329</td><td>0</td><td>0</td></tr><tr><td>28</td><td>0.00857132</td><td>0.750197</td><td>0.241232</td><td>2</td></tr><tr><td>29</td><td>0.0524192</td><td>0.947581</td><td>4.10662e-17</td><td>-1</td></tr><tr><td>30</td><td>0.170064</td><td>0.829936</td><td>0</td><td>1</td></tr><tr><td>31</td><td>0.00834588</td><td>0.63341</td><td>0.358244</td><td>1</td></tr><tr><td>32</td><td>0.0148748</td><td>0.985125</td><td>0</td><td>1</td></tr><tr><td>33</td><td>0.0128172</td><td>0.987183</td><td>0</td><td>0</td></tr><tr><td>34</td><td>0.297946</td><td>0.702054</td><td>0</td><td>1</td></tr><tr><td>35</td><td>0.042102</td><td>0.957898</td><td>0</td><td>-1</td></tr><tr><td>36</td><td>0.0321833</td><td>0.967817</td><td>0</td><td>0</td></tr><tr><td>37</td><td>0.022876</td><td>0.977124</td><td>0</td><td>0</td></tr><tr><td>38</td><td>0.0274879</td><td>0.962745</td><td>0.00976689</td><td>0</td></tr><tr><td>39</td><td>0.140703</td><td>0.859297</td><td>0</td><td>1</td></tr><tr><td>40</td><td>0.0125102</td><td>0.98749</td><td>0</td><td>-1</td></tr><tr><td>41</td><td>0.0136595</td><td>0.98634</td><td>0</td><td>1</td></tr><tr><td>42</td><td>0.028594</td><td>0.971406</td><td>0</td><td>1</td></tr><tr><td>43</td><td>0.0122562</td><td>0.987744</td><td>0</td><td>-1</td></tr><tr><td>44</td><td>4.06731e-05</td><td>0.999959</td><td>0</td><td>-1</td></tr><tr><td>45</td><td>0.011947</td><td>0.988053</td><td>0</td><td>0</td></tr><tr><td>46</td><td>0.00113955</td><td>0.99886</td><td>0</td><td>1</td></tr><tr><td>47</td><td>1</td><td>0</td><td>0</td><td>0</td></tr><tr><td>48</td><td>0.00447425</td><td>0.995526</td><td>0</td><td>1</td></tr><tr><td>49</td><td>0.105764</td><td>0.894236</td><td>0</td><td>1</td></tr><tr><td>50</td><td>0.00823784</td><td>0.991762</td><td>0</td><td>1</td></tr><tr><td>51</td><td>0.0126443</td><td>0.987356</td><td>0</td><td>1</td></tr><tr><td>52</td><td>0.193666</td><td>0.806334</td><td>0</td><td>0</td></tr><tr><td>53</td><td>0.00510661</td><td>0.994893</td><td>0</td><td>1</td></tr><tr><td>54</td><td>1</td><td>0</td><td>0</td><td>0</td></tr><tr><td>55</td><td>0.0648167</td><td>0.935183</td><td>0</td><td>-1</td></tr><tr><td>56</td><td>0.0104918</td><td>0.989508</td><td>0</td><td>1</td></tr><tr><td>57</td><td>0.0042453</td><td>0.995755</td><td>0</td><td>2</td></tr><tr><td>58</td><td>0.0150864</td><td>0.984914</td><td>0</td><td>-1</td></tr><tr><td>59</td><td>0.0283276</td><td>0.865989</td><td>0.105684</td><td>1</td></tr><tr><td>60</td><td>0.0334979</td><td>0.966359</td><td>0.000142613</td><td>1</td></tr><tr><td>61</td><td>0.00678718</td><td>0.98658</td><td>0.00663242</td><td>-1</td></tr><tr><td>62</td><td>5.67887e-05</td><td>0.512</td><td>0.487943</td><td>2</td></tr><tr><td>63</td><td>0.000114553</td><td>0.571781</td><td>0.428105</td><td>1</td></tr><tr><td>64</td><td>0.0141202</td><td>0.98588</td><td>0</td><td>1</td></tr><tr><td>65</td><td>0.02611</td><td>0.97389</td><td>0</td><td>1</td></tr><tr><td>66</td><td>0.0105735</td><td>0.681507</td><td>0.307919</td><td>2</td></tr><tr><td>67</td><td>7.51595e-05</td><td>0.697539</td><td>0.302386</td><td>1</td></tr><tr><td>68</td><td>0.0115621</td><td>0.964965</td><td>0.0234726</td><td>2</td></tr><tr><td>69</td><td>0.0232591</td><td>0.976741</td><td>0</td><td>1</td></tr><tr><td>70</td><td>0.0348291</td><td>0.965171</td><td>0</td><td>1</td></tr><tr><td>71</td><td>0.0126192</td><td>0.987381</td><td>0</td><td>2</td></tr><tr><td>72</td><td>0.0278283</td><td>0.972172</td><td>0</td><td>-1</td></tr><tr><td>73</td><td>0.199949</td><td>0.800051</td><td>0</td><td>1</td></tr><tr><td>74</td><td>0.0486847</td><td>0.554576</td><td>0.396739</td><td>2</td></tr><tr><td>75</td><td>0.0280473</td><td>0.872132</td><td>0.0998211</td><td>1</td></tr><tr><td>76</td><td>0.0257498</td><td>0.97425</td><td>0</td><td>0</td></tr><tr><td>77</td><td>7.44343e-05</td><td>0.563949</td><td>0.435976</td><td>1</td></tr><tr><td>78</td><td>0.0158051</td><td>0.984195</td><td>0</td><td>1</td></tr><tr><td>79</td><td>0.0170071</td><td>0.943181</td><td>0.0398123</td><td>1</td></tr><tr><td>80</td><td>0.00668366</td><td>0.986477</td><td>0.00683917</td><td>1</td></tr><tr><td>81</td><td>0.013917</td><td>0.986083</td><td>0</td><td>1</td></tr><tr><td>82</td><td>0.0414686</td><td>0.958531</td><td>0</td><td>0</td></tr><tr><td>83</td><td>0.0262248</td><td>0.973775</td><td>0</td><td>-1</td></tr><tr><td>84</td><td>0.0203591</td><td>0.968082</td><td>0.0115589</td><td>1</td></tr><tr><td>85</td><td>0.00240771</td><td>0.997592</td><td>0</td><td>1</td></tr><tr><td>86</td><td>0.240941</td><td>0.600078</td><td>0.158981</td><td>-1</td></tr><tr><td>87</td><td>0.242967</td><td>0.757033</td><td>0</td><td>1</td></tr><tr><td>88</td><td>3.67567e-25</td><td>1</td><td>4.93529e-19</td><td>0</td></tr><tr><td>89</td><td>0.0337237</td><td>0.966276</td><td>0</td><td>0</td></tr><tr><td>90</td><td>0.0581471</td><td>0.941853</td><td>0</td><td>1</td></tr><tr><td>91</td><td>0.0433721</td><td>0.956628</td><td>0</td><td>0</td></tr><tr><td>92</td><td>0.0278107</td><td>0.972189</td><td>7.52555e-41</td><td>0</td></tr><tr><td>93</td><td>0.013176</td><td>0.986824</td><td>0</td><td>1</td></tr><tr><td>94</td><td>0.072112</td><td>0.927888</td><td>0</td><td>-1</td></tr><tr><td>95</td><td>0.0232676</td><td>0.958185</td><td>0.0185475</td><td>1</td></tr><tr><td>96</td><td>0.00497551</td><td>0.995024</td><td>0</td><td>1</td></tr><tr><td>97</td><td>0.303812</td><td>0.696188</td><td>0</td><td>0</td></tr><tr><td>98</td><td>0.0112899</td><td>0.98871</td><td>0</td><td>1</td></tr><tr><td>99</td><td>0.0170433</td><td>0.982957</td><td>0</td><td>1</td></tr><tr><td>100</td><td>0.879547</td><td>0</td><td>0.120453</td><td>-1</td></tr><tr><td>101</td><td>0.0857419</td><td>0.914007</td><td>0.000251333</td><td>0</td></tr><tr><td>102</td><td>1.47796e-23</td><td>1</td><td>0</td><td>0</td></tr><tr><td>103</td><td>0.00971012</td><td>0.808922</td><td>0.181368</td><td>2</td></tr><tr><td>104</td><td>0.0197317</td><td>0.980268</td><td>0</td><td>1</td></tr><tr><td>105</td><td>0.0187079</td><td>0.981292</td><td>0</td><td>0</td></tr><tr><td>106</td><td>0.0131112</td><td>0.986889</td><td>8.27764e-95</td><td>1</td></tr><tr><td>107</td><td>0.0111564</td><td>0.967135</td><td>0.021709</td><td>1</td></tr><tr><td>108</td><td>0.00736081</td><td>0.992624</td><td>1.56048e-05</td><td>0</td></tr><tr><td>109</td><td>0.00865504</td><td>0.991345</td><td>2.20772e-29</td><td>-1</td></tr><tr><td>110</td><td>0.0885141</td><td>0.911486</td><td>4.98272e-85</td><td>-1</td></tr><tr><td>111</td><td>0.283119</td><td>0.716881</td><td>0</td><td>0</td></tr><tr><td>112</td><td>0.18687</td><td>0.81313</td><td>0</td><td>0</td></tr><tr><td>113</td><td>0.137219</td><td>0.862781</td><td>0</td><td>1</td></tr><tr><td>114</td><td>0.0031136</td><td>0.996865</td><td>2.14636e-05</td><td>1</td></tr><tr><td>115</td><td>0.118594</td><td>0.881406</td><td>3.21237e-09</td><td>1</td></tr><tr><td>116</td><td>0.130843</td><td>0.869142</td><td>1.5239e-05</td><td>1</td></tr><tr><td>117</td><td>2.62282e-29</td><td>1</td><td>0</td><td>1</td></tr><tr><td>118</td><td>0.965419</td><td>0.034581</td><td>0</td><td>-1</td></tr><tr><td>119</td><td>0.028352</td><td>0.971648</td><td>0</td><td>-1</td></tr><tr><td>120</td><td>0.00856611</td><td>0.981787</td><td>0.0096468</td><td>1</td></tr><tr><td>121</td><td>0.0413242</td><td>0.958676</td><td>0</td><td>1</td></tr><tr><td>122</td><td>0.0262869</td><td>0.973713</td><td>0</td><td>0</td></tr><tr><td>123</td><td>0.00913292</td><td>0.990867</td><td>0</td><td>1</td></tr><tr><td>124</td><td>0.0333721</td><td>0.966628</td><td>0</td><td>1</td></tr><tr><td>125</td><td>0.0381994</td><td>0.961801</td><td>3.09252e-12</td><td>1</td></tr><tr><td>126</td><td>0.0115687</td><td>0.988431</td><td>0</td><td>1</td></tr><tr><td>127</td><td>0.0303779</td><td>0.969622</td><td>0</td><td>1</td></tr><tr><td>128</td><td>0.0249171</td><td>0.875826</td><td>0.0992572</td><td>1</td></tr><tr><td>129</td><td>0.0225101</td><td>0.97749</td><td>0</td><td>1</td></tr><tr><td>130</td><td>3.29173e-29</td><td>1</td><td>0</td><td>0</td></tr><tr><td>131</td><td>0.00589055</td><td>0.994109</td><td>0</td><td>-1</td></tr><tr><td>132</td><td>0.012847</td><td>0.987153</td><td>2.65996e-10</td><td>0</td></tr><tr><td>133</td><td>0.0622477</td><td>0.937752</td><td>0</td><td>1</td></tr><tr><td>134</td><td>0.0614384</td><td>0.845032</td><td>0.0935293</td><td>1</td></tr><tr><td>135</td><td>0.00618367</td><td>0.993816</td><td>0</td><td>1</td></tr><tr><td>136</td><td>0.0263528</td><td>0.973647</td><td>0</td><td>1</td></tr><tr><td>137</td><td>0.0190991</td><td>0.625289</td><td>0.355612</td><td>2</td></tr><tr><td>138</td><td>0.35238</td><td>0.64762</td><td>0</td><td>0</td></tr><tr><td>139</td><td>0.0373937</td><td>0.962606</td><td>8.16718e-24</td><td>1</td></tr><tr><td>140</td><td>0.00456137</td><td>0.995439</td><td>0</td><td>1</td></tr><tr><td>141</td><td>0.0207237</td><td>0.979276</td><td>0</td><td>1</td></tr><tr><td>142</td><td>0.0948335</td><td>0.905167</td><td>0</td><td>-1</td></tr><tr><td>143</td><td>0.977238</td><td>0</td><td>0.0227623</td><td>0</td></tr><tr><td>144</td><td>0.0194516</td><td>0.980548</td><td>0</td><td>0</td></tr><tr><td>145</td><td>0.0323949</td><td>0.967605</td><td>0</td><td>-1</td></tr><tr><td>146</td><td>2.27608e-08</td><td>1</td><td>0</td><td>1</td></tr><tr><td>147</td><td>0.012886</td><td>0.987114</td><td>0</td><td>1</td></tr><tr><td>148</td><td>0.0400976</td><td>0.959902</td><td>0</td><td>0</td></tr><tr><td>149</td><td>0.0210571</td><td>0.978943</td><td>8.46554e-26</td><td>1</td></tr><tr><td>150</td><td>0.0126761</td><td>0.987324</td><td>0</td><td>1</td></tr><tr><td>151</td><td>0.13107</td><td>0.86893</td><td>0</td><td>0</td></tr><tr><td>152</td><td>1</td><td>0</td><td>0</td><td>0</td></tr><tr><td>153</td><td>0.000650754</td><td>0.999349</td><td>0</td><td>1</td></tr><tr><td>154</td><td>0.0139285</td><td>0.986072</td><td>0</td><td>-1</td></tr><tr><td>155</td><td>0.00736079</td><td>0.992639</td><td>0</td><td>-1</td></tr><tr><td>156</td><td>0.0810483</td><td>0.918952</td><td>0</td><td>0</td></tr><tr><td>157</td><td>0.023353</td><td>0.956588</td><td>0.0200592</td><td>1</td></tr><tr><td>158</td><td>0.0142931</td><td>0.985707</td><td>0</td><td>1</td></tr><tr><td>159</td><td>0.022217</td><td>0.969246</td><td>0.00853728</td><td>0</td></tr><tr><td>160</td><td>0.0505459</td><td>0.941022</td><td>0.00843162</td><td>-1</td></tr><tr><td>161</td><td>0.0463618</td><td>0.953638</td><td>0</td><td>0</td></tr><tr><td>162</td><td>0.0323194</td><td>0.967681</td><td>0</td><td>0</td></tr><tr><td>163</td><td>3.34774e-31</td><td>1</td><td>0</td><td>-1</td></tr><tr><td>164</td><td>0.0388028</td><td>0.961197</td><td>0</td><td>0</td></tr><tr><td>165</td><td>0.0268269</td><td>0.973173</td><td>0</td><td>0</td></tr><tr><td>166</td><td>0.0731966</td><td>0.926803</td><td>6.20922e-17</td><td>0</td></tr><tr><td>167</td><td>0.0390776</td><td>0.960922</td><td>0</td><td>0</td></tr><tr><td>168</td><td>0.197118</td><td>0.802882</td><td>0</td><td>1</td></tr><tr><td>169</td><td>0.294526</td><td>0.705474</td><td>0</td><td>0</td></tr><tr><td>170</td><td>0.00885301</td><td>0.969634</td><td>0.0215125</td><td>1</td></tr><tr><td>171</td><td>0.00606862</td><td>0.503521</td><td>0.49041</td><td>2</td></tr><tr><td>172</td><td>0.00993376</td><td>0.990066</td><td>0</td><td>1</td></tr><tr><td>173</td><td>0.0242711</td><td>0.975729</td><td>0</td><td>1</td></tr><tr><td>174</td><td>0.129465</td><td>0.868409</td><td>0.00212606</td><td>0</td></tr><tr><td>175</td><td>0.0163315</td><td>0.983668</td><td>0</td><td>2</td></tr><tr><td>176</td><td>0.00989457</td><td>0.990105</td><td>0</td><td>1</td></tr><tr><td>177</td><td>0.0288715</td><td>0.971129</td><td>0</td><td>1</td></tr><tr><td>178</td><td>1</td><td>0</td><td>0</td><td>0</td></tr><tr><td>179</td><td>0.0523496</td><td>0.94765</td><td>0</td><td>-1</td></tr><tr><td>180</td><td>1.89666e-23</td><td>1</td><td>0</td><td>0</td></tr><tr><td>181</td><td>0.00312055</td><td>0.996879</td><td>0</td><td>1</td></tr><tr><td>182</td><td>0.0347854</td><td>0.965215</td><td>0</td><td>-1</td></tr><tr><td>183</td><td>0.0123078</td><td>0.974066</td><td>0.0136262</td><td>1</td></tr><tr><td>184</td><td>0.00445678</td><td>0.972662</td><td>0.0228808</td><td>1</td></tr><tr><td>185</td><td>0.0926531</td><td>0.905913</td><td>0.00143364</td><td>1</td></tr><tr><td>186</td><td>0.024828</td><td>0.955051</td><td>0.0201214</td><td>1</td></tr><tr><td>187</td><td>0.068039</td><td>0.931961</td><td>0</td><td>1</td></tr><tr><td>188</td><td>0.0181005</td><td>0.981894</td><td>4.98566e-06</td><td>1</td></tr><tr><td>189</td><td>0.0131972</td><td>0.986803</td><td>0</td><td>1</td></tr><tr><td>190</td><td>0.0384497</td><td>0.96155</td><td>0</td><td>1</td></tr><tr><td>191</td><td>0.376105</td><td>0.623895</td><td>0</td><td>-1</td></tr><tr><td>192</td><td>1</td><td>0</td><td>1.80398e-60</td><td>-1</td></tr><tr><td>193</td><td>0.014284</td><td>0.985716</td><td>0</td><td>1</td></tr><tr><td>194</td><td>0.00122228</td><td>0.998778</td><td>0</td><td>1</td></tr><tr><td>195</td><td>0.0233495</td><td>0.976651</td><td>0</td><td>1</td></tr><tr><td>196</td><td>0.0234509</td><td>0.976549</td><td>0</td><td>1</td></tr><tr><td>197</td><td>0.116413</td><td>0.883587</td><td>0</td><td>1</td></tr><tr><td>198</td><td>0.0288285</td><td>0.971171</td><td>0</td><td>-1</td></tr><tr><td>199</td><td>0.048104</td><td>0.951896</td><td>0</td><td>1</td></tr><tr><td>200</td><td>0.0179484</td><td>0.948591</td><td>0.0334602</td><td>1</td></tr><tr><td>201</td><td>0.016477</td><td>0.983523</td><td>0</td><td>1</td></tr><tr><td>202</td><td>0.00519389</td><td>0.994806</td><td>0</td><td>1</td></tr><tr><td>203</td><td>0.0449778</td><td>0.955022</td><td>0</td><td>1</td></tr><tr><td>204</td><td>0.445483</td><td>0.554034</td><td>0.000482081</td><td>0</td></tr><tr><td>205</td><td>0.0658917</td><td>0.934108</td><td>0</td><td>0</td></tr><tr><td>206</td><td>0.0291863</td><td>0.970814</td><td>0</td><td>1</td></tr><tr><td>207</td><td>0.031425</td><td>0.955685</td><td>0.01289</td><td>1</td></tr><tr><td>208</td><td>0.0235739</td><td>0.976426</td><td>0</td><td>1</td></tr><tr><td>209</td><td>0.00591765</td><td>0.652408</td><td>0.341674</td><td>2</td></tr><tr><td>210</td><td>0.00894407</td><td>0.987868</td><td>0.00318802</td><td>1</td></tr><tr><td>211</td><td>0.0247538</td><td>0.975246</td><td>0</td><td>1</td></tr><tr><td>212</td><td>0.00820924</td><td>0.991791</td><td>0</td><td>1</td></tr><tr><td>213</td><td>0.215986</td><td>0.784014</td><td>1.74666e-09</td><td>0</td></tr><tr><td>214</td><td>0.0310299</td><td>0.96897</td><td>0</td><td>-1</td></tr><tr><td>215</td><td>0.125972</td><td>0.874028</td><td>0</td><td>1</td></tr><tr><td>216</td><td>0.00615293</td><td>0.993847</td><td>0</td><td>1</td></tr><tr><td>217</td><td>0.240452</td><td>0.759309</td><td>0.000238855</td><td>-1</td></tr><tr><td>218</td><td>0.0225452</td><td>0.977455</td><td>0</td><td>2</td></tr><tr><td>219</td><td>0.0132778</td><td>0.986722</td><td>0</td><td>1</td></tr><tr><td>220</td><td>0.00344932</td><td>0.996551</td><td>1.07541e-17</td><td>1</td></tr><tr><td>221</td><td>0.0101707</td><td>0.989428</td><td>0.000401343</td><td>1</td></tr><tr><td>222</td><td>0.0407024</td><td>0.959298</td><td>0</td><td>1</td></tr><tr><td>223</td><td>0.00597425</td><td>0.582464</td><td>0.411561</td><td>1</td></tr><tr><td>224</td><td>0.0347975</td><td>0.965202</td><td>0</td><td>1</td></tr><tr><td>225</td><td>0.0404552</td><td>0.959545</td><td>0</td><td>1</td></tr><tr><td>226</td><td>0.0162542</td><td>0.983746</td><td>0</td><td>1</td></tr><tr><td>227</td><td>0.0947668</td><td>0.905233</td><td>3.93623e-21</td><td>0</td></tr><tr><td>228</td><td>0.0245535</td><td>0.975447</td><td>0</td><td>1</td></tr><tr><td>229</td><td>0.0513654</td><td>0.847513</td><td>0.101122</td><td>1</td></tr><tr><td>230</td><td>0.0332856</td><td>0.966714</td><td>7.86537e-10</td><td>1</td></tr><tr><td>231</td><td>1</td><td>0</td><td>6.06421e-21</td><td>0</td></tr><tr><td>232</td><td>0.000480552</td><td>0.999519</td><td>1.95622e-33</td><td>1</td></tr><tr><td>233</td><td>0.309893</td><td>0.68308</td><td>0.00702659</td><td>0</td></tr><tr><td>234</td><td>1.25344e-30</td><td>1</td><td>0</td><td>2</td></tr><tr><td>235</td><td>0.0080801</td><td>0.99192</td><td>0</td><td>1</td></tr><tr><td>236</td><td>0.0104232</td><td>0.989577</td><td>0</td><td>1</td></tr><tr><td>237</td><td>0.00839076</td><td>0.991609</td><td>0</td><td>1</td></tr><tr><td>238</td><td>0.0690534</td><td>0.930947</td><td>1.8795e-17</td><td>-1</td></tr><tr><td>239</td><td>0.0197976</td><td>0.974046</td><td>0.00615591</td><td>1</td></tr><tr><td>240</td><td>0.033398</td><td>0.966602</td><td>1.71397e-09</td><td>0</td></tr><tr><td>241</td><td>0.233701</td><td>0.766299</td><td>0</td><td>-1</td></tr><tr><td>242</td><td>0.00725721</td><td>0.992743</td><td>0</td><td>-1</td></tr><tr><td>243</td><td>0.0232031</td><td>0.976797</td><td>0</td><td>-1</td></tr><tr><td>244</td><td>0.0164783</td><td>0.983522</td><td>0</td><td>1</td></tr><tr><td>245</td><td>0.0222446</td><td>0.977755</td><td>2.96133e-21</td><td>1</td></tr><tr><td>246</td><td>0.00947295</td><td>0.990527</td><td>0</td><td>0</td></tr><tr><td>247</td><td>0.00542327</td><td>0.984489</td><td>0.0100878</td><td>1</td></tr><tr><td>248</td><td>1.69965e-23</td><td>1</td><td>0</td><td>0</td></tr><tr><td>249</td><td>0.032142</td><td>0.95199</td><td>0.0158685</td><td>-1</td></tr><tr><td>250</td><td>0.0202449</td><td>0.979755</td><td>0</td><td>1</td></tr><tr><td>251</td><td>0.0139449</td><td>0.960985</td><td>0.0250702</td><td>1</td></tr><tr><td>252</td><td>0.0046825</td><td>0.995318</td><td>0</td><td>1</td></tr><tr><td>253</td><td>0.0144003</td><td>0.671625</td><td>0.313975</td><td>1</td></tr><tr><td>254</td><td>0.0139359</td><td>0.946699</td><td>0.0393647</td><td>1</td></tr><tr><td>255</td><td>0.0212874</td><td>0.62978</td><td>0.348932</td><td>2</td></tr><tr><td>256</td><td>0.0470266</td><td>0.952973</td><td>0</td><td>1</td></tr><tr><td>257</td><td>0.0185936</td><td>0.981401</td><td>5.10269e-06</td><td>1</td></tr><tr><td>258</td><td>0.0141258</td><td>0.985874</td><td>0</td><td>1</td></tr><tr><td>259</td><td>0.0181007</td><td>0.981899</td><td>0</td><td>0</td></tr><tr><td>260</td><td>0.0057562</td><td>0.836221</td><td>0.158023</td><td>1</td></tr><tr><td>261</td><td>0.0292924</td><td>0.970708</td><td>0</td><td>1</td></tr><tr><td>262</td><td>0.0148725</td><td>0.985128</td><td>2.26016e-14</td><td>1</td></tr><tr><td>263</td><td>1</td><td>0</td><td>1.07232e-65</td><td>-1</td></tr><tr><td>264</td><td>7.68826e-24</td><td>1</td><td>0</td><td>0</td></tr><tr><td>265</td><td>0.0230397</td><td>0.955127</td><td>0.0218337</td><td>1</td></tr><tr><td>266</td><td>0.00846895</td><td>0.991531</td><td>0</td><td>1</td></tr><tr><td>267</td><td>0.0252342</td><td>0.973025</td><td>0.00174108</td><td>1</td></tr><tr><td>268</td><td>0.00744187</td><td>0.992558</td><td>0</td><td>1</td></tr><tr><td>269</td><td>0.0348114</td><td>0.965189</td><td>0</td><td>0</td></tr><tr><td>270</td><td>0.296168</td><td>0.703832</td><td>0</td><td>1</td></tr><tr><td>271</td><td>0.00662249</td><td>0.583012</td><td>0.410366</td><td>-1</td></tr><tr><td>272</td><td>0.00262921</td><td>0.997371</td><td>0</td><td>-1</td></tr><tr><td>273</td><td>0.0487527</td><td>0.951247</td><td>0</td><td>0</td></tr><tr><td>274</td><td>0.0497203</td><td>0.95028</td><td>0</td><td>1</td></tr><tr><td>275</td><td>0.0171764</td><td>0.982824</td><td>0</td><td>1</td></tr><tr><td>276</td><td>0.0981137</td><td>0.901886</td><td>0</td><td>0</td></tr><tr><td>277</td><td>0.00863113</td><td>0.991369</td><td>0</td><td>1</td></tr><tr><td>278</td><td>0.0499146</td><td>0.950085</td><td>0</td><td>-1</td></tr><tr><td>279</td><td>0.402985</td><td>0.597015</td><td>0</td><td>-1</td></tr><tr><td>280</td><td>0.0159853</td><td>0.984015</td><td>0</td><td>1</td></tr><tr><td>281</td><td>0.0121534</td><td>0.987847</td><td>0</td><td>1</td></tr><tr><td>282</td><td>0.0163225</td><td>0.983677</td><td>0</td><td>-1</td></tr><tr><td>283</td><td>0.00962889</td><td>0.747224</td><td>0.243147</td><td>-1</td></tr><tr><td>284</td><td>0.051315</td><td>0.634253</td><td>0.314432</td><td>1</td></tr><tr><td>285</td><td>0.00893662</td><td>0.991005</td><td>5.87182e-05</td><td>1</td></tr><tr><td>286</td><td>0.391294</td><td>0.608706</td><td>7.29792e-13</td><td>1</td></tr><tr><td>287</td><td>0.0607191</td><td>0.939281</td><td>0</td><td>1</td></tr><tr><td>288</td><td>0.007921</td><td>0.992079</td><td>0</td><td>-1</td></tr><tr><td>289</td><td>0.0398205</td><td>0.96018</td><td>0</td><td>1</td></tr><tr><td>290</td><td>0.0154181</td><td>0.735689</td><td>0.248893</td><td>2</td></tr><tr><td>291</td><td>0.0864503</td><td>0.91355</td><td>0</td><td>1</td></tr><tr><td>292</td><td>0.06351</td><td>0.93649</td><td>0</td><td>1</td></tr><tr><td>293</td><td>0.00539105</td><td>0.994609</td><td>7.22957e-11</td><td>1</td></tr><tr><td>294</td><td>0.0256539</td><td>0.974346</td><td>0</td><td>1</td></tr><tr><td>295</td><td>0.0621201</td><td>0.93788</td><td>0</td><td>1</td></tr><tr><td>296</td><td>0.0212323</td><td>0.974364</td><td>0.0044034</td><td>-1</td></tr><tr><td>297</td><td>0.0223023</td><td>0.977698</td><td>0</td><td>1</td></tr><tr><td>298</td><td>0.0669201</td><td>0.93308</td><td>0</td><td>1</td></tr><tr><td>299</td><td>1.07217e-05</td><td>0.999989</td><td>0</td><td>1</td></tr><tr><td>300</td><td>0.0183246</td><td>0.981675</td><td>0</td><td>1</td></tr><tr><td>301</td><td>0.0407044</td><td>0.959296</td><td>0</td><td>1</td></tr><tr><td>302</td><td>0.0253158</td><td>0.960746</td><td>0.0139384</td><td>1</td></tr><tr><td>303</td><td>0.00861215</td><td>0.991388</td><td>0</td><td>1</td></tr><tr><td>304</td><td>0.0300712</td><td>0.969929</td><td>0</td><td>0</td></tr><tr><td>305</td><td>0.02706</td><td>0.97294</td><td>0</td><td>0</td></tr><tr><td>306</td><td>0.00550331</td><td>0.994497</td><td>0</td><td>1</td></tr><tr><td>307</td><td>0.00492393</td><td>0.986773</td><td>0.00830301</td><td>1</td></tr><tr><td>308</td><td>0.0418072</td><td>0.958193</td><td>0</td><td>0</td></tr><tr><td>309</td><td>0.0243737</td><td>0.975626</td><td>0</td><td>0</td></tr><tr><td>310</td><td>0.0377255</td><td>0.962275</td><td>0</td><td>1</td></tr><tr><td>311</td><td>0.0805699</td><td>0.91943</td><td>0</td><td>0</td></tr><tr><td>312</td><td>0.0119345</td><td>0.988066</td><td>0</td><td>1</td></tr><tr><td>313</td><td>0.513764</td><td>0.486236</td><td>0</td><td>0</td></tr><tr><td>314</td><td>0.0217082</td><td>0.978292</td><td>0</td><td>1</td></tr><tr><td>315</td><td>0.0156832</td><td>0.984317</td><td>0</td><td>-1</td></tr><tr><td>316</td><td>0.0207144</td><td>0.921886</td><td>0.0573997</td><td>1</td></tr><tr><td>317</td><td>1</td><td>0</td><td>0</td><td>0</td></tr><tr><td>318</td><td>7.763e-05</td><td>0.381715</td><td>0.618208</td><td>2</td></tr><tr><td>319</td><td>0.0404021</td><td>0.959598</td><td>0</td><td>-1</td></tr><tr><td>320</td><td>8.66114e-05</td><td>0.539994</td><td>0.459919</td><td>2</td></tr><tr><td>321</td><td>0.033236</td><td>0.966764</td><td>4.84422e-09</td><td>1</td></tr><tr><td>322</td><td>0.0903953</td><td>0.909605</td><td>0</td><td>1</td></tr><tr><td>323</td><td>1</td><td>0</td><td>0</td><td>-1</td></tr><tr><td>324</td><td>0.00286774</td><td>0.997132</td><td>0</td><td>1</td></tr><tr><td>325</td><td>0.00319426</td><td>0.996806</td><td>0</td><td>1</td></tr><tr><td>326</td><td>0.0306384</td><td>0.969362</td><td>0</td><td>1</td></tr><tr><td>327</td><td>0.011998</td><td>0.988002</td><td>0</td><td>-1</td></tr><tr><td>328</td><td>0.030708</td><td>0.969292</td><td>0</td><td>1</td></tr><tr><td>329</td><td>0.13107</td><td>0.86893</td><td>0</td><td>0</td></tr><tr><td>330</td><td>0.0880613</td><td>0.911939</td><td>0</td><td>1</td></tr><tr><td>331</td><td>0.00324876</td><td>0.952322</td><td>0.0444291</td><td>1</td></tr><tr><td>332</td><td>0.141993</td><td>0.858007</td><td>0</td><td>1</td></tr><tr><td>333</td><td>0.858499</td><td>0.141501</td><td>0</td><td>0</td></tr><tr><td>334</td><td>0.00642078</td><td>0.993579</td><td>0</td><td>1</td></tr><tr><td>335</td><td>0.0371918</td><td>0.962808</td><td>0</td><td>1</td></tr><tr><td>336</td><td>0.0066098</td><td>0.99339</td><td>0</td><td>1</td></tr><tr><td>337</td><td>0.0140927</td><td>0.875083</td><td>0.110824</td><td>1</td></tr><tr><td>338</td><td>0.0294529</td><td>0.970547</td><td>0</td><td>1</td></tr><tr><td>339</td><td>0.0197013</td><td>0.980299</td><td>0</td><td>1</td></tr><tr><td>340</td><td>0.0328151</td><td>0.967185</td><td>0</td><td>0</td></tr><tr><td>341</td><td>0.0198531</td><td>0.980147</td><td>0</td><td>1</td></tr><tr><td>342</td><td>0.242845</td><td>0.757155</td><td>9.73613e-22</td><td>-1</td></tr><tr><td>343</td><td>0.0252763</td><td>0.974724</td><td>0</td><td>1</td></tr><tr><td>344</td><td>0.0384475</td><td>0.961552</td><td>0</td><td>1</td></tr><tr><td>345</td><td>0.0540361</td><td>0.945964</td><td>0</td><td>-1</td></tr><tr><td>346</td><td>0.0138015</td><td>0.965353</td><td>0.0208454</td><td>0</td></tr><tr><td>347</td><td>0.0343877</td><td>0.960533</td><td>0.00507927</td><td>1</td></tr><tr><td>348</td><td>0.09108</td><td>0.907474</td><td>0.00144595</td><td>1</td></tr><tr><td>349</td><td>0.0180453</td><td>0.963999</td><td>0.0179555</td><td>1</td></tr><tr><td>350</td><td>0.0276739</td><td>0.972326</td><td>0</td><td>1</td></tr><tr><td>351</td><td>0.112183</td><td>0.887817</td><td>0</td><td>0</td></tr><tr><td>352</td><td>0.0100351</td><td>0.930021</td><td>0.0599437</td><td>1</td></tr><tr><td>353</td><td>0.00100979</td><td>0.99899</td><td>3.32732e-10</td><td>-1</td></tr><tr><td>354</td><td>0.0163035</td><td>0.934163</td><td>0.0495333</td><td>1</td></tr><tr><td>355</td><td>0.0203161</td><td>0.970103</td><td>0.00958093</td><td>0</td></tr><tr><td>356</td><td>0.107648</td><td>0.892337</td><td>1.50181e-05</td><td>1</td></tr><tr><td>357</td><td>0.0208013</td><td>0.979199</td><td>0</td><td>1</td></tr><tr><td>358</td><td>0.0857902</td><td>0.91421</td><td>0</td><td>1</td></tr><tr><td>359</td><td>0.028038</td><td>0.971962</td><td>0</td><td>-1</td></tr><tr><td>360</td><td>5.06595e-31</td><td>1</td><td>0</td><td>1</td></tr><tr><td>361</td><td>0.0241563</td><td>0.975844</td><td>0</td><td>-1</td></tr><tr><td>362</td><td>0.00496225</td><td>0.995038</td><td>0</td><td>1</td></tr><tr><td>363</td><td>0.0296534</td><td>0.970347</td><td>8.0383e-69</td><td>1</td></tr><tr><td>364</td><td>0.0355488</td><td>0.964451</td><td>0</td><td>1</td></tr><tr><td>365</td><td>0.740378</td><td>0.259622</td><td>1.18273e-27</td><td>0</td></tr><tr><td>366</td><td>0.00546618</td><td>0.994534</td><td>0</td><td>1</td></tr><tr><td>367</td><td>0.251382</td><td>0.748462</td><td>0.000156072</td><td>-1</td></tr><tr><td>368</td><td>0.0324228</td><td>0.967577</td><td>0</td><td>1</td></tr><tr><td>369</td><td>0.275219</td><td>0.724781</td><td>0</td><td>1</td></tr><tr><td>370</td><td>0.221514</td><td>0.776702</td><td>0.00178402</td><td>1</td></tr><tr><td>371</td><td>0.000138999</td><td>0.987867</td><td>0.0119945</td><td>1</td></tr><tr><td>372</td><td>0.0537215</td><td>0.946279</td><td>0</td><td>1</td></tr><tr><td>373</td><td>0.8633</td><td>0.1367</td><td>0</td><td>-1</td></tr><tr><td>374</td><td>6.69502e-25</td><td>1</td><td>0</td><td>-1</td></tr><tr><td>375</td><td>0.00120253</td><td>0.998797</td><td>0</td><td>1</td></tr><tr><td>376</td><td>0.00689735</td><td>0.966307</td><td>0.0267959</td><td>-1</td></tr><tr><td>377</td><td>0.0417575</td><td>0.958242</td><td>0</td><td>0</td></tr><tr><td>378</td><td>0.0513439</td><td>0.948656</td><td>0</td><td>1</td></tr><tr><td>379</td><td>0.0165751</td><td>0.983425</td><td>0</td><td>1</td></tr><tr><td>380</td><td>0.00801658</td><td>0.991983</td><td>0</td><td>1</td></tr><tr><td>381</td><td>0.0422836</td><td>0.957716</td><td>0</td><td>1</td></tr><tr><td>382</td><td>0.032142</td><td>0.95199</td><td>0.0158685</td><td>1</td></tr><tr><td>383</td><td>0.0277117</td><td>0.972288</td><td>0</td><td>1</td></tr><tr><td>384</td><td>0.00867295</td><td>0.991327</td><td>0</td><td>1</td></tr><tr><td>385</td><td>0.932398</td><td>0.0676023</td><td>0</td><td>0</td></tr><tr><td>386</td><td>0.0149806</td><td>0.985019</td><td>0</td><td>1</td></tr><tr><td>387</td><td>0.0149745</td><td>0.985026</td><td>0</td><td>1</td></tr><tr><td>388</td><td>0.00840176</td><td>0.991598</td><td>0</td><td>-1</td></tr><tr><td>389</td><td>0.00504108</td><td>0.994959</td><td>0</td><td>1</td></tr><tr><td>390</td><td>0.00347033</td><td>0.99653</td><td>0</td><td>1</td></tr><tr><td>391</td><td>0.0403259</td><td>0.959674</td><td>0</td><td>-1</td></tr><tr><td>392</td><td>0.0749709</td><td>0.925029</td><td>6.92661e-10</td><td>1</td></tr><tr><td>393</td><td>0.162903</td><td>0.837097</td><td>0</td><td>1</td></tr><tr><td>394</td><td>0.0383961</td><td>0.171546</td><td>0.790058</td><td>2</td></tr><tr><td>395</td><td>0.11189</td><td>0.88811</td><td>0</td><td>1</td></tr><tr><td>396</td><td>0.0248133</td><td>0.975187</td><td>0</td><td>1</td></tr><tr><td>397</td><td>0.0233182</td><td>0.976682</td><td>0</td><td>1</td></tr><tr><td>398</td><td>0.0144673</td><td>0.985533</td><td>0</td><td>1</td></tr><tr><td>399</td><td>0.0142429</td><td>0.985757</td><td>0</td><td>1</td></tr><tr><td>400</td><td>0.199798</td><td>0.700761</td><td>0.0994418</td><td>1</td></tr><tr><td>401</td><td>0.124883</td><td>0.587647</td><td>0.28747</td><td>0</td></tr><tr><td>402</td><td>0.0160768</td><td>0.971054</td><td>0.0128693</td><td>2</td></tr><tr><td>403</td><td>0.00701763</td><td>0.992982</td><td>0</td><td>1</td></tr><tr><td>404</td><td>0.0291691</td><td>0.970831</td><td>0</td><td>-1</td></tr><tr><td>405</td><td>0.0456861</td><td>0.954314</td><td>0</td><td>1</td></tr><tr><td>406</td><td>0.00218338</td><td>0.997817</td><td>0</td><td>1</td></tr><tr><td>407</td><td>0.00963186</td><td>0.990368</td><td>0</td><td>1</td></tr><tr><td>408</td><td>0.00666244</td><td>0.993338</td><td>0</td><td>1</td></tr><tr><td>409</td><td>0.0195412</td><td>0.980459</td><td>1.45216e-07</td><td>1</td></tr><tr><td>410</td><td>0.0251284</td><td>0.974872</td><td>0</td><td>1</td></tr><tr><td>411</td><td>0.017631</td><td>0.982369</td><td>0</td><td>1</td></tr><tr><td>412</td><td>0.192914</td><td>0.807086</td><td>0</td><td>1</td></tr><tr><td>413</td><td>0.0205948</td><td>0.971974</td><td>0.00743081</td><td>1</td></tr><tr><td>414</td><td>0.109918</td><td>0.890082</td><td>0</td><td>1</td></tr><tr><td>415</td><td>0.00225666</td><td>0.997743</td><td>0</td><td>1</td></tr><tr><td>416</td><td>0.00828753</td><td>0.991712</td><td>0</td><td>1</td></tr><tr><td>417</td><td>0.0374583</td><td>0.962542</td><td>0</td><td>-1</td></tr><tr><td>418</td><td>0.0644228</td><td>0.935577</td><td>0</td><td>0</td></tr><tr><td>419</td><td>0.00836328</td><td>0.991637</td><td>0</td><td>-1</td></tr><tr><td>420</td><td>0.0289968</td><td>0.296612</td><td>0.674391</td><td>2</td></tr><tr><td>421</td><td>1</td><td>0</td><td>0</td><td>0</td></tr><tr><td>422</td><td>0.286736</td><td>0.713264</td><td>0</td><td>-1</td></tr><tr><td>423</td><td>0.949828</td><td>0</td><td>0.0501722</td><td>-1</td></tr><tr><td>424</td><td>0.0537242</td><td>0.946276</td><td>0</td><td>1</td></tr><tr><td>425</td><td>6.738e-05</td><td>0.837104</td><td>0.162828</td><td>1</td></tr><tr><td>426</td><td>1</td><td>0</td><td>0</td><td>0</td></tr><tr><td>427</td><td>0.0143522</td><td>0.985648</td><td>0</td><td>-1</td></tr><tr><td>428</td><td>0.134313</td><td>0.865687</td><td>0</td><td>1</td></tr><tr><td>429</td><td>8.2619e-23</td><td>1</td><td>0</td><td>0</td></tr><tr><td>430</td><td>0.259078</td><td>0.740922</td><td>3.94251e-09</td><td>-1</td></tr><tr><td>431</td><td>0.0319916</td><td>0.968008</td><td>0</td><td>0</td></tr><tr><td>432</td><td>0.08094</td><td>0.91906</td><td>0</td><td>1</td></tr><tr><td>433</td><td>0.00940373</td><td>0.990596</td><td>0</td><td>1</td></tr><tr><td>434</td><td>0.00391201</td><td>0.996088</td><td>0</td><td>1</td></tr><tr><td>435</td><td>0.00966911</td><td>0.990331</td><td>0</td><td>1</td></tr><tr><td>436</td><td>0.0235454</td><td>0.976455</td><td>0</td><td>0</td></tr><tr><td>437</td><td>0.0321688</td><td>0.955993</td><td>0.0118381</td><td>1</td></tr><tr><td>438</td><td>0.0101118</td><td>0.638074</td><td>0.351814</td><td>1</td></tr><tr><td>439</td><td>0.122106</td><td>0.877893</td><td>3.88624e-08</td><td>1</td></tr><tr><td>440</td><td>0.00384452</td><td>0.996155</td><td>0</td><td>1</td></tr><tr><td>441</td><td>0.0315856</td><td>0.968414</td><td>0</td><td>1</td></tr><tr><td>442</td><td>0.014552</td><td>0.845563</td><td>0.139885</td><td>1</td></tr><tr><td>443</td><td>0.00188088</td><td>0.998119</td><td>0</td><td>1</td></tr><tr><td>444</td><td>0.00261771</td><td>0.980373</td><td>0.0170088</td><td>1</td></tr><tr><td>445</td><td>0.0588359</td><td>0.941164</td><td>0</td><td>0</td></tr><tr><td>446</td><td>0.436897</td><td>0.563103</td><td>1.54673e-17</td><td>0</td></tr><tr><td>447</td><td>0.00788851</td><td>0.846554</td><td>0.145557</td><td>2</td></tr><tr><td>448</td><td>0.00383528</td><td>0.996165</td><td>0</td><td>1</td></tr><tr><td>449</td><td>1</td><td>0</td><td>0</td><td>0</td></tr><tr><td>450</td><td>0.0263227</td><td>0.973677</td><td>0</td><td>1</td></tr><tr><td>451</td><td>0.0249537</td><td>0.975046</td><td>0</td><td>-1</td></tr><tr><td>452</td><td>0.0136641</td><td>0.986336</td><td>0</td><td>-1</td></tr><tr><td>453</td><td>0.41271</td><td>0.58729</td><td>4.63545e-100</td><td>0</td></tr><tr><td>454</td><td>0.031331</td><td>0.961932</td><td>0.00673704</td><td>0</td></tr><tr><td>455</td><td>0.313451</td><td>0.62601</td><td>0.0605387</td><td>1</td></tr><tr><td>456</td><td>0.273979</td><td>0.726021</td><td>8.68748e-26</td><td>1</td></tr><tr><td>457</td><td>0.000124944</td><td>0.547918</td><td>0.451957</td><td>2</td></tr><tr><td>458</td><td>0.336192</td><td>0.663808</td><td>0</td><td>-1</td></tr><tr><td>459</td><td>0.0283679</td><td>0.924273</td><td>0.0473587</td><td>1</td></tr><tr><td>460</td><td>0.201927</td><td>0.798073</td><td>7.45824e-106</td><td>0</td></tr><tr><td>461</td><td>0.0522716</td><td>0.947728</td><td>0</td><td>0</td></tr><tr><td>462</td><td>0.0390655</td><td>0.960935</td><td>1.62224e-08</td><td>1</td></tr><tr><td>463</td><td>0.339909</td><td>0.650832</td><td>0.00925844</td><td>1</td></tr><tr><td>464</td><td>0.00740489</td><td>0.992595</td><td>0</td><td>-1</td></tr><tr><td>465</td><td>0.0533893</td><td>0.782236</td><td>0.164375</td><td>2</td></tr><tr><td>466</td><td>0.101976</td><td>0.898024</td><td>0</td><td>1</td></tr><tr><td>467</td><td>0.0352582</td><td>0.960198</td><td>0.00454371</td><td>0</td></tr><tr><td>468</td><td>0.0173437</td><td>0.966505</td><td>0.0161513</td><td>1</td></tr><tr><td>469</td><td>0.369775</td><td>0.630225</td><td>0</td><td>0</td></tr><tr><td>470</td><td>0.0398075</td><td>0.960193</td><td>0</td><td>1</td></tr><tr><td>471</td><td>0.00710697</td><td>0.992893</td><td>0</td><td>1</td></tr><tr><td>472</td><td>0.479688</td><td>0.520312</td><td>0</td><td>0</td></tr><tr><td>473</td><td>0.0966846</td><td>0.903315</td><td>3.15501e-08</td><td>1</td></tr><tr><td>474</td><td>0.0271345</td><td>0.972865</td><td>0</td><td>0</td></tr><tr><td>475</td><td>0.0587439</td><td>0.941256</td><td>0</td><td>1</td></tr><tr><td>476</td><td>0.0804257</td><td>0.919574</td><td>0</td><td>1<