Iter 0

Size = 4
Data size = 10
[ 5.93085e+06 1.07705e+06 -5083.33 -28505.5 ;
1.07705e+06 291341 -1948.43 -4459.65 ;
-5083.33 -1948.43 362 -181 ;
-28505.5 -4459.65 -181 378.25 ;
]
+++++++++++++
Iter 1

Size = 4
Data size = 10
[ 3.48772e+06 723632 -10651.3 -11892.7 ;
723632 231426 -3327.99 -1820.99 ;
-10651.3 -3327.99 369.349 -130.604 ;
-11892.7 -1820.99 -130.604 192.776 ;
]
+++++++++++++
Iter 2

Size = 4
Data size = 10
[ 2.82813e+06 600900 -13257.2 -6895.2 ;
600900 203291 -3753.87 -1020.87 ;
-13257.2 -3753.87 324.283 -83.7801 ;
-6895.2 -1020.87 -83.7801 120.194 ;
]
+++++++++++++
Iter 3

Size = 4
Data size = 10
[ 2.58967e+06 564019 -14436 -4940.71 ;
564019 195272 -3924.4 -736.006 ;
-14436 -3924.4 307.09 -58.142 ;
-4940.71 -736.006 -58.142 84.2363 ;
]
+++++++++++++
Iter 4

Size = 4
Data size = 10
[ 2.81569e+06 607095 -14610 -6073.4 ;
607095 205580 -3951.03 -924.76 ;
-14610 -3951.03 329.486 -66.2218 ;
-6073.4 -924.76 -66.2218 98.0436 ;
]
+++++++++++++
Iter 5

Size = 4
Data size = 10
[ 2.70965e+06 595939 -14942 -5378.39 ;
595939 203022 -3982.09 -840.759 ;
-14942 -3982.09 326.741 -53.9868 ;
-5378.39 -840.759 -53.9868 80.943 ;
]
+++++++++++++
Iter 6

Size = 4
Data size = 10
[ 2.69419e+06 593121 -14971.1 -5280.57 ;
593121 202415 -3987.49 -824.671 ;
-14971.1 -3987.49 325.529 -53.1726 ;
-5280.57 -824.671 -53.1726 79.6511 ;
]
+++++++++++++
Iter 7

Size = 4
Data size = 10
[ 2.69166e+06 593026 -14985.1 -5263.72 ;
593026 202361 -3987.94 -823.594 ;
-14985.1 -3987.94 325.723 -52.6772 ;
-5263.72 -823.594 -52.6772 78.989 ;
]
+++++++++++++
Iter 8

Size = 4
Data size = 10
[ 2.69162e+06 593019 -14985.1 -5263.48 ;
593019 202359 -3987.94 -823.558 ;
-14985.1 -3987.94 325.72 -52.6747 ;
-5263.48 -823.558 -52.6747 78.9852 ;
]
+++++++++++++
