============== BHHH ===============

Size = 4
Data size = 10
[ 1.62187e+06 448077 -15078.9 -938.527 ;
448077 230979 -4552.97 -295.492 ;
-15078.9 -4552.97 318.917 -59.6774 ;
-938.527 -295.492 -59.6774 82.6748 ;
]

============== Hessian ===============

Size = 4
Data size = 10
[ 2.69162e+06 593019 -14985.1 -5263.48 ;
593019 202359 -3987.94 -823.558 ;
-14985.1 -3987.94 325.72 -52.6747 ;
-5263.48 -823.558 -52.6747 78.9852 ;
]

