<!DOCTYPE HTML PUBLIC "-//W3C//DTD HTML 4.01 Transitional//EN">

<html>
<head>
<script src="http://transp-or.epfl.ch/biogeme/sorttable.js"></script>
<meta http-equiv='Content-Type' content='text/html; charset=utf-8' />
<title>Model5_cardOwner_sim.html - Report from biogeme 2.6a [Mon Apr 24 10:21:29 BST 2017]</title>
<meta name="keywords" content="biogeme, discrete choice, random utility">
<meta name="description" content="Report from biogeme 2.6a [Mon Apr 24 10:21:29 BST 2017]">
<meta name="author" content="Michel Bierlaire">
<style type=text/css>
<!--table
.biostyle
	{font-size:10.0pt;
	font-weight:400;
	font-style:normal;
	font-family:Courier;}
.boundstyle
	{font-size:10.0pt;
	font-weight:400;
	font-style:normal;
	font-family:Courier;
        color:red}
-->
</style>
</head>

<body bgcolor="#ffffff">
<p>biogeme 2.6a [Mon Apr 24 10:21:29 BST 2017]</p>
<p>Home page: <a href='http://biogeme.epfl.ch' target='_blank'>http://biogeme.epfl.ch</a></p>
<p>Submit questions to <a href='https://groups.google.com/d/forum/biogeme' target='_blank'>https://groups.google.com/d/forum/biogeme</a></p>
<p><a href='http://people.epfl.ch/michel.bierlaire'>Michel Bierlaire</a>, <a href='http://transp-or.epfl.ch'>Transport and Mobility Laboratory</a>, <a href='http://www.epfl.ch'>Ecole Polytechnique F&eacute;d&eacute;rale de Lausanne (EPFL)</a></p>
<p>This file has automatically been generated on
Mon Nov 13 16:39:21 2017</p>
<p>If you drag this HTML file into the Calc application of <a href='http://www.openoffice.org/' target='_blank'>OpenOffice</a>, or the spreadsheet of <a href='https://www.libreoffice.org/' target='_blank'>LibreOffice</a>, you will be able to perform additional calculations.</p><table><tr class=biostyle><td align=right><strong>Report file</strong>:	</td><td>Model5_cardOwner_sim.html</td></tr><tr class=biostyle><td align=right><strong>Sample file</strong>:	</td><td>../../data.dat</td></tr></table><h1>Simulation report</h1>

<p>Number of draws for Monte-Carlo: 1000</p>
<p>Type of draws: MLHS</p>
<h2>Aggregate values</h2><table border='1'>
<tr><th></th><th>01 Prob. PT</th><th>02 Prob. PM</th><th>03 Prob. SM</th><th>Choice</th></tr><tr><th>Total</th><td>655.657</td><td>1280.78</td><td>101.566</td><td>1017</td></tr><tr><th>Average</th><td>0.321716</td><td>0.628448</td><td>0.049836</td><td>0.499019</td></tr><tr><th>Non zeros</th><td>2038</td><td>1952</td><td>707</td><td>1569</td></tr><tr><th>Non zeros average</th><td>0.321716</td><td>0.656136</td><td>0.143657</td><td>0.648184</td></tr><tr><th>Minimum</th><td>1.03082e-08</td><td>0</td><td>0</td><td>-1</td></tr><tr><th>Maximum</th><td>1</td><td>1</td><td>0.998938</td><td>2</td></tr></table><h2>Detailed records</h2><table border='1'>
<tr><th>Row</th><th>01 Prob. PT</th><th>02 Prob. PM</th><th>03 Prob. SM</th><th>Choice</th></tr><tr><td>1</td><td>1</td><td>0</td><td>0</td><td>0</td></tr><tr><td>2</td><td>0.16991</td><td>0.790873</td><td>0.0392176</td><td>1</td></tr><tr><td>3</td><td>0.293023</td><td>0.706977</td><td>0</td><td>1</td></tr><tr><td>4</td><td>0.0403005</td><td>0.959699</td><td>0</td><td>1</td></tr><tr><td>5</td><td>0.21213</td><td>0.787869</td><td>3.7912e-07</td><td>1</td></tr><tr><td>6</td><td>0.0272917</td><td>0.969871</td><td>0.00283747</td><td>1</td></tr><tr><td>7</td><td>0.270145</td><td>0.729855</td><td>0</td><td>1</td></tr><tr><td>8</td><td>0.831697</td><td>0.168303</td><td>0</td><td>0</td></tr><tr><td>9</td><td>0.113071</td><td>0.827122</td><td>0.0598075</td><td>1</td></tr><tr><td>10</td><td>0.0134503</td><td>0.98655</td><td>0</td><td>1</td></tr><tr><td>11</td><td>0.187517</td><td>0.807078</td><td>0.00540529</td><td>-1</td></tr><tr><td>12</td><td>0.0945488</td><td>0.905451</td><td>0</td><td>1</td></tr><tr><td>13</td><td>0.206561</td><td>0.762919</td><td>0.0305206</td><td>1</td></tr><tr><td>14</td><td>0.131067</td><td>0.783278</td><td>0.0856547</td><td>1</td></tr><tr><td>15</td><td>0.487216</td><td>0.512784</td><td>0</td><td>1</td></tr><tr><td>16</td><td>0.0748294</td><td>0.526657</td><td>0.398513</td><td>2</td></tr><tr><td>17</td><td>0.145953</td><td>0.854047</td><td>0</td><td>0</td></tr><tr><td>18</td><td>0.247522</td><td>0.752478</td><td>0</td><td>1</td></tr><tr><td>19</td><td>0.596108</td><td>0.383392</td><td>0.0204995</td><td>-1</td></tr><tr><td>20</td><td>0.0687462</td><td>0.931254</td><td>0</td><td>1</td></tr><tr><td>21</td><td>0.935129</td><td>0.0648706</td><td>1.98344e-48</td><td>0</td></tr><tr><td>22</td><td>0.732881</td><td>0.267119</td><td>1.43772e-13</td><td>0</td></tr><tr><td>23</td><td>0.202914</td><td>0.797086</td><td>0</td><td>-1</td></tr><tr><td>24</td><td>0.462245</td><td>0.537755</td><td>0</td><td>1</td></tr><tr><td>25</td><td>0.861629</td><td>0.138371</td><td>0</td><td>0</td></tr><tr><td>26</td><td>0.0189466</td><td>0.981053</td><td>0</td><td>-1</td></tr><tr><td>27</td><td>0.861516</td><td>0.138484</td><td>0</td><td>0</td></tr><tr><td>28</td><td>0.0666584</td><td>0.523841</td><td>0.4095</td><td>2</td></tr><tr><td>29</td><td>0.0683727</td><td>0.931627</td><td>1.97384e-13</td><td>-1</td></tr><tr><td>30</td><td>0.659222</td><td>0.340778</td><td>0</td><td>1</td></tr><tr><td>31</td><td>0.125467</td><td>0.497673</td><td>0.376861</td><td>1</td></tr><tr><td>32</td><td>0.0178806</td><td>0.982119</td><td>0</td><td>1</td></tr><tr><td>33</td><td>0.290785</td><td>0.709215</td><td>0</td><td>0</td></tr><tr><td>34</td><td>0.903594</td><td>0.0964064</td><td>0</td><td>1</td></tr><tr><td>35</td><td>0.265722</td><td>0.734278</td><td>0</td><td>-1</td></tr><tr><td>36</td><td>0.645827</td><td>0.354173</td><td>0</td><td>0</td></tr><tr><td>37</td><td>0.377983</td><td>0.622017</td><td>0</td><td>0</td></tr><tr><td>38</td><td>0.41614</td><td>0.545598</td><td>0.0382617</td><td>0</td></tr><tr><td>39</td><td>0.120555</td><td>0.879445</td><td>0</td><td>1</td></tr><tr><td>40</td><td>0.0876821</td><td>0.912318</td><td>0</td><td>-1</td></tr><tr><td>41</td><td>0.209998</td><td>0.790002</td><td>0</td><td>1</td></tr><tr><td>42</td><td>0.244967</td><td>0.755033</td><td>0</td><td>1</td></tr><tr><td>43</td><td>0.0344025</td><td>0.965597</td><td>0</td><td>-1</td></tr><tr><td>44</td><td>0.00550376</td><td>0.994496</td><td>0</td><td>-1</td></tr><tr><td>45</td><td>0.188041</td><td>0.811959</td><td>0</td><td>0</td></tr><tr><td>46</td><td>0.00219469</td><td>0.997805</td><td>0</td><td>1</td></tr><tr><td>47</td><td>1</td><td>0</td><td>0</td><td>0</td></tr><tr><td>48</td><td>0.0290076</td><td>0.970992</td><td>0</td><td>1</td></tr><tr><td>49</td><td>0.0290803</td><td>0.97092</td><td>0</td><td>1</td></tr><tr><td>50</td><td>0.00927834</td><td>0.990722</td><td>0</td><td>1</td></tr><tr><td>51</td><td>0.159471</td><td>0.840529</td><td>0</td><td>1</td></tr><tr><td>52</td><td>0.959351</td><td>0.0406489</td><td>0</td><td>0</td></tr><tr><td>53</td><td>0.0524931</td><td>0.947507</td><td>0</td><td>1</td></tr><tr><td>54</td><td>1</td><td>0</td><td>0</td><td>0</td></tr><tr><td>55</td><td>0.939898</td><td>0.0601016</td><td>0</td><td>-1</td></tr><tr><td>56</td><td>0.157587</td><td>0.842413</td><td>0</td><td>1</td></tr><tr><td>57</td><td>0.0932589</td><td>0.906741</td><td>0</td><td>2</td></tr><tr><td>58</td><td>0.644877</td><td>0.355123</td><td>0</td><td>-1</td></tr><tr><td>59</td><td>0.00312661</td><td>0.680031</td><td>0.316842</td><td>1</td></tr><tr><td>60</td><td>0.596714</td><td>0.401886</td><td>0.0013996</td><td>1</td></tr><tr><td>61</td><td>0.098772</td><td>0.85174</td><td>0.0494876</td><td>-1</td></tr><tr><td>62</td><td>0.0314112</td><td>0.327525</td><td>0.641064</td><td>2</td></tr><tr><td>63</td><td>0.0171195</td><td>0.514174</td><td>0.468707</td><td>1</td></tr><tr><td>64</td><td>0.0841387</td><td>0.915861</td><td>0</td><td>1</td></tr><tr><td>65</td><td>0.204296</td><td>0.795704</td><td>0</td><td>1</td></tr><tr><td>66</td><td>0.0568455</td><td>0.681096</td><td>0.262059</td><td>2</td></tr><tr><td>67</td><td>0.0182438</td><td>0.588841</td><td>0.392915</td><td>1</td></tr><tr><td>68</td><td>0.256896</td><td>0.638085</td><td>0.105018</td><td>2</td></tr><tr><td>69</td><td>0.625537</td><td>0.374463</td><td>0</td><td>1</td></tr><tr><td>70</td><td>0.459661</td><td>0.540339</td><td>0</td><td>1</td></tr><tr><td>71</td><td>0.126742</td><td>0.873258</td><td>0</td><td>2</td></tr><tr><td>72</td><td>0.406364</td><td>0.593636</td><td>0</td><td>-1</td></tr><tr><td>73</td><td>0.0389919</td><td>0.961008</td><td>0</td><td>1</td></tr><tr><td>74</td><td>0.218517</td><td>0.434303</td><td>0.347179</td><td>2</td></tr><tr><td>75</td><td>0.276688</td><td>0.418139</td><td>0.305173</td><td>1</td></tr><tr><td>76</td><td>0.0875846</td><td>0.912415</td><td>0</td><td>0</td></tr><tr><td>77</td><td>0.0146423</td><td>0.258954</td><td>0.726403</td><td>1</td></tr><tr><td>78</td><td>0.00900382</td><td>0.990996</td><td>0</td><td>1</td></tr><tr><td>79</td><td>0.133397</td><td>0.803031</td><td>0.0635716</td><td>1</td></tr><tr><td>80</td><td>0.112552</td><td>0.842039</td><td>0.045409</td><td>1</td></tr><tr><td>81</td><td>0.0253076</td><td>0.974692</td><td>0</td><td>1</td></tr><tr><td>82</td><td>0.407069</td><td>0.592931</td><td>0</td><td>0</td></tr><tr><td>83</td><td>0.203897</td><td>0.796103</td><td>0</td><td>-1</td></tr><tr><td>84</td><td>0.30263</td><td>0.668921</td><td>0.0284489</td><td>1</td></tr><tr><td>85</td><td>0.0190991</td><td>0.980901</td><td>0</td><td>1</td></tr><tr><td>86</td><td>0.226384</td><td>0.745166</td><td>0.0284502</td><td>-1</td></tr><tr><td>87</td><td>0.434206</td><td>0.565794</td><td>0</td><td>1</td></tr><tr><td>88</td><td>0.698401</td><td>0.300569</td><td>0.00103046</td><td>0</td></tr><tr><td>89</td><td>0.706522</td><td>0.293478</td><td>0</td><td>0</td></tr><tr><td>90</td><td>0.224804</td><td>0.775196</td><td>0</td><td>1</td></tr><tr><td>91</td><td>0.710711</td><td>0.289289</td><td>0</td><td>0</td></tr><tr><td>92</td><td>0.0233758</td><td>0.976624</td><td>2.8723e-32</td><td>0</td></tr><tr><td>93</td><td>0.00647227</td><td>0.993528</td><td>0</td><td>1</td></tr><tr><td>94</td><td>0.448323</td><td>0.551677</td><td>0</td><td>-1</td></tr><tr><td>95</td><td>0.394055</td><td>0.528415</td><td>0.0775296</td><td>1</td></tr><tr><td>96</td><td>0.028924</td><td>0.971076</td><td>0</td><td>1</td></tr><tr><td>97</td><td>0.966185</td><td>0.0338147</td><td>0</td><td>0</td></tr><tr><td>98</td><td>0.102441</td><td>0.897559</td><td>0</td><td>1</td></tr><tr><td>99</td><td>0.374243</td><td>0.625757</td><td>0</td><td>1</td></tr><tr><td>100</td><td>0.946195</td><td>0</td><td>0.0538054</td><td>-1</td></tr><tr><td>101</td><td>0.616351</td><td>0.383027</td><td>0.000621919</td><td>0</td></tr><tr><td>102</td><td>0.880396</td><td>0.119604</td><td>0</td><td>0</td></tr><tr><td>103</td><td>0.0575129</td><td>0.495473</td><td>0.447014</td><td>2</td></tr><tr><td>104</td><td>0.160944</td><td>0.839056</td><td>0</td><td>1</td></tr><tr><td>105</td><td>0.542512</td><td>0.457488</td><td>0</td><td>0</td></tr><tr><td>106</td><td>0.000167042</td><td>0.999833</td><td>2.60497e-75</td><td>1</td></tr><tr><td>107</td><td>0.261595</td><td>0.625035</td><td>0.11337</td><td>1</td></tr><tr><td>108</td><td>0.108605</td><td>0.891109</td><td>0.000285754</td><td>0</td></tr><tr><td>109</td><td>0.0716235</td><td>0.928376</td><td>2.20841e-23</td><td>-1</td></tr><tr><td>110</td><td>0.985203</td><td>0.0147968</td><td>5.23618e-69</td><td>-1</td></tr><tr><td>111</td><td>0.783632</td><td>0.216368</td><td>0</td><td>0</td></tr><tr><td>112</td><td>0.567114</td><td>0.432886</td><td>0</td><td>0</td></tr><tr><td>113</td><td>0.788855</td><td>0.211145</td><td>0</td><td>1</td></tr><tr><td>114</td><td>0.0061606</td><td>0.993732</td><td>0.000107353</td><td>1</td></tr><tr><td>115</td><td>0.144248</td><td>0.855752</td><td>5.92599e-08</td><td>1</td></tr><tr><td>116</td><td>0.0864402</td><td>0.913539</td><td>2.04015e-05</td><td>1</td></tr><tr><td>117</td><td>0.74295</td><td>0.25705</td><td>0</td><td>1</td></tr><tr><td>118</td><td>0.969107</td><td>0.0308933</td><td>0</td><td>-1</td></tr><tr><td>119</td><td>0.329996</td><td>0.670004</td><td>0</td><td>-1</td></tr><tr><td>120</td><td>0.221122</td><td>0.723574</td><td>0.0553034</td><td>1</td></tr><tr><td>121</td><td>0.227945</td><td>0.772055</td><td>0</td><td>1</td></tr><tr><td>122</td><td>0.87887</td><td>0.12113</td><td>0</td><td>0</td></tr><tr><td>123</td><td>0.23286</td><td>0.76714</td><td>0</td><td>1</td></tr><tr><td>124</td><td>0.126006</td><td>0.873994</td><td>0</td><td>1</td></tr><tr><td>125</td><td>0.284661</td><td>0.715339</td><td>1.59889e-09</td><td>1</td></tr><tr><td>126</td><td>0.0764389</td><td>0.923561</td><td>0</td><td>1</td></tr><tr><td>127</td><td>0.592961</td><td>0.407039</td><td>0</td><td>1</td></tr><tr><td>128</td><td>0.264887</td><td>0.555015</td><td>0.180098</td><td>1</td></tr><tr><td>129</td><td>0.229245</td><td>0.770755</td><td>0</td><td>1</td></tr><tr><td>130</td><td>0.909156</td><td>0.0908441</td><td>0</td><td>0</td></tr><tr><td>131</td><td>0.0237345</td><td>0.976266</td><td>0</td><td>-1</td></tr><tr><td>132</td><td>0.244626</td><td>0.755374</td><td>1.96316e-08</td><td>0</td></tr><tr><td>133</td><td>0.874688</td><td>0.125312</td><td>0</td><td>1</td></tr><tr><td>134</td><td>0.173322</td><td>0.754208</td><td>0.0724699</td><td>1</td></tr><tr><td>135</td><td>0.0131278</td><td>0.986872</td><td>0</td><td>1</td></tr><tr><td>136</td><td>0.300062</td><td>0.699938</td><td>0</td><td>1</td></tr><tr><td>137</td><td>0.109589</td><td>0.53577</td><td>0.354641</td><td>2</td></tr><tr><td>138</td><td>0.308504</td><td>0.691496</td><td>0</td><td>0</td></tr><tr><td>139</td><td>0.166886</td><td>0.833114</td><td>1.16403e-18</td><td>1</td></tr><tr><td>140</td><td>0.0454109</td><td>0.954589</td><td>0</td><td>1</td></tr><tr><td>141</td><td>0.0916636</td><td>0.908336</td><td>0</td><td>1</td></tr><tr><td>142</td><td>0.937483</td><td>0.0625174</td><td>0</td><td>-1</td></tr><tr><td>143</td><td>0.98426</td><td>0</td><td>0.0157403</td><td>0</td></tr><tr><td>144</td><td>0.706024</td><td>0.293976</td><td>0</td><td>0</td></tr><tr><td>145</td><td>0.263125</td><td>0.736875</td><td>0</td><td>-1</td></tr><tr><td>146</td><td>1.03082e-08</td><td>1</td><td>0</td><td>1</td></tr><tr><td>147</td><td>0.250717</td><td>0.749283</td><td>0</td><td>1</td></tr><tr><td>148</td><td>0.578779</td><td>0.421221</td><td>0</td><td>0</td></tr><tr><td>149</td><td>0.0801764</td><td>0.919824</td><td>2.47148e-20</td><td>1</td></tr><tr><td>150</td><td>0.167854</td><td>0.832146</td><td>0</td><td>1</td></tr><tr><td>151</td><td>0.94682</td><td>0.0531795</td><td>0</td><td>0</td></tr><tr><td>152</td><td>1</td><td>0</td><td>0</td><td>0</td></tr><tr><td>153</td><td>9.76633e-06</td><td>0.99999</td><td>0</td><td>1</td></tr><tr><td>154</td><td>0.433556</td><td>0.566444</td><td>0</td><td>-1</td></tr><tr><td>155</td><td>0.116823</td><td>0.883177</td><td>0</td><td>-1</td></tr><tr><td>156</td><td>0.697026</td><td>0.302974</td><td>0</td><td>0</td></tr><tr><td>157</td><td>0.448474</td><td>0.480159</td><td>0.0713676</td><td>1</td></tr><tr><td>158</td><td>0.172175</td><td>0.827825</td><td>0</td><td>1</td></tr><tr><td>159</td><td>0.360523</td><td>0.622747</td><td>0.01673</td><td>0</td></tr><tr><td>160</td><td>0.196661</td><td>0.793043</td><td>0.0102953</td><td>-1</td></tr><tr><td>161</td><td>0.767997</td><td>0.232003</td><td>0</td><td>0</td></tr><tr><td>162</td><td>0.771686</td><td>0.228314</td><td>0</td><td>0</td></tr><tr><td>163</td><td>0.472869</td><td>0.527131</td><td>0</td><td>-1</td></tr><tr><td>164</td><td>0.722824</td><td>0.277176</td><td>0</td><td>0</td></tr><tr><td>165</td><td>0.134099</td><td>0.865901</td><td>0</td><td>0</td></tr><tr><td>166</td><td>0.334435</td><td>0.665565</td><td>1.02994e-13</td><td>0</td></tr><tr><td>167</td><td>0.436765</td><td>0.563235</td><td>0</td><td>0</td></tr><tr><td>168</td><td>0.000919604</td><td>0.99908</td><td>0</td><td>1</td></tr><tr><td>169</td><td>0.590902</td><td>0.409098</td><td>0</td><td>0</td></tr><tr><td>170</td><td>0.104708</td><td>0.801193</td><td>0.0940995</td><td>1</td></tr><tr><td>171</td><td>0.071475</td><td>0.262641</td><td>0.665884</td><td>2</td></tr><tr><td>172</td><td>0.1688</td><td>0.8312</td><td>0</td><td>1</td></tr><tr><td>173</td><td>0.254129</td><td>0.745871</td><td>0</td><td>1</td></tr><tr><td>174</td><td>0.554947</td><td>0.441109</td><td>0.00394364</td><td>0</td></tr><tr><td>175</td><td>0.226962</td><td>0.773038</td><td>0</td><td>2</td></tr><tr><td>176</td><td>0.0542311</td><td>0.945769</td><td>0</td><td>1</td></tr><tr><td>177</td><td>0.145099</td><td>0.854901</td><td>0</td><td>1</td></tr><tr><td>178</td><td>1</td><td>0</td><td>0</td><td>0</td></tr><tr><td>179</td><td>0.470202</td><td>0.529798</td><td>0</td><td>-1</td></tr><tr><td>180</td><td>0.944557</td><td>0.0554432</td><td>0</td><td>0</td></tr><tr><td>181</td><td>0.0429557</td><td>0.957044</td><td>0</td><td>1</td></tr><tr><td>182</td><td>0.411261</td><td>0.588739</td><td>0</td><td>-1</td></tr><tr><td>183</td><td>0.187036</td><td>0.739261</td><td>0.0737033</td><td>1</td></tr><tr><td>184</td><td>0.0638472</td><td>0.865546</td><td>0.0706069</td><td>1</td></tr><tr><td>185</td><td>0.275334</td><td>0.719971</td><td>0.00469504</td><td>1</td></tr><tr><td>186</td><td>0.256284</td><td>0.65435</td><td>0.0893661</td><td>1</td></tr><tr><td>187</td><td>0.201644</td><td>0.798356</td><td>0</td><td>1</td></tr><tr><td>188</td><td>0.226045</td><td>0.773842</td><td>0.000112459</td><td>1</td></tr><tr><td>189</td><td>0.23592</td><td>0.76408</td><td>0</td><td>1</td></tr><tr><td>190</td><td>0.415557</td><td>0.584443</td><td>0</td><td>1</td></tr><tr><td>191</td><td>0.999665</td><td>0.000335089</td><td>0</td><td>-1</td></tr><tr><td>192</td><td>1</td><td>0</td><td>1.38409e-48</td><td>-1</td></tr><tr><td>193</td><td>0.333772</td><td>0.666228</td><td>0</td><td>1</td></tr><tr><td>194</td><td>0.00490745</td><td>0.995093</td><td>0</td><td>1</td></tr><tr><td>195</td><td>0.0768701</td><td>0.92313</td><td>0</td><td>1</td></tr><tr><td>196</td><td>0.0765532</td><td>0.923447</td><td>0</td><td>1</td></tr><tr><td>197</td><td>0.296146</td><td>0.703854</td><td>0</td><td>1</td></tr><tr><td>198</td><td>0.574871</td><td>0.425129</td><td>0</td><td>-1</td></tr><tr><td>199</td><td>0.180895</td><td>0.819105</td><td>0</td><td>1</td></tr><tr><td>200</td><td>0.14588</td><td>0.804531</td><td>0.0495889</td><td>1</td></tr><tr><td>201</td><td>0.439412</td><td>0.560588</td><td>0</td><td>1</td></tr><tr><td>202</td><td>0.0152983</td><td>0.984702</td><td>0</td><td>1</td></tr><tr><td>203</td><td>0.377712</td><td>0.622288</td><td>0</td><td>1</td></tr><tr><td>204</td><td>0.718577</td><td>0.281174</td><td>0.000248495</td><td>0</td></tr><tr><td>205</td><td>0.750487</td><td>0.249513</td><td>0</td><td>0</td></tr><tr><td>206</td><td>0.340417</td><td>0.659583</td><td>0</td><td>1</td></tr><tr><td>207</td><td>0.257762</td><td>0.71838</td><td>0.0238585</td><td>1</td></tr><tr><td>208</td><td>0.296023</td><td>0.703977</td><td>0</td><td>1</td></tr><tr><td>209</td><td>0.0586248</td><td>0.28692</td><td>0.654455</td><td>2</td></tr><tr><td>210</td><td>0.159044</td><td>0.823162</td><td>0.0177937</td><td>1</td></tr><tr><td>211</td><td>0.272998</td><td>0.727002</td><td>0</td><td>1</td></tr><tr><td>212</td><td>0.0719921</td><td>0.928008</td><td>0</td><td>1</td></tr><tr><td>213</td><td>0.671714</td><td>0.328286</td><td>5.18168e-08</td><td>0</td></tr><tr><td>214</td><td>0.377688</td><td>0.622312</td><td>0</td><td>-1</td></tr><tr><td>215</td><td>0.365777</td><td>0.634223</td><td>0</td><td>1</td></tr><tr><td>216</td><td>0.0818876</td><td>0.918112</td><td>0</td><td>1</td></tr><tr><td>217</td><td>0.0908371</td><td>0.909047</td><td>0.000115605</td><td>-1</td></tr><tr><td>218</td><td>0.570134</td><td>0.429866</td><td>0</td><td>2</td></tr><tr><td>219</td><td>0.236208</td><td>0.763792</td><td>0</td><td>1</td></tr><tr><td>220</td><td>0.000434137</td><td>0.999566</td><td>1.75724e-14</td><td>1</td></tr><tr><td>221</td><td>0.0386687</td><td>0.959182</td><td>0.00214942</td><td>1</td></tr><tr><td>222</td><td>0.340984</td><td>0.659016</td><td>0</td><td>1</td></tr><tr><td>223</td><td>0.0483344</td><td>0.513651</td><td>0.438015</td><td>1</td></tr><tr><td>224</td><td>0.522635</td><td>0.477365</td><td>0</td><td>1</td></tr><tr><td>225</td><td>0.186453</td><td>0.813547</td><td>0</td><td>1</td></tr><tr><td>226</td><td>8.33606e-05</td><td>0.999917</td><td>0</td><td>1</td></tr><tr><td>227</td><td>0.662796</td><td>0.337204</td><td>2.66702e-17</td><td>0</td></tr><tr><td>228</td><td>0.00742156</td><td>0.992578</td><td>0</td><td>1</td></tr><tr><td>229</td><td>0.23025</td><td>0.70039</td><td>0.069361</td><td>1</td></tr><tr><td>230</td><td>0.195088</td><td>0.804912</td><td>1.61753e-07</td><td>1</td></tr><tr><td>231</td><td>1</td><td>0</td><td>1.21043e-17</td><td>0</td></tr><tr><td>232</td><td>4.1303e-05</td><td>0.999959</td><td>6.45977e-27</td><td>1</td></tr><tr><td>233</td><td>0.323405</td><td>0.672663</td><td>0.00393166</td><td>0</td></tr><tr><td>234</td><td>0.420376</td><td>0.579624</td><td>0</td><td>2</td></tr><tr><td>235</td><td>0.236571</td><td>0.763429</td><td>0</td><td>1</td></tr><tr><td>236</td><td>0.233784</td><td>0.766216</td><td>0</td><td>1</td></tr><tr><td>237</td><td>0.175689</td><td>0.824311</td><td>0</td><td>1</td></tr><tr><td>238</td><td>0.312055</td><td>0.687945</td><td>2.96264e-14</td><td>-1</td></tr><tr><td>239</td><td>0.420255</td><td>0.546564</td><td>0.0331818</td><td>1</td></tr><tr><td>240</td><td>0.458918</td><td>0.541082</td><td>2.33414e-07</td><td>0</td></tr><tr><td>241</td><td>0.852008</td><td>0.147992</td><td>0</td><td>-1</td></tr><tr><td>242</td><td>0.0333835</td><td>0.966617</td><td>0</td><td>-1</td></tr><tr><td>243</td><td>0.0776168</td><td>0.922383</td><td>0</td><td>-1</td></tr><tr><td>244</td><td>0.272372</td><td>0.727628</td><td>0</td><td>1</td></tr><tr><td>245</td><td>0.0122661</td><td>0.987734</td><td>3.39815e-17</td><td>1</td></tr><tr><td>246</td><td>0.168526</td><td>0.831474</td><td>0</td><td>0</td></tr><tr><td>247</td><td>0.0485658</td><td>0.898578</td><td>0.0528566</td><td>1</td></tr><tr><td>248</td><td>0.846762</td><td>0.153238</td><td>0</td><td>0</td></tr><tr><td>249</td><td>0.116863</td><td>0.86498</td><td>0.0181576</td><td>-1</td></tr><tr><td>250</td><td>0.401116</td><td>0.598884</td><td>0</td><td>1</td></tr><tr><td>251</td><td>0.212974</td><td>0.648139</td><td>0.138887</td><td>1</td></tr><tr><td>252</td><td>0.00185488</td><td>0.998145</td><td>0</td><td>1</td></tr><tr><td>253</td><td>0.103804</td><td>0.301975</td><td>0.594221</td><td>1</td></tr><tr><td>254</td><td>0.104386</td><td>0.831112</td><td>0.0645019</td><td>1</td></tr><tr><td>255</td><td>0.232856</td><td>0.255093</td><td>0.512051</td><td>2</td></tr><tr><td>256</td><td>0.317334</td><td>0.682666</td><td>0</td><td>1</td></tr><tr><td>257</td><td>0.187645</td><td>0.812254</td><td>0.000100068</td><td>1</td></tr><tr><td>258</td><td>0.000488256</td><td>0.999512</td><td>0</td><td>1</td></tr><tr><td>259</td><td>0.314933</td><td>0.685067</td><td>0</td><td>0</td></tr><tr><td>260</td><td>0.0455968</td><td>0.609991</td><td>0.344412</td><td>1</td></tr><tr><td>261</td><td>0.389554</td><td>0.610446</td><td>0</td><td>1</td></tr><tr><td>262</td><td>0.00414112</td><td>0.995859</td><td>5.1399e-12</td><td>1</td></tr><tr><td>263</td><td>1</td><td>0</td><td>1.92503e-52</td><td>-1</td></tr><tr><td>264</td><td>0.842474</td><td>0.157526</td><td>0</td><td>0</td></tr><tr><td>265</td><td>0.327182</td><td>0.599443</td><td>0.0733751</td><td>1</td></tr><tr><td>266</td><td>0.0121434</td><td>0.987857</td><td>0</td><td>1</td></tr><tr><td>267</td><td>0.448948</td><td>0.543232</td><td>0.00782004</td><td>1</td></tr><tr><td>268</td><td>0.0910874</td><td>0.908913</td><td>0</td><td>1</td></tr><tr><td>269</td><td>0.576629</td><td>0.423371</td><td>0</td><td>0</td></tr><tr><td>270</td><td>0.468485</td><td>0.531515</td><td>0</td><td>1</td></tr><tr><td>271</td><td>0.052665</td><td>0.347927</td><td>0.599408</td><td>-1</td></tr><tr><td>272</td><td>0.00946891</td><td>0.990531</td><td>0</td><td>-1</td></tr><tr><td>273</td><td>0.934549</td><td>0.0654512</td><td>0</td><td>0</td></tr><tr><td>274</td><td>0.651643</td><td>0.348357</td><td>0</td><td>1</td></tr><tr><td>275</td><td>0.276853</td><td>0.723147</td><td>0</td><td>1</td></tr><tr><td>276</td><td>0.946337</td><td>0.0536627</td><td>0</td><td>0</td></tr><tr><td>277</td><td>0.0943291</td><td>0.905671</td><td>0</td><td>1</td></tr><tr><td>278</td><td>0.665374</td><td>0.334626</td><td>0</td><td>-1</td></tr><tr><td>279</td><td>0.999434</td><td>0.000566367</td><td>0</td><td>-1</td></tr><tr><td>280</td><td>0.29588</td><td>0.70412</td><td>0</td><td>1</td></tr><tr><td>281</td><td>0.170874</td><td>0.829126</td><td>0</td><td>1</td></tr><tr><td>282</td><td>0.0210519</td><td>0.978948</td><td>0</td><td>-1</td></tr><tr><td>283</td><td>0.0869729</td><td>0.669199</td><td>0.243828</td><td>-1</td></tr><tr><td>284</td><td>0.191722</td><td>0.502512</td><td>0.305766</td><td>1</td></tr><tr><td>285</td><td>0.212893</td><td>0.786351</td><td>0.000756308</td><td>1</td></tr><tr><td>286</td><td>0.359463</td><td>0.640537</td><td>2.40936e-11</td><td>1</td></tr><tr><td>287</td><td>0.457721</td><td>0.542279</td><td>0</td><td>1</td></tr><tr><td>288</td><td>0.0206906</td><td>0.979309</td><td>0</td><td>-1</td></tr><tr><td>289</td><td>0.162422</td><td>0.837578</td><td>0</td><td>1</td></tr><tr><td>290</td><td>0.165066</td><td>0.416977</td><td>0.417957</td><td>2</td></tr><tr><td>291</td><td>0.169489</td><td>0.830511</td><td>0</td><td>1</td></tr><tr><td>292</td><td>0.310787</td><td>0.689213</td><td>0</td><td>1</td></tr><tr><td>293</td><td>0.00124209</td><td>0.998758</td><td>5.90597e-09</td><td>1</td></tr><tr><td>294</td><td>0.397836</td><td>0.602164</td><td>0</td><td>1</td></tr><tr><td>295</td><td>0.715422</td><td>0.284578</td><td>0</td><td>1</td></tr><tr><td>296</td><td>0.242475</td><td>0.736382</td><td>0.0211434</td><td>-1</td></tr><tr><td>297</td><td>0.254206</td><td>0.745794</td><td>0</td><td>1</td></tr><tr><td>298</td><td>0.465131</td><td>0.534869</td><td>0</td><td>1</td></tr><tr><td>299</td><td>0.0020381</td><td>0.997962</td><td>0</td><td>1</td></tr><tr><td>300</td><td>0.217279</td><td>0.782721</td><td>0</td><td>1</td></tr><tr><td>301</td><td>0.44294</td><td>0.55706</td><td>0</td><td>1</td></tr><tr><td>302</td><td>0.390264</td><td>0.548424</td><td>0.0613127</td><td>1</td></tr><tr><td>303</td><td>0.082841</td><td>0.917159</td><td>0</td><td>1</td></tr><tr><td>304</td><td>0.484436</td><td>0.515564</td><td>0</td><td>0</td></tr><tr><td>305</td><td>0.211455</td><td>0.788545</td><td>0</td><td>0</td></tr><tr><td>306</td><td>0.0494593</td><td>0.950541</td><td>0</td><td>1</td></tr><tr><td>307</td><td>0.0497149</td><td>0.919211</td><td>0.0310745</td><td>1</td></tr><tr><td>308</td><td>0.300474</td><td>0.699526</td><td>0</td><td>0</td></tr><tr><td>309</td><td>0.463889</td><td>0.536111</td><td>0</td><td>0</td></tr><tr><td>310</td><td>0.175042</td><td>0.824958</td><td>0</td><td>1</td></tr><tr><td>311</td><td>0.57079</td><td>0.42921</td><td>0</td><td>0</td></tr><tr><td>312</td><td>0.269194</td><td>0.730806</td><td>0</td><td>1</td></tr><tr><td>313</td><td>0.7363</td><td>0.2637</td><td>0</td><td>0</td></tr><tr><td>314</td><td>0.337898</td><td>0.662102</td><td>0</td><td>1</td></tr><tr><td>315</td><td>0.0534331</td><td>0.946567</td><td>0</td><td>-1</td></tr><tr><td>316</td><td>0.308127</td><td>0.612205</td><td>0.0796674</td><td>1</td></tr><tr><td>317</td><td>1</td><td>0</td><td>0</td><td>0</td></tr><tr><td>318</td><td>0.0216609</td><td>0.341632</td><td>0.636708</td><td>2</td></tr><tr><td>319</td><td>0.353375</td><td>0.646625</td><td>0</td><td>-1</td></tr><tr><td>320</td><td>0.028569</td><td>0.27301</td><td>0.698421</td><td>2</td></tr><tr><td>321</td><td>0.0238699</td><td>0.97613</td><td>9.0136e-08</td><td>1</td></tr><tr><td>322</td><td>0.340219</td><td>0.659781</td><td>0</td><td>1</td></tr><tr><td>323</td><td>1</td><td>0</td><td>0</td><td>-1</td></tr><tr><td>324</td><td>0.00882533</td><td>0.991175</td><td>0</td><td>1</td></tr><tr><td>325</td><td>0.00882048</td><td>0.99118</td><td>0</td><td>1</td></tr><tr><td>326</td><td>0.0180221</td><td>0.981978</td><td>0</td><td>1</td></tr><tr><td>327</td><td>0.029458</td><td>0.970542</td><td>0</td><td>-1</td></tr><tr><td>328</td><td>0.647856</td><td>0.352144</td><td>0</td><td>1</td></tr><tr><td>329</td><td>0.94682</td><td>0.0531795</td><td>0</td><td>0</td></tr><tr><td>330</td><td>0.242959</td><td>0.757041</td><td>0</td><td>1</td></tr><tr><td>331</td><td>0.0245546</td><td>0.834989</td><td>0.140456</td><td>1</td></tr><tr><td>332</td><td>0.529937</td><td>0.470063</td><td>0</td><td>1</td></tr><tr><td>333</td><td>0.712673</td><td>0.287327</td><td>0</td><td>0</td></tr><tr><td>334</td><td>0.117461</td><td>0.882539</td><td>0</td><td>1</td></tr><tr><td>335</td><td>0.103875</td><td>0.896125</td><td>0</td><td>1</td></tr><tr><td>336</td><td>0.115234</td><td>0.884766</td><td>0</td><td>1</td></tr><tr><td>337</td><td>0.155431</td><td>0.676081</td><td>0.168488</td><td>1</td></tr><tr><td>338</td><td>0.50815</td><td>0.49185</td><td>0</td><td>1</td></tr><tr><td>339</td><td>0.341962</td><td>0.658038</td><td>0</td><td>1</td></tr><tr><td>340</td><td>0.736928</td><td>0.263072</td><td>0</td><td>0</td></tr><tr><td>341</td><td>0.19987</td><td>0.80013</td><td>0</td><td>1</td></tr><tr><td>342</td><td>0.732056</td><td>0.267944</td><td>4.98546e-18</td><td>-1</td></tr><tr><td>343</td><td>0.528736</td><td>0.471264</td><td>0</td><td>1</td></tr><tr><td>344</td><td>0.477637</td><td>0.522363</td><td>0</td><td>1</td></tr><tr><td>345</td><td>0.849401</td><td>0.150599</td><td>0</td><td>-1</td></tr><tr><td>346</td><td>0.143917</td><td>0.77334</td><td>0.0827423</td><td>0</td></tr><tr><td>347</td><td>0.362426</td><td>0.614974</td><td>0.0226003</td><td>1</td></tr><tr><td>348</td><td>0.273953</td><td>0.72133</td><td>0.00471684</td><td>1</td></tr><tr><td>349</td><td>0.330258</td><td>0.583085</td><td>0.0866576</td><td>1</td></tr><tr><td>350</td><td>0.229644</td><td>0.770356</td><td>0</td><td>1</td></tr><tr><td>351</td><td>0.962852</td><td>0.0371484</td><td>0</td><td>0</td></tr><tr><td>352</td><td>0.0794081</td><td>0.735622</td><td>0.18497</td><td>1</td></tr><tr><td>353</td><td>4.13228e-05</td><td>0.999959</td><td>4.73649e-08</td><td>-1</td></tr><tr><td>354</td><td>0.108793</td><td>0.780447</td><td>0.11076</td><td>1</td></tr><tr><td>355</td><td>0.334694</td><td>0.614095</td><td>0.0512115</td><td>0</td></tr><tr><td>356</td><td>0.0855579</td><td>0.914423</td><td>1.89906e-05</td><td>1</td></tr><tr><td>357</td><td>0.115906</td><td>0.884094</td><td>0</td><td>1</td></tr><tr><td>358</td><td>0.546226</td><td>0.453774</td><td>0</td><td>1</td></tr><tr><td>359</td><td>0.55107</td><td>0.44893</td><td>0</td><td>-1</td></tr><tr><td>360</td><td>0.429806</td><td>0.570194</td><td>0</td><td>1</td></tr><tr><td>361</td><td>0.292593</td><td>0.707407</td><td>0</td><td>-1</td></tr><tr><td>362</td><td>0.049896</td><td>0.950104</td><td>0</td><td>1</td></tr><tr><td>363</td><td>0.124279</td><td>0.875721</td><td>9.71088e-55</td><td>1</td></tr><tr><td>364</td><td>0.113159</td><td>0.886841</td><td>0</td><td>1</td></tr><tr><td>365</td><td>0.205058</td><td>0.794942</td><td>7.19692e-23</td><td>0</td></tr><tr><td>366</td><td>0.089307</td><td>0.910693</td><td>0</td><td>1</td></tr><tr><td>367</td><td>0.243456</td><td>0.756316</td><td>0.00022745</td><td>-1</td></tr><tr><td>368</td><td>0.00956796</td><td>0.990432</td><td>0</td><td>1</td></tr><tr><td>369</td><td>0.00588125</td><td>0.994119</td><td>0</td><td>1</td></tr><tr><td>370</td><td>0.096054</td><td>0.902391</td><td>0.0015547</td><td>1</td></tr><tr><td>371</td><td>0.0575773</td><td>0.907643</td><td>0.0347796</td><td>1</td></tr><tr><td>372</td><td>0.199428</td><td>0.800572</td><td>0</td><td>1</td></tr><tr><td>373</td><td>0.167888</td><td>0.832112</td><td>0</td><td>-1</td></tr><tr><td>374</td><td>0.188546</td><td>0.811454</td><td>0</td><td>-1</td></tr><tr><td>375</td><td>0.00195189</td><td>0.998048</td><td>0</td><td>1</td></tr><tr><td>376</td><td>0.0661258</td><td>0.867017</td><td>0.0668574</td><td>-1</td></tr><tr><td>377</td><td>0.476196</td><td>0.523804</td><td>0</td><td>0</td></tr><tr><td>378</td><td>0.206304</td><td>0.793696</td><td>0</td><td>1</td></tr><tr><td>379</td><td>0.393585</td><td>0.606415</td><td>0</td><td>1</td></tr><tr><td>380</td><td>0.0696063</td><td>0.930394</td><td>0</td><td>1</td></tr><tr><td>381</td><td>0.278881</td><td>0.721119</td><td>0</td><td>1</td></tr><tr><td>382</td><td>0.116863</td><td>0.86498</td><td>0.0181576</td><td>1</td></tr><tr><td>383</td><td>0.530257</td><td>0.469743</td><td>0</td><td>1</td></tr><tr><td>384</td><td>0.175753</td><td>0.824247</td><td>0</td><td>1</td></tr><tr><td>385</td><td>0.89029</td><td>0.10971</td><td>0</td><td>0</td></tr><tr><td>386</td><td>0.404398</td><td>0.595602</td><td>0</td><td>1</td></tr><tr><td>387</td><td>0.0204681</td><td>0.979532</td><td>0</td><td>1</td></tr><tr><td>388</td><td>0.0760482</td><td>0.923952</td><td>0</td><td>-1</td></tr><tr><td>389</td><td>0.000127363</td><td>0.999873</td><td>0</td><td>1</td></tr><tr><td>390</td><td>0.00477738</td><td>0.995223</td><td>0</td><td>1</td></tr><tr><td>391</td><td>0.202948</td><td>0.797052</td><td>0</td><td>-1</td></tr><tr><td>392</td><td>0.101983</td><td>0.898017</td><td>2.73813e-08</td><td>1</td></tr><tr><td>393</td><td>0.315267</td><td>0.684733</td><td>0</td><td>1</td></tr><tr><td>394</td><td>0.209672</td><td>0.463777</td><td>0.326551</td><td>2</td></tr><tr><td>395</td><td>0.61211</td><td>0.38789</td><td>0</td><td>1</td></tr><tr><td>396</td><td>0.332912</td><td>0.667088</td><td>0</td><td>1</td></tr><tr><td>397</td><td>0.425423</td><td>0.574577</td><td>0</td><td>1</td></tr><tr><td>398</td><td>0.158629</td><td>0.841371</td><td>0</td><td>1</td></tr><tr><td>399</td><td>0.100489</td><td>0.899511</td><td>0</td><td>1</td></tr><tr><td>400</td><td>0.202145</td><td>0.763293</td><td>0.0345618</td><td>1</td></tr><tr><td>401</td><td>0.112588</td><td>0.83539</td><td>0.052022</td><td>0</td></tr><tr><td>402</td><td>0.277814</td><td>0.688523</td><td>0.0336623</td><td>2</td></tr><tr><td>403</td><td>0.162755</td><td>0.837245</td><td>0</td><td>1</td></tr><tr><td>404</td><td>0.464205</td><td>0.535795</td><td>0</td><td>-1</td></tr><tr><td>405</td><td>0.151475</td><td>0.848525</td><td>0</td><td>1</td></tr><tr><td>406</td><td>0.0109454</td><td>0.989055</td><td>0</td><td>1</td></tr><tr><td>407</td><td>0.0835247</td><td>0.916475</td><td>0</td><td>1</td></tr><tr><td>408</td><td>0.0482928</td><td>0.951707</td><td>0</td><td>1</td></tr><tr><td>409</td><td>0.168467</td><td>0.831529</td><td>4.47624e-06</td><td>1</td></tr><tr><td>410</td><td>0.00754544</td><td>0.992455</td><td>0</td><td>1</td></tr><tr><td>411</td><td>0.355797</td><td>0.644203</td><td>0</td><td>1</td></tr><tr><td>412</td><td>0.432481</td><td>0.567519</td><td>0</td><td>1</td></tr><tr><td>413</td><td>0.308154</td><td>0.659694</td><td>0.0321522</td><td>1</td></tr><tr><td>414</td><td>0.473321</td><td>0.526679</td><td>0</td><td>1</td></tr><tr><td>415</td><td>0.0106337</td><td>0.989366</td><td>0</td><td>1</td></tr><tr><td>416</td><td>0.155593</td><td>0.844407</td><td>0</td><td>1</td></tr><tr><td>417</td><td>0.772091</td><td>0.227909</td><td>0</td><td>-1</td></tr><tr><td>418</td><td>0.363843</td><td>0.636157</td><td>0</td><td>0</td></tr><tr><td>419</td><td>0.128788</td><td>0.871212</td><td>0</td><td>-1</td></tr><tr><td>420</td><td>0.0628285</td><td>0.664143</td><td>0.273028</td><td>2</td></tr><tr><td>421</td><td>1</td><td>0</td><td>0</td><td>0</td></tr><tr><td>422</td><td>0.325077</td><td>0.674923</td><td>0</td><td>-1</td></tr><tr><td>423</td><td>0.976845</td><td>0</td><td>0.0231551</td><td>-1</td></tr><tr><td>424</td><td>0.00177097</td><td>0.998229</td><td>0</td><td>1</td></tr><tr><td>425</td><td>0.0445095</td><td>0.553662</td><td>0.401829</td><td>1</td></tr><tr><td>426</td><td>1</td><td>0</td><td>0</td><td>0</td></tr><tr><td>427</td><td>0.0601481</td><td>0.939852</td><td>0</td><td>-1</td></tr><tr><td>428</td><td>0.801526</td><td>0.198474</td><td>0</td><td>1</td></tr><tr><td>429</td><td>0.806577</td><td>0.193423</td><td>0</td><td>0</td></tr><tr><td>430</td><td>0.344124</td><td>0.655876</td><td>4.3439e-08</td><td>-1</td></tr><tr><td>431</td><td>0.44269</td><td>0.55731</td><td>0</td><td>0</td></tr><tr><td>432</td><td>0.20044</td><td>0.79956</td><td>0</td><td>1</td></tr><tr><td>433</td><td>0.194834</td><td>0.805166</td><td>0</td><td>1</td></tr><tr><td>434</td><td>0.0842368</td><td>0.915763</td><td>0</td><td>1</td></tr><tr><td>435</td><td>0.120063</td><td>0.879937</td><td>0</td><td>1</td></tr><tr><td>436</td><td>0.459888</td><td>0.540112</td><td>0</td><td>0</td></tr><tr><td>437</td><td>0.127471</td><td>0.857815</td><td>0.0147143</td><td>1</td></tr><tr><td>438</td><td>0.0935624</td><td>0.268244</td><td>0.638193</td><td>1</td></tr><tr><td>439</td><td>0.00923556</td><td>0.990764</td><td>1.55411e-07</td><td>1</td></tr><tr><td>440</td><td>0.0459112</td><td>0.954089</td><td>0</td><td>1</td></tr><tr><td>441</td><td>0.495336</td><td>0.504664</td><td>0</td><td>1</td></tr><tr><td>442</td><td>0.118459</td><td>0.447414</td><td>0.434127</td><td>1</td></tr><tr><td>443</td><td>0.00638392</td><td>0.993616</td><td>0</td><td>1</td></tr><tr><td>444</td><td>0.0275442</td><td>0.92469</td><td>0.0477657</td><td>1</td></tr><tr><td>445</td><td>0.798477</td><td>0.201523</td><td>0</td><td>0</td></tr><tr><td>446</td><td>0.179714</td><td>0.820286</td><td>6.06648e-15</td><td>0</td></tr><tr><td>447</td><td>0.150212</td><td>0.643275</td><td>0.206513</td><td>2</td></tr><tr><td>448</td><td>0.0238879</td><td>0.976112</td><td>0</td><td>1</td></tr><tr><td>449</td><td>1</td><td>0</td><td>0</td><td>0</td></tr><tr><td>450</td><td>0.322063</td><td>0.677937</td><td>0</td><td>1</td></tr><tr><td>451</td><td>0.445009</td><td>0.554991</td><td>0</td><td>-1</td></tr><tr><td>452</td><td>0.141882</td><td>0.858118</td><td>0</td><td>-1</td></tr><tr><td>453</td><td>0.997265</td><td>0.00273521</td><td>8.56627e-82</td><td>0</td></tr><tr><td>454</td><td>0.467757</td><td>0.504424</td><td>0.0278195</td><td>0</td></tr><tr><td>455</td><td>0.333753</td><td>0.644704</td><td>0.0215438</td><td>1</td></tr><tr><td>456</td><td>0.0525667</td><td>0.947433</td><td>3.25517e-21</td><td>1</td></tr><tr><td>457</td><td>0.0464126</td><td>0.236388</td><td>0.717199</td><td>2</td></tr><tr><td>458</td><td>0.809335</td><td>0.190665</td><td>0</td><td>-1</td></tr><tr><td>459</td><td>0.0901339</td><td>0.863884</td><td>0.045982</td><td>1</td></tr><tr><td>460</td><td>0.00330931</td><td>0.996691</td><td>2.51519e-84</td><td>0</td></tr><tr><td>461</td><td>0.528824</td><td>0.471176</td><td>0</td><td>0</td></tr><tr><td>462</td><td>0.488183</td><td>0.511816</td><td>1.46736e-06</td><td>1</td></tr><tr><td>463</td><td>0.505997</td><td>0.490444</td><td>0.00355851</td><td>1</td></tr><tr><td>464</td><td>0.0577914</td><td>0.942209</td><td>0</td><td>-1</td></tr><tr><td>465</td><td>0.362764</td><td>0.490542</td><td>0.146694</td><td>2</td></tr><tr><td>466</td><td>0.597666</td><td>0.402334</td><td>0</td><td>1</td></tr><tr><td>467</td><td>0.563779</td><td>0.419774</td><td>0.0164475</td><td>0</td></tr><tr><td>468</td><td>0.175421</td><td>0.762067</td><td>0.0625117</td><td>1</td></tr><tr><td>469</td><td>0.999623</td><td>0.000376697</td><td>0</td><td>0</td></tr><tr><td>470</td><td>0.291045</td><td>0.708955</td><td>0</td><td>1</td></tr><tr><td>471</td><td>0.0422603</td><td>0.95774</td><td>0</td><td>1</td></tr><tr><td>472</td><td>0.738106</td><td>0.261894</td><td>0</td><td>0</td></tr><tr><td>473</td><td>0.00911399</td><td>0.990883</td><td>3.2989e-06</td><td>1</td></tr><tr><td>474</td><td>0.586571</td><td>0.413429</td><td>0</td><td>0</td></tr><tr><td>475</td><td>0.350008</td><td>0.649992</td><td>0</td><td>1</td></tr><tr><td>476</td><td>0.545427</td><td>0.454573</td><td>0</td><td>1</td></tr><tr><td>477</td><td>0.157685</td><td>0.842315</td><td>0</td><td>0</td></tr><tr><td>478</td><td>0.0663075</td><td>0.44539</td><td>0.488302</td><td>-1</td></tr><tr><td>479</td><td>0.0740964</td><td>0.925904</td><td>0</td><td>-1</td></tr><tr><td>4