<!DOCTYPE HTML PUBLIC "-//W3C//DTD HTML 4.01 Transitional//EN">

<html>
<head>
<script src="http://transp-or.epfl.ch/biogeme/sorttable.js"></script>
<meta http-equiv='Content-Type' content='text/html; charset=utf-8' />
<title>Model5_cardOwner_sim~1.html - Report from biogeme 2.6a [Mon Apr 24 10:21:29 BST 2017]</title>
<meta name="keywords" content="biogeme, discrete choice, random utility">
<meta name="description" content="Report from biogeme 2.6a [Mon Apr 24 10:21:29 BST 2017]">
<meta name="author" content="Michel Bierlaire">
<style type=text/css>
<!--table
.biostyle
	{font-size:10.0pt;
	font-weight:400;
	font-style:normal;
	font-family:Courier;}
.boundstyle
	{font-size:10.0pt;
	font-weight:400;
	font-style:normal;
	font-family:Courier;
        color:red}
-->
</style>
</head>

<body bgcolor="#ffffff">
<p>biogeme 2.6a [Mon Apr 24 10:21:29 BST 2017]</p>
<p>Home page: <a href='http://biogeme.epfl.ch' target='_blank'>http://biogeme.epfl.ch</a></p>
<p>Submit questions to <a href='https://groups.google.com/d/forum/biogeme' target='_blank'>https://groups.google.com/d/forum/biogeme</a></p>
<p><a href='http://people.epfl.ch/michel.bierlaire'>Michel Bierlaire</a>, <a href='http://transp-or.epfl.ch'>Transport and Mobility Laboratory</a>, <a href='http://www.epfl.ch'>Ecole Polytechnique F&eacute;d&eacute;rale de Lausanne (EPFL)</a></p>
<p>This file has automatically been generated on
Mon Nov 13 16:55:58 2017</p>
<p>If you drag this HTML file into the Calc application of <a href='http://www.openoffice.org/' target='_blank'>OpenOffice</a>, or the spreadsheet of <a href='https://www.libreoffice.org/' target='_blank'>LibreOffice</a>, you will be able to perform additional calculations.</p><table><tr class=biostyle><td align=right><strong>Report file</strong>:	</td><td>Model5_cardOwner_sim~1.html</td></tr><tr class=biostyle><td align=right><strong>Sample file</strong>:	</td><td>__bin_data.dat</td></tr></table><h1>Simulation report</h1>

<p>Number of draws for Monte-Carlo: 1000</p>
<p>Type of draws: MLHS</p>
<h2>Aggregate values</h2><table border='1'>
<tr><th></th><th>01 Prob. PT</th><th>02 Prob. PM</th><th>03 Prob. SM</th><th>Choice</th></tr><tr><th>Total</th><td>674.916</td><td>1261.77</td><td>101.317</td><td>1017</td></tr><tr><th>Average</th><td>0.331166</td><td>0.619121</td><td>0.0497137</td><td>0.499019</td></tr><tr><th>Non zeros</th><td>2038</td><td>1952</td><td>707</td><td>1569</td></tr><tr><th>Non zeros average</th><td>0.331166</td><td>0.646397</td><td>0.143305</td><td>0.648184</td></tr><tr><th>Minimum</th><td>1.11546e-08</td><td>0</td><td>0</td><td>-1</td></tr><tr><th>Maximum</th><td>1</td><td>1</td><td>0.99785</td><td>2</td></tr></table><h2>Detailed records</h2><table border='1'>
<tr><th>Row</th><th>01 Prob. PT</th><th>02 Prob. PM</th><th>03 Prob. SM</th><th>Choice</th></tr><tr><td>1</td><td>1</td><td>0</td><td>0</td><td>0</td></tr><tr><td>2</td><td>0.183537</td><td>0.777889</td><td>0.0385737</td><td>1</td></tr><tr><td>3</td><td>0.307528</td><td>0.692472</td><td>0</td><td>1</td></tr><tr><td>4</td><td>0.0495828</td><td>0.950417</td><td>0</td><td>1</td></tr><tr><td>5</td><td>0.220772</td><td>0.779227</td><td>3.74961e-07</td><td>1</td></tr><tr><td>6</td><td>0.027954</td><td>0.969211</td><td>0.00283554</td><td>1</td></tr><tr><td>7</td><td>0.277334</td><td>0.722666</td><td>0</td><td>1</td></tr><tr><td>8</td><td>0.831697</td><td>0.168303</td><td>0</td><td>0</td></tr><tr><td>9</td><td>0.115567</td><td>0.824793</td><td>0.0596392</td><td>1</td></tr><tr><td>10</td><td>0.0160735</td><td>0.983927</td><td>0</td><td>1</td></tr><tr><td>11</td><td>0.190287</td><td>0.804326</td><td>0.00538686</td><td>-1</td></tr><tr><td>12</td><td>0.103413</td><td>0.896587</td><td>0</td><td>1</td></tr><tr><td>13</td><td>0.20954</td><td>0.760054</td><td>0.030406</td><td>1</td></tr><tr><td>14</td><td>0.134857</td><td>0.779862</td><td>0.085281</td><td>1</td></tr><tr><td>15</td><td>0.531557</td><td>0.468443</td><td>0</td><td>1</td></tr><tr><td>16</td><td>0.076091</td><td>0.525939</td><td>0.39797</td><td>2</td></tr><tr><td>17</td><td>0.153699</td><td>0.846301</td><td>0</td><td>0</td></tr><tr><td>18</td><td>0.25934</td><td>0.74066</td><td>0</td><td>1</td></tr><tr><td>19</td><td>0.600455</td><td>0.379267</td><td>0.0202789</td><td>-1</td></tr><tr><td>20</td><td>0.069913</td><td>0.930087</td><td>0</td><td>1</td></tr><tr><td>21</td><td>0.935129</td><td>0.0648706</td><td>1.98344e-48</td><td>0</td></tr><tr><td>22</td><td>0.732881</td><td>0.267119</td><td>1.43772e-13</td><td>0</td></tr><tr><td>23</td><td>0.213482</td><td>0.786518</td><td>0</td><td>-1</td></tr><tr><td>24</td><td>0.470018</td><td>0.529982</td><td>0</td><td>1</td></tr><tr><td>25</td><td>0.883516</td><td>0.116484</td><td>0</td><td>0</td></tr><tr><td>26</td><td>0.0228362</td><td>0.977164</td><td>0</td><td>-1</td></tr><tr><td>27</td><td>0.880941</td><td>0.119059</td><td>0</td><td>0</td></tr><tr><td>28</td><td>0.0682091</td><td>0.522971</td><td>0.40882</td><td>2</td></tr><tr><td>29</td><td>0.0850809</td><td>0.914919</td><td>1.93844e-13</td><td>-1</td></tr><tr><td>30</td><td>0.713108</td><td>0.286892</td><td>0</td><td>1</td></tr><tr><td>31</td><td>0.128197</td><td>0.496119</td><td>0.375684</td><td>1</td></tr><tr><td>32</td><td>0.0238906</td><td>0.976109</td><td>0</td><td>1</td></tr><tr><td>33</td><td>0.299678</td><td>0.700322</td><td>0</td><td>0</td></tr><tr><td>34</td><td>0.9089</td><td>0.0911001</td><td>0</td><td>1</td></tr><tr><td>35</td><td>0.290801</td><td>0.709199</td><td>0</td><td>-1</td></tr><tr><td>36</td><td>0.651447</td><td>0.348553</td><td>0</td><td>0</td></tr><tr><td>37</td><td>0.377983</td><td>0.622017</td><td>0</td><td>0</td></tr><tr><td>38</td><td>0.42054</td><td>0.541486</td><td>0.0379733</td><td>0</td></tr><tr><td>39</td><td>0.166488</td><td>0.833512</td><td>0</td><td>1</td></tr><tr><td>40</td><td>0.0972626</td><td>0.902737</td><td>0</td><td>-1</td></tr><tr><td>41</td><td>0.209998</td><td>0.790002</td><td>0</td><td>1</td></tr><tr><td>42</td><td>0.257332</td><td>0.742668</td><td>0</td><td>1</td></tr><tr><td>43</td><td>0.0392966</td><td>0.960703</td><td>0</td><td>-1</td></tr><tr><td>44</td><td>0.00579932</td><td>0.994201</td><td>0</td><td>-1</td></tr><tr><td>45</td><td>0.194139</td><td>0.805861</td><td>0</td><td>0</td></tr><tr><td>46</td><td>0.00256892</td><td>0.997431</td><td>0</td><td>1</td></tr><tr><td>47</td><td>1</td><td>0</td><td>0</td><td>0</td></tr><tr><td>48</td><td>0.0313147</td><td>0.968685</td><td>0</td><td>1</td></tr><tr><td>49</td><td>0.0480892</td><td>0.951911</td><td>0</td><td>1</td></tr><tr><td>50</td><td>0.0120363</td><td>0.987964</td><td>0</td><td>1</td></tr><tr><td>51</td><td>0.165171</td><td>0.834829</td><td>0</td><td>1</td></tr><tr><td>52</td><td>0.959351</td><td>0.0406489</td><td>0</td><td>0</td></tr><tr><td>53</td><td>0.0540265</td><td>0.945974</td><td>0</td><td>1</td></tr><tr><td>54</td><td>1</td><td>0</td><td>0</td><td>0</td></tr><tr><td>55</td><td>0.939898</td><td>0.0601016</td><td>0</td><td>-1</td></tr><tr><td>56</td><td>0.172062</td><td>0.827938</td><td>0</td><td>1</td></tr><tr><td>57</td><td>0.0952233</td><td>0.904777</td><td>0</td><td>2</td></tr><tr><td>58</td><td>0.644877</td><td>0.355123</td><td>0</td><td>-1</td></tr><tr><td>59</td><td>0.00488892</td><td>0.678829</td><td>0.316282</td><td>1</td></tr><tr><td>60</td><td>0.60774</td><td>0.390898</td><td>0.00136134</td><td>1</td></tr><tr><td>61</td><td>0.101587</td><td>0.84908</td><td>0.049333</td><td>-1</td></tr><tr><td>62</td><td>0.0314112</td><td>0.327525</td><td>0.641064</td><td>2</td></tr><tr><td>63</td><td>0.0175394</td><td>0.513954</td><td>0.468506</td><td>1</td></tr><tr><td>64</td><td>0.0927473</td><td>0.907253</td><td>0</td><td>1</td></tr><tr><td>65</td><td>0.212018</td><td>0.787982</td><td>0</td><td>1</td></tr><tr><td>66</td><td>0.0581821</td><td>0.68013</td><td>0.261688</td><td>2</td></tr><tr><td>67</td><td>0.0182438</td><td>0.588841</td><td>0.392915</td><td>1</td></tr><tr><td>68</td><td>0.262904</td><td>0.632927</td><td>0.104169</td><td>2</td></tr><tr><td>69</td><td>0.632825</td><td>0.367175</td><td>0</td><td>1</td></tr><tr><td>70</td><td>0.471113</td><td>0.528887</td><td>0</td><td>1</td></tr><tr><td>71</td><td>0.131267</td><td>0.868733</td><td>0</td><td>2</td></tr><tr><td>72</td><td>0.431569</td><td>0.568431</td><td>0</td><td>-1</td></tr><tr><td>73</td><td>0.0468004</td><td>0.9532</td><td>0</td><td>1</td></tr><tr><td>74</td><td>0.221621</td><td>0.432578</td><td>0.345801</td><td>2</td></tr><tr><td>75</td><td>0.280322</td><td>0.416039</td><td>0.30364</td><td>1</td></tr><tr><td>76</td><td>0.106158</td><td>0.893842</td><td>0</td><td>0</td></tr><tr><td>77</td><td>0.0149055</td><td>0.258885</td><td>0.726209</td><td>1</td></tr><tr><td>78</td><td>0.0127516</td><td>0.987248</td><td>0</td><td>1</td></tr><tr><td>79</td><td>0.135502</td><td>0.801081</td><td>0.0634172</td><td>1</td></tr><tr><td>80</td><td>0.118944</td><td>0.835974</td><td>0.0450819</td><td>1</td></tr><tr><td>81</td><td>0.0325692</td><td>0.967431</td><td>0</td><td>1</td></tr><tr><td>82</td><td>0.421228</td><td>0.578772</td><td>0</td><td>0</td></tr><tr><td>83</td><td>0.229256</td><td>0.770744</td><td>0</td><td>-1</td></tr><tr><td>84</td><td>0.309614</td><td>0.662222</td><td>0.028164</td><td>1</td></tr><tr><td>85</td><td>0.0215512</td><td>0.978449</td><td>0</td><td>1</td></tr><tr><td>86</td><td>0.235433</td><td>0.736449</td><td>0.0281174</td><td>-1</td></tr><tr><td>87</td><td>0.454905</td><td>0.545095</td><td>0</td><td>1</td></tr><tr><td>88</td><td>0.698401</td><td>0.300569</td><td>0.00103046</td><td>0</td></tr><tr><td>89</td><td>0.706522</td><td>0.293478</td><td>0</td><td>0</td></tr><tr><td>90</td><td>0.231754</td><td>0.768246</td><td>0</td><td>1</td></tr><tr><td>91</td><td>0.710711</td><td>0.289289</td><td>0</td><td>0</td></tr><tr><td>92</td><td>0.0352327</td><td>0.964767</td><td>2.83743e-32</td><td>0</td></tr><tr><td>93</td><td>0.00885305</td><td>0.991147</td><td>0</td><td>1</td></tr><tr><td>94</td><td>0.460141</td><td>0.539859</td><td>0</td><td>-1</td></tr><tr><td>95</td><td>0.398381</td><td>0.524643</td><td>0.0769761</td><td>1</td></tr><tr><td>96</td><td>0.0313243</td><td>0.968676</td><td>0</td><td>1</td></tr><tr><td>97</td><td>0.966185</td><td>0.0338147</td><td>0</td><td>0</td></tr><tr><td>98</td><td>0.111709</td><td>0.888291</td><td>0</td><td>1</td></tr><tr><td>99</td><td>0.381586</td><td>0.618414</td><td>0</td><td>1</td></tr><tr><td>100</td><td>0.947108</td><td>0</td><td>0.0528921</td><td>-1</td></tr><tr><td>101</td><td>0.616351</td><td>0.383027</td><td>0.000621919</td><td>0</td></tr><tr><td>102</td><td>0.885326</td><td>0.114674</td><td>0</td><td>0</td></tr><tr><td>103</td><td>0.0604316</td><td>0.493939</td><td>0.44563</td><td>2</td></tr><tr><td>104</td><td>0.184769</td><td>0.815231</td><td>0</td><td>1</td></tr><tr><td>105</td><td>0.542512</td><td>0.457488</td><td>0</td><td>0</td></tr><tr><td>106</td><td>0.000395216</td><td>0.999605</td><td>2.60438e-75</td><td>1</td></tr><tr><td>107</td><td>0.266386</td><td>0.62098</td><td>0.112634</td><td>1</td></tr><tr><td>108</td><td>0.115137</td><td>0.88458</td><td>0.00028366</td><td>0</td></tr><tr><td>109</td><td>0.0814894</td><td>0.918511</td><td>2.18494e-23</td><td>-1</td></tr><tr><td>110</td><td>0.985203</td><td>0.0147968</td><td>5.23618e-69</td><td>-1</td></tr><tr><td>111</td><td>0.783632</td><td>0.216368</td><td>0</td><td>0</td></tr><tr><td>112</td><td>0.567114</td><td>0.432886</td><td>0</td><td>0</td></tr><tr><td>113</td><td>0.827368</td><td>0.172632</td><td>0</td><td>1</td></tr><tr><td>114</td><td>0.00644893</td><td>0.993444</td><td>0.000107322</td><td>1</td></tr><tr><td>115</td><td>0.158603</td><td>0.841397</td><td>5.82658e-08</td><td>1</td></tr><tr><td>116</td><td>0.0893393</td><td>0.91064</td><td>2.03367e-05</td><td>1</td></tr><tr><td>117</td><td>0.749179</td><td>0.250821</td><td>0</td><td>1</td></tr><tr><td>118</td><td>0.982986</td><td>0.0170141</td><td>0</td><td>-1</td></tr><tr><td>119</td><td>0.354035</td><td>0.645965</td><td>0</td><td>-1</td></tr><tr><td>120</td><td>0.224252</td><td>0.720666</td><td>0.0550812</td><td>1</td></tr><tr><td>121</td><td>0.270302</td><td>0.729698</td><td>0</td><td>1</td></tr><tr><td>122</td><td>0.87887</td><td>0.12113</td><td>0</td><td>0</td></tr><tr><td>123</td><td>0.238487</td><td>0.761513</td><td>0</td><td>1</td></tr><tr><td>124</td><td>0.149903</td><td>0.850097</td><td>0</td><td>1</td></tr><tr><td>125</td><td>0.320715</td><td>0.679285</td><td>1.5183e-09</td><td>1</td></tr><tr><td>126</td><td>0.0887497</td><td>0.91125</td><td>0</td><td>1</td></tr><tr><td>127</td><td>0.603038</td><td>0.396962</td><td>0</td><td>1</td></tr><tr><td>128</td><td>0.268423</td><td>0.552346</td><td>0.179231</td><td>1</td></tr><tr><td>129</td><td>0.243333</td><td>0.756667</td><td>0</td><td>1</td></tr><tr><td>130</td><td>0.909156</td><td>0.0908441</td><td>0</td><td>0</td></tr><tr><td>131</td><td>0.0295054</td><td>0.970495</td><td>0</td><td>-1</td></tr><tr><td>132</td><td>0.244626</td><td>0.755374</td><td>1.96316e-08</td><td>0</td></tr><tr><td>133</td><td>0.876657</td><td>0.123343</td><td>0</td><td>1</td></tr><tr><td>134</td><td>0.175929</td><td>0.75183</td><td>0.0722414</td><td>1</td></tr><tr><td>135</td><td>0.0154372</td><td>0.984563</td><td>0</td><td>1</td></tr><tr><td>136</td><td>0.306838</td><td>0.693162</td><td>0</td><td>1</td></tr><tr><td>137</td><td>0.111366</td><td>0.534701</td><td>0.353933</td><td>2</td></tr><tr><td>138</td><td>0.317696</td><td>0.682304</td><td>0</td><td>0</td></tr><tr><td>139</td><td>0.206179</td><td>0.793821</td><td>1.10913e-18</td><td>1</td></tr><tr><td>140</td><td>0.0510654</td><td>0.948935</td><td>0</td><td>1</td></tr><tr><td>141</td><td>0.0969992</td><td>0.903001</td><td>0</td><td>1</td></tr><tr><td>142</td><td>0.937483</td><td>0.0625174</td><td>0</td><td>-1</td></tr><tr><td>143</td><td>0.98465</td><td>0</td><td>0.0153503</td><td>0</td></tr><tr><td>144</td><td>0.706024</td><td>0.293976</td><td>0</td><td>0</td></tr><tr><td>145</td><td>0.313277</td><td>0.686723</td><td>0</td><td>-1</td></tr><tr><td>146</td><td>1.11546e-08</td><td>1</td><td>0</td><td>1</td></tr><tr><td>147</td><td>0.25616</td><td>0.74384</td><td>0</td><td>1</td></tr><tr><td>148</td><td>0.589958</td><td>0.410042</td><td>0</td><td>0</td></tr><tr><td>149</td><td>0.0954135</td><td>0.904586</td><td>2.43054e-20</td><td>1</td></tr><tr><td>150</td><td>0.176522</td><td>0.823478</td><td>0</td><td>1</td></tr><tr><td>151</td><td>0.94682</td><td>0.0531795</td><td>0</td><td>0</td></tr><tr><td>152</td><td>1</td><td>0</td><td>0</td><td>0</td></tr><tr><td>153</td><td>1.87571e-05</td><td>0.999981</td><td>0</td><td>1</td></tr><tr><td>154</td><td>0.433556</td><td>0.566444</td><td>0</td><td>-1</td></tr><tr><td>155</td><td>0.12794</td><td>0.87206</td><td>0</td><td>-1</td></tr><tr><td>156</td><td>0.697026</td><td>0.302974</td><td>0</td><td>0</td></tr><tr><td>157</td><td>0.456211</td><td>0.473423</td><td>0.0703663</td><td>1</td></tr><tr><td>158</td><td>0.174768</td><td>0.825232</td><td>0</td><td>1</td></tr><tr><td>159</td><td>0.364702</td><td>0.618677</td><td>0.0166206</td><td>0</td></tr><tr><td>160</td><td>0.201908</td><td>0.787864</td><td>0.010228</td><td>-1</td></tr><tr><td>161</td><td>0.767997</td><td>0.232003</td><td>0</td><td>0</td></tr><tr><td>162</td><td>0.771686</td><td>0.228314</td><td>0</td><td>0</td></tr><tr><td>163</td><td>0.472869</td><td>0.527131</td><td>0</td><td>-1</td></tr><tr><td>164</td><td>0.722824</td><td>0.277176</td><td>0</td><td>0</td></tr><tr><td>165</td><td>0.154898</td><td>0.845102</td><td>0</td><td>0</td></tr><tr><td>166</td><td>0.352973</td><td>0.647027</td><td>1.00126e-13</td><td>0</td></tr><tr><td>167</td><td>0.444464</td><td>0.555536</td><td>0</td><td>0</td></tr><tr><td>168</td><td>0.00180275</td><td>0.998197</td><td>0</td><td>1</td></tr><tr><td>169</td><td>0.607678</td><td>0.392322</td><td>0</td><td>0</td></tr><tr><td>170</td><td>0.111034</td><td>0.795531</td><td>0.0934345</td><td>1</td></tr><tr><td>171</td><td>0.0730175</td><td>0.262204</td><td>0.664778</td><td>2</td></tr><tr><td>172</td><td>0.172405</td><td>0.827595</td><td>0</td><td>1</td></tr><tr><td>173</td><td>0.260095</td><td>0.739905</td><td>0</td><td>1</td></tr><tr><td>174</td><td>0.559409</td><td>0.436687</td><td>0.00390411</td><td>0</td></tr><tr><td>175</td><td>0.257404</td><td>0.742596</td><td>0</td><td>2</td></tr><tr><td>176</td><td>0.0584236</td><td>0.941576</td><td>0</td><td>1</td></tr><tr><td>177</td><td>0.164884</td><td>0.835116</td><td>0</td><td>1</td></tr><tr><td>178</td><td>1</td><td>0</td><td>0</td><td>0</td></tr><tr><td>179</td><td>0.502634</td><td>0.497366</td><td>0</td><td>-1</td></tr><tr><td>180</td><td>0.944557</td><td>0.0554432</td><td>0</td><td>0</td></tr><tr><td>181</td><td>0.0460296</td><td>0.95397</td><td>0</td><td>1</td></tr><tr><td>182</td><td>0.418844</td><td>0.581156</td><td>0</td><td>-1</td></tr><tr><td>183</td><td>0.190815</td><td>0.735825</td><td>0.0733607</td><td>1</td></tr><tr><td>184</td><td>0.0654375</td><td>0.864076</td><td>0.0704869</td><td>1</td></tr><tr><td>185</td><td>0.287972</td><td>0.707415</td><td>0.00461317</td><td>1</td></tr><tr><td>186</td><td>0.2626</td><td>0.648792</td><td>0.0886071</td><td>1</td></tr><tr><td>187</td><td>0.26468</td><td>0.73532</td><td>0</td><td>1</td></tr><tr><td>188</td><td>0.230534</td><td>0.769354</td><td>0.000111807</td><td>1</td></tr><tr><td>189</td><td>0.240094</td><td>0.759906</td><td>0</td><td>1</td></tr><tr><td>190</td><td>0.438681</td><td>0.561319</td><td>0</td><td>1</td></tr><tr><td>191</td><td>0.999665</td><td>0.000335089</td><td>0</td><td>-1</td></tr><tr><td>192</td><td>1</td><td>0</td><td>1.0203e-48</td><td>-1</td></tr><tr><td>193</td><td>0.34557</td><td>0.65443</td><td>0</td><td>1</td></tr><tr><td>194</td><td>0.00530824</td><td>0.994692</td><td>0</td><td>1</td></tr><tr><td>195</td><td>0.0871288</td><td>0.912871</td><td>0</td><td>1</td></tr><tr><td>196</td><td>0.0815792</td><td>0.918421</td><td>0</td><td>1</td></tr><tr><td>197</td><td>0.317823</td><td>0.682177</td><td>0</td><td>1</td></tr><tr><td>198</td><td>0.586878</td><td>0.413122</td><td>0</td><td>-1</td></tr><tr><td>199</td><td>0.189325</td><td>0.810675</td><td>0</td><td>1</td></tr><tr><td>200</td><td>0.148563</td><td>0.802004</td><td>0.0494332</td><td>1</td></tr><tr><td>201</td><td>0.445495</td><td>0.554505</td><td>0</td><td>1</td></tr><tr><td>202</td><td>0.0160593</td><td>0.983941</td><td>0</td><td>1</td></tr><tr><td>203</td><td>0.388005</td><td>0.611995</td><td>0</td><td>1</td></tr><tr><td>204</td><td>0.728442</td><td>0.271318</td><td>0.000239784</td><td>0</td></tr><tr><td>205</td><td>0.750487</td><td>0.249513</td><td>0</td><td>0</td></tr><tr><td>206</td><td>0.347464</td><td>0.652536</td><td>0</td><td>1</td></tr><tr><td>207</td><td>0.261237</td><td>0.715017</td><td>0.0237468</td><td>1</td></tr><tr><td>208</td><td>0.315206</td><td>0.684794</td><td>0</td><td>1</td></tr><tr><td>209</td><td>0.0598154</td><td>0.286557</td><td>0.653628</td><td>2</td></tr><tr><td>210</td><td>0.163829</td><td>0.818479</td><td>0.0176925</td><td>1</td></tr><tr><td>211</td><td>0.285571</td><td>0.714429</td><td>0</td><td>1</td></tr><tr><td>212</td><td>0.0774452</td><td>0.922555</td><td>0</td><td>1</td></tr><tr><td>213</td><td>0.680354</td><td>0.319646</td><td>5.04529e-08</td><td>0</td></tr><tr><td>214</td><td>0.385056</td><td>0.614944</td><td>0</td><td>-1</td></tr><tr><td>215</td><td>0.403893</td><td>0.596107</td><td>0</td><td>1</td></tr><tr><td>216</td><td>0.0896157</td><td>0.910384</td><td>0</td><td>1</td></tr><tr><td>217</td><td>0.0971343</td><td>0.902751</td><td>0.000114805</td><td>-1</td></tr><tr><td>218</td><td>0.581777</td><td>0.418223</td><td>0</td><td>2</td></tr><tr><td>219</td><td>0.254151</td><td>0.745849</td><td>0</td><td>1</td></tr><tr><td>220</td><td>0.000608009</td><td>0.999392</td><td>1.75694e-14</td><td>1</td></tr><tr><td>221</td><td>0.0396584</td><td>0.958194</td><td>0.00214721</td><td>1</td></tr><tr><td>222</td><td>0.35084</td><td>0.64916</td><td>0</td><td>1</td></tr><tr><td>223</td><td>0.0483344</td><td>0.513651</td><td>0.438015</td><td>1</td></tr><tr><td>224</td><td>0.532877</td><td>0.467123</td><td>0</td><td>1</td></tr><tr><td>225</td><td>0.20241</td><td>0.79759</td><td>0</td><td>1</td></tr><tr><td>226</td><td>0.000180499</td><td>0.99982</td><td>0</td><td>1</td></tr><tr><td>227</td><td>0.662796</td><td>0.337204</td><td>2.66702e-17</td><td>0</td></tr><tr><td>228</td><td>0.0117281</td><td>0.988272</td><td>0</td><td>1</td></tr><tr><td>229</td><td>0.23347</td><td>0.697459</td><td>0.0690708</td><td>1</td></tr><tr><td>230</td><td>0.226491</td><td>0.773509</td><td>1.55443e-07</td><td>1</td></tr><tr><td>231</td><td>1</td><td>0</td><td>1.09224e-17</td><td>0</td></tr><tr><td>232</td><td>6.32243e-05</td><td>0.999937</td><td>6.45962e-27</td><td>1</td></tr><tr><td>233</td><td>0.341275</td><td>0.654897</td><td>0.00382781</td><td>0</td></tr><tr><td>234</td><td>0.435669</td><td>0.564331</td><td>0</td><td>2</td></tr><tr><td>235</td><td>0.236571</td><td>0.763429</td><td>0</td><td>1</td></tr><tr><td>236</td><td>0.239426</td><td>0.760574</td><td>0</td><td>1</td></tr><tr><td>237</td><td>0.184425</td><td>0.815575</td><td>0</td><td>1</td></tr><tr><td>238</td><td>0.312055</td><td>0.687945</td><td>2.96264e-14</td><td>-1</td></tr><tr><td>239</td><td>0.427883</td><td>0.539372</td><td>0.0327452</td><td>1</td></tr><tr><td>240</td><td>0.472825</td><td>0.527175</td><td>2.27414e-07</td><td>0</td></tr><tr><td>241</td><td>0.852008</td><td>0.147992</td><td>0</td><td>-1</td></tr><tr><td>242</td><td>0.0406252</td><td>0.959375</td><td>0</td><td>-1</td></tr><tr><td>243</td><td>0.0822088</td><td>0.917791</td><td>0</td><td>-1</td></tr><tr><td>244</td><td>0.278606</td><td>0.721394</td><td>0</td><td>1</td></tr><tr><td>245</td><td>0.0153295</td><td>0.984671</td><td>3.38761e-17</td><td>1</td></tr><tr><td>246</td><td>0.172948</td><td>0.827052</td><td>0</td><td>0</td></tr><tr><td>247</td><td>0.0529183</td><td>0.894467</td><td>0.0526148</td><td>1</td></tr><tr><td>248</td><td>0.857929</td><td>0.142071</td><td>0</td><td>0</td></tr><tr><td>249</td><td>0.118742</td><td>0.863139</td><td>0.018119</td><td>-1</td></tr><tr><td>250</td><td>0.409834</td><td>0.590166</td><td>0</td><td>1</td></tr><tr><td>251</td><td>0.218257</td><td>0.643789</td><td>0.137954</td><td>1</td></tr><tr><td>252</td><td>0.00257509</td><td>0.997425</td><td>0</td><td>1</td></tr><tr><td>253</td><td>0.105498</td><td>0.301405</td><td>0.593098</td><td>1</td></tr><tr><td>254</td><td>0.106088</td><td>0.829532</td><td>0.0643793</td><td>1</td></tr><tr><td>255</td><td>0.236101</td><td>0.254014</td><td>0.509885</td><td>2</td></tr><tr><td>256</td><td>0.327388</td><td>0.672612</td><td>0</td><td>1</td></tr><tr><td>257</td><td>0.195538</td><td>0.804363</td><td>9.90961e-05</td><td>1</td></tr><tr><td>258</td><td>0.000957551</td><td>0.999042</td><td>0</td><td>1</td></tr><tr><td>259</td><td>0.320994</td><td>0.679006</td><td>0</td><td>0</td></tr><tr><td>260</td><td>0.0463902</td><td>0.609484</td><td>0.344126</td><td>1</td></tr><tr><td>261</td><td>0.397007</td><td>0.602993</td><td>0</td><td>1</td></tr><tr><td>262</td><td>0.00514794</td><td>0.994852</td><td>5.1347e-12</td><td>1</td></tr><tr><td>263</td><td>1</td><td>0</td><td>1.34082e-52</td><td>-1</td></tr><tr><td>264</td><td>0.842474</td><td>0.157526</td><td>0</td><td>0</td></tr><tr><td>265</td><td>0.334094</td><td>0.593284</td><td>0.0726212</td><td>1</td></tr><tr><td>266</td><td>0.015042</td><td>0.984958</td><td>0</td><td>1</td></tr><tr><td>267</td><td>0.453426</td><td>0.538818</td><td>0.00775649</td><td>1</td></tr><tr><td>268</td><td>0.101373</td><td>0.898627</td><td>0</td><td>1</td></tr><tr><td>269</td><td>0.599325</td><td>0.400675</td><td>0</td><td>0</td></tr><tr><td>270</td><td>0.47299</td><td>0.52701</td><td>0</td><td>1</td></tr><tr><td>271</td><td>0.0535745</td><td>0.347593</td><td>0.598833</td><td>-1</td></tr><tr><td>272</td><td>0.0103388</td><td>0.989661</td><td>0</td><td>-1</td></tr><tr><td>273</td><td>0.934549</td><td>0.0654512</td><td>0</td><td>0</td></tr><tr><td>274</td><td>0.659438</td><td>0.340562</td><td>0</td><td>1</td></tr><tr><td>275</td><td>0.298919</td><td>0.701081</td><td>0</td><td>1</td></tr><tr><td>276</td><td>0.946337</td><td>0.0536627</td><td>0</td><td>0</td></tr><tr><td>277</td><td>0.102342</td><td>0.897658</td><td>0</td><td>1</td></tr><tr><td>278</td><td>0.677073</td><td>0.322927</td><td>0</td><td>-1</td></tr><tr><td>279</td><td>0.999444</td><td>0.000556223</td><td>0</td><td>-1</td></tr><tr><td>280</td><td>0.302255</td><td>0.697745</td><td>0</td><td>1</td></tr><tr><td>281</td><td>0.210048</td><td>0.789952</td><td>0</td><td>1</td></tr><tr><td>282</td><td>0.0289168</td><td>0.971083</td><td>0</td><td>-1</td></tr><tr><td>283</td><td>0.0869729</td><td>0.669199</td><td>0.243828</td><td>-1</td></tr><tr><td>284</td><td>0.196609</td><td>0.499474</td><td>0.303918</td><td>1</td></tr><tr><td>285</td><td>0.220708</td><td>0.778544</td><td>0.000748799</td><td>1</td></tr><tr><td>286</td><td>0.378986</td><td>0.621014</td><td>2.33593e-11</td><td>1</td></tr><tr><td>287</td><td>0.507554</td><td>0.492446</td><td>0</td><td>1</td></tr><tr><td>288</td><td>0.0288819</td><td>0.971118</td><td>0</td><td>-1</td></tr><tr><td>289</td><td>0.165123</td><td>0.834877</td><td>0</td><td>1</td></tr><tr><td>290</td><td>0.170111</td><td>0.414457</td><td>0.415432</td><td>2</td></tr><tr><td>291</td><td>0.184818</td><td>0.815182</td><td>0</td><td>1</td></tr><tr><td>292</td><td>0.324323</td><td>0.675677</td><td>0</td><td>1</td></tr><tr><td>293</td><td>0.00177066</td><td>0.998229</td><td>5.90285e-09</td><td>1</td></tr><tr><td>294</td><td>0.412893</td><td>0.587107</td><td>0</td><td>1</td></tr><tr><td>295</td><td>0.725764</td><td>0.274236</td><td>0</td><td>1</td></tr><tr><td>296</td><td>0.245812</td><td>0.733138</td><td>0.0210502</td><td>-1</td></tr><tr><td>297</td><td>0.26623</td><td>0.73377</td><td>0</td><td>1</td></tr><tr><td>298</td><td>0.475164</td><td>0.524836</td><td>0</td><td>1</td></tr><tr><td>299</td><td>0.00220507</td><td>0.997795</td><td>0</td><td>1</td></tr><tr><td>300</td><td>0.222638</td><td>0.777362</td><td>0</td><td>1</td></tr><tr><td>301</td><td>0.464532</td><td>0.535468</td><td>0</td><td>1</td></tr><tr><td>302</td><td>0.394575</td><td>0.544546</td><td>0.0608792</td><td>1</td></tr><tr><td>303</td><td>0.0873188</td><td>0.912681</td><td>0</td><td>1</td></tr><tr><td>304</td><td>0.504158</td><td>0.495842</td><td>0</td><td>0</td></tr><tr><td>305</td><td>0.237772</td><td>0.762228</td><td>0</td><td>0</td></tr><tr><td>306</td><td>0.0543502</td><td>0.94565</td><td>0</td><td>1</td></tr><tr><td>307</td><td>0.0505762</td><td>0.918377</td><td>0.0310463</td><td>1</td></tr><tr><td>308</td><td>0.335017</td><td>0.664983</td><td>0</td><td>0</td></tr><tr><td>309</td><td>0.463889</td><td>0.536111</td><td>0</td><td>0</td></tr><tr><td>310</td><td>0.193052</td><td>0.806948</td><td>0</td><td>1</td></tr><tr><td>311</td><td>0.57079</td><td>0.42921</td><td>0</td><td>0</td></tr><tr><td>312</td><td>0.273746</td><td>0.726254</td><td>0</td><td>1</td></tr><tr><td>313</td><td>0.747939</td><td>0.252061</td><td>0</td><td>0</td></tr><tr><td>314</td><td>0.346781</td><td>0.653219</td><td>0</td><td>1</td></tr><tr><td>315</td><td>0.0607699</td><td>0.93923</td><td>0</td><td>-1</td></tr><tr><td>316</td><td>0.314117</td><td>0.606905</td><td>0.0789777</td><td>1</td></tr><tr><td>317</td><td>1</td><td>0</td><td>0</td><td>0</td></tr><tr><td>318</td><td>0.0220474</td><td>0.341497</td><td>0.636456</td><td>2</td></tr><tr><td>319</td><td>0.379607</td><td>0.620393</td><td>0</td><td>-1</td></tr><tr><td>320</td><td>0.0290751</td><td>0.272867</td><td>0.698057</td><td>2</td></tr><tr><td>321</td><td>0.0270905</td><td>0.972909</td><td>8.98386e-08</td><td>1</td></tr><tr><td>322</td><td>0.347079</td><td>0.652921</td><td>0</td><td>1</td></tr><tr><td>323</td><td>1</td><td>0</td><td>0</td><td>-1</td></tr><tr><td>324</td><td>0.00977893</td><td>0.990221</td><td>0</td><td>1</td></tr><tr><td>325</td><td>0.0100314</td><td>0.989969</td><td>0</td><td>1</td></tr><tr><td>326</td><td>0.0220428</td><td>0.977957</td><td>0</td><td>1</td></tr><tr><td>327</td><td>0.0348701</td><td>0.96513</td><td>0</td><td>-1</td></tr><tr><td>328</td><td>0.654948</td><td>0.345052</td><td>0</td><td>1</td></tr><tr><td>329</td><td>0.94682</td><td>0.0531795</td><td>0</td><td>0</td></tr><tr><td>330</td><td>0.306273</td><td>0.693727</td><td>0</td><td>1</td></tr><tr><td>331</td><td>0.0250717</td><td>0.834546</td><td>0.140382</td><td>1</td></tr><tr><td>332</td><td>0.546075</td><td>0.453925</td><td>0</td><td>1</td></tr><tr><td>333</td><td>0.822938</td><td>0.177062</td><td>0</td><td>0</td></tr><tr><td>334</td><td>0.120912</td><td>0.879088</td><td>0</td><td>1</td></tr><tr><td>335</td><td>0.11711</td><td>0.88289</td><td>0</td><td>1</td></tr><tr><td>336</td><td>0.120358</td><td>0.879642</td><td>0</td><td>1</td></tr><tr><td>337</td><td>0.15782</td><td>0.674169</td><td>0.168011</td><td>1</td></tr><tr><td>338</td><td>0.512669</td><td>0.487331</td><td>0</td><td>1</td></tr><tr><td>339</td><td>0.355777</td><td>0.644223</td><td>0</td><td>1</td></tr><tr><td>340</td><td>0.736928</td><td>0.263072</td><td>0</td><td>0</td></tr><tr><td>341</td><td>0.215278</td><td>0.784722</td><td>0</td><td>1</td></tr><tr><td>342</td><td>0.732056</td><td>0.267944</td><td>4.98546e-18</td><td>-1</td></tr><tr><td>343</td><td>0.536511</td><td>0.463489</td><td>0</td><td>1</td></tr><tr><td>344</td><td>0.494883</td><td>0.505117</td><td>0</td><td>1</td></tr><tr><td>345</td><td>0.849401</td><td>0.150599</td><td>0</td><td>-1</td></tr><tr><td>346</td><td>0.14616</td><td>0.771315</td><td>0.0825256</td><td>0</td></tr><tr><td>347</td><td>0.378914</td><td>0.599071</td><td>0.0220158</td><td>1</td></tr><tr><td>348</td><td>0.286552</td><td>0.708813</td><td>0.00463498</td><td>1</td></tr><tr><td>349</td><td>0.33427</td><td>0.579592</td><td>0.0861385</td><td>1</td></tr><tr><td>350</td><td>0.254978</td><td>0.745022</td><td>0</td><td>1</td></tr><tr><td>351</td><td>0.962852</td><td>0.0371484</td><td>0</td><td>0</td></tr><tr><td>352</td><td>0.0820924</td><td>0.733477</td><td>0.18443</td><td>1</td></tr><tr><td>353</td><td>6.90127e-05</td><td>0.999931</td><td>4.73636e-08</td><td>-1</td></tr><tr><td>354</td><td>0.111532</td><td>0.778048</td><td>0.110419</td><td>1</td></tr><tr><td>355</td><td>0.341685</td><td>0.607642</td><td>0.0506734</td><td>0</td></tr><tr><td>356</td><td>0.092902</td><td>0.907079</td><td>1.88381e-05</td><td>1</td></tr><tr><td>357</td><td>0.137506</td><td>0.862494</td><td>0</td><td>1</td></tr><tr><td>358</td><td>0.552331</td><td>0.447669</td><td>0</td><td>1</td></tr><tr><td>359</td><td>0.561822</td><td>0.438178</td><td>0</td><td>-1</td></tr><tr><td>360</td><td>0.450056</td><td>0.549944</td><td>0</td><td>1</td></tr><tr><td>361</td><td>0.302037</td><td>0.697963</td><td>0</td><td>-1</td></tr><tr><td>362</td><td>0.0545302</td><td>0.94547</td><td>0</td><td>1</td></tr><tr><td>363</td><td>0.168456</td><td>0.831544</td><td>9.221e-55</td><td>1</td></tr><tr><td>364</td><td>0.1349</td><td>0.8651</td><td>0</td><td>1</td></tr><tr><td>365</td><td>0.250942</td><td>0.749058</td><td>6.78151e-23</td><td>0</td></tr><tr><td>366</td><td>0.0929834</td><td>0.907017</td><td>0</td><td>1</td></tr><tr><td>367</td><td>0.255146</td><td>0.74463</td><td>0.000223936</td><td>-1</td></tr><tr><td>368</td><td>0.0155223</td><td>0.984478</td><td>0</td><td>1</td></tr><tr><td>369</td><td>0.0152166</td><td>0.984783</td><td>0</td><td>1</td></tr><tr><td>370</td><td>0.108572</td><td>0.889895</td><td>0.00153317</td><td>1</td></tr><tr><td>371</td><td>0.0585664</td><td>0.906691</td><td>0.034743</td><td>1</td></tr><tr><td>372</td><td>0.205801</td><td>0.794199</td><td>0</td><td>1</td></tr><tr><td>373</td><td>0.272712</td><td>0.727288</td><td>0</td><td>-1</td></tr><tr><td>374</td><td>0.188546</td><td>0.811454</td><td>0</td><td>-1</td></tr><tr><td>375</td><td>0.00247599</td><td>0.997524</td><td>0</td><td>1</td></tr><tr><td>376</td><td>0.0672513</td><td>0.865972</td><td>0.0667769</td><td>-1</td></tr><tr><td>377</td><td>0.487688</td><td>0.512312</td><td>0</td><td>0</td></tr><tr><td>378</td><td>0.213943</td><td>0.786057</td><td>0</td><td>1</td></tr><tr><td>379</td><td>0.401064</td><td>0.598936</td><td>0</td><td>1</td></tr><tr><td>380</td><td>0.0742128</td><td>0.925787</td><td>0</td><td>1</td></tr><tr><td>381</td><td>0.299488</td><td>0.700512</td><td>0</td><td>1</td></tr><tr><td>382</td><td>0.118742</td><td>0.863139</td><td>0.018119</td><td>1</td></tr><tr><td>383</td><td>0.545783</td><td>0.454217</td><td>0</td><td>1</td></tr><tr><td>384</td><td>0.175753</td><td>0.824247</td><td>0</td><td>1</td></tr><tr><td>385</td><td>0.935525</td><td>0.0644749</td><td>0</td><td>0</td></tr><tr><td>386</td><td>0.415531</td><td>0.584469</td><td>0</td><td>1</td></tr><tr><td>387</td><td>0.0251009</td><td>0.974899</td><td>0</td><td>1</td></tr><tr><td>388</td><td>0.0795868</td><td>0.920413</td><td>0</td><td>-1</td></tr><tr><td>389</td><td>0.000249866</td><td>0.99975</td><td>0</td><td>1</td></tr><tr><td>390</td><td>0.00648562</td><td>0.993514</td><td>0</td><td>1</td></tr><tr><td>391</td><td>0.220641</td><td>0.779359</td><td>0</td><td>-1</td></tr><tr><td>392</td><td>0.115007</td><td>0.884993</td><td>2.69841e-08</td><td>1</td></tr><tr><td>393</td><td>0.33804</td><td>0.66196</td><td>0</td><td>1</td></tr><tr><td>394</td><td>0.215728</td><td>0.460223</td><td>0.324049</td><td>2</td></tr><tr><td>395</td><td>0.61756</td><td>0.38244</td><td>0</td><td>1</td></tr><tr><td>396</td><td>0.339884</td><td>0.660116</td><td>0</td><td>1</td></tr><tr><td>397</td><td>0.430252</td><td>0.569748</td><td>0</td><td>1</td></tr><tr><td>398</td><td>0.163966</td><td>0.836034</td><td>0</td><td>1</td></tr><tr><td>399</td><td>0.112032</td><td>0.887968</td><td>0</td><td>1</td></tr><tr><td>400</td><td>0.20723</td><td>0.758429</td><td>0.0343416</td><td>1</td></tr><tr><td>401</td><td>0.115076</td><td>0.833048</td><td>0.0518762</td><td>0</td></tr><tr><td>402</td><td>0.281457</td><td>0.68505</td><td>0.0334925</td><td>2</td></tr><tr><td>403</td><td>0.162755</td><td>0.837245</td><td>0</td><td>1</td></tr><tr><td>404</td><td>0.468705</td><td>0.531295</td><td>0</td><td>-1</td></tr><tr><td>405</td><td>0.171954</td><td>0.828046</td><td>0</td><td>1</td></tr><tr><td>406</td><td>0.0120077</td><td>0.987992</td><td>0</td><td>1</td></tr><tr><td>407</td><td>0.0944399</td><td>0.90556</td><td>0</td><td>1</td></tr><tr><td>408</td><td>0.0526222</td><td>0.947378</td><td>0</td><td>1</td></tr><tr><td>409</td><td>0.182004</td><td>0.817991</td><td>4.40336e-06</td><td>1</td></tr><tr><td>410</td><td>0.0109925</td><td>0.989008</td><td>0</td><td>1</td></tr><tr><td>411</td><td>0.386478</td><td>0.613522</td><td>0</td><td>1</td></tr><tr><td>412</td><td>0.47729</td><td>0.52271</td><td>0</td><td>1</td></tr><tr><td>413</td><td>0.316984</td><td>0.651274</td><td>0.0317418</td><td>1</td></tr><tr><td>414</td><td>0.481114</td><td>0.518886</td><td>0</td><td>1</td></tr><tr><td>415</td><td>0.0113667</td><td>0.988633</td><td>0</td><td>1</td></tr><tr><td>416</td><td>0.161403</td><td>0.838597</td><td>0</td><td>1</td></tr><tr><td>417</td><td>0.772091</td><td>0.227909</td><td>0</td><td>-1</td></tr><tr><td>418</td><td>0.373408</td><td>0.626592</td><td>0</td><td>0</td></tr><tr><td>419</td><td>0.134902</td><td>0.865098</td><td>0</td><td>-1</td></tr><tr><td>420</td><td>0.0659981</td><td>0.661897</td><td>0.272105</td><td>2</td></tr><tr><td>421</td><td>1</td><td>0</td><td>0</td><td>0</td></tr><tr><td>422</td><td>0.331967</td><td>0.668033</td><td>0</td><td>-1</td></tr><tr><td>423</td><td>0.97725</td><td>0</td><td>0.0227496</td><td>-1</td></tr><tr><td>424</td><td>0.00335158</td><td>0.996648</td><td>0</td><td>1</td></tr><tr><td>425</td><td>0.0452849</td><td>0.553212</td><td>0.401503</td><td>1</td></tr><tr><td>426</td><td>1</td><td>0</td><td>0</td><td>0</td></tr><tr><td>427</td><td>0.0654673</td><td>0.934533</td><td>0</td><td>-1</td></tr><tr><td>428</td><td>0.808238</td><td>0.191762</td><td>0</td><td>1</td></tr><tr><td>429</td><td>0.806577</td><td>0.193423</td><td>0</td><td>0</td></tr><tr><td>430</td><td>0.362526</td><td>0.637474</td><td>4.22202e-08</td><td>-1</td></tr><tr><td>431</td><td>0.45652</td><td>0.54348</td><td>0</td><td>0</td></tr><tr><td>432</td><td>0.214353</td><td>0.785647</td><td>0</td><td>1</td></tr><tr><td>433</td><td>0.199781</td><td>0.800219</td><td>0</td><td>1</td></tr><tr><td>434</td><td>0.0860293</td><td>0.913971</td><td>0</td><td>1</td></tr><tr><td>435</td><td>0.125012</td><td>0.874988</td><td>0</td><td>1</td></tr><tr><td>436</td><td>0.470726</td><td>0.529274</td><td>0</td><td>0</td></tr><tr><td>437</td><td>0.130052</td><td>0.855277</td><td>0.0146708</td><td>1</td></tr><tr><td>438</td><td>0.0951074</td><td>0.267787</td><td>0.637106</td><td>1</td></tr><tr><td>439</td><td>0.0116925</td><td>0.988307</td><td>1.55025e-07</td><td>1</td></tr><tr><td>440</td><td>0.0526399</td><td>0.94736</td><td>0</td><td>1</td></tr><tr><td>441</td><td>0.501912</td><td>0.498088</td><td>0</td><td>1</td></tr><tr><td>442</td><td>0.120361</td><td>0.446449</td><td>0.43319</td><td>1</td></tr><tr><td>443</td><td>0.00663912</td><td>0.993361</td><td>0</td><td>1</td></tr><tr><td>444</td><td>0.0287125</td><td>0.923579</td><td>0.0477083</td><td>1</td></tr><tr><td>445</td><td>0.798477</td><td>0.201523</td><td>0</td><td>0</td></tr><tr><td>446</td><td>0.213396</td><td>0.786604</td><td>5.81738e-15</td><td>0</td></tr><tr><td>447</td><td>0.150212</td><td>0.643275</td><td>0.206513</td><td>2</td></tr><tr><td>448</td><td>0.0261313</td><td>0.973869</td><td>0</td><td>1</td></tr><tr><td>449</td><td>1</td><td>0</td><td>0</td><td>0</td></tr><tr><td>450</td><td>0.341004</td><td>0.658996</td><td>0</td><td>1</td></tr><tr><td>451</td><td>0.452736</td><td>0.547264</td><td>0</td><td>-1</td></tr><tr><td>452</td><td>0.146754</td><td>0.853246</td><td>0</td><td>-1</td></tr><tr><td>453</td><td>0.997265</td><td>0.00273521</td><td>8.56627e-82</td><td>0</td></tr><tr><td>454</td><td>0.473901</td><td>0.498601</td><td>0.0274984</td><td>0</td></tr><tr><td>455</td><td>0.341103</td><td>0.637591</td><td>0.0213061</td><td>1</td></tr><tr><td>456</td><td>0.0715654</td><td>0.928435</td><td>3.18989e-21</td><td>1</td></tr><tr><td>457</td><td>0.0472196</td><td>0.236188</td><td>0.716593</td><td>2</td></tr><tr><td>458</td><td>0.8714</td><td>0.1286</td><td>0</td><td>-1</td></tr><tr><td>459</td><td>0.0919019</td><td>0.862205</td><td>0.0458926</td><td>1</td></tr><tr><td>460</td><td>0.00782173</td><td>0.992178</td><td>2.50381e-84</td><td>0</td></tr><tr><td>461</td><td>0.548431</td><td>0.451569</td><td>0</td><td>0</td></tr><tr><td>462</td><td>0.505853</td><td>0.494146</td><td>1.4167e-06</td><td>1</td></tr><tr><td>463</td><td>0.51216</td><td>0.484326</td><td>0.00351412</td><td>1</td></tr><tr><td>464</td><td>0.0639415</td><td>0.936059</td><td>0</td><td>-1</td></tr><tr><td>465</td><td>0.366955</td><td>0.487316</td><td>0.145729</td><td>2</td></tr><tr><td>466</td><td>0.609074</td><td>0.390926</td><td>0</td><td>1</td></tr><tr><td>467</td><td>0.57667</td><td>0.407368</td><td>0.0159614</td><td>0</td></tr><tr><td>468</td><td>0.180471</td><td>0.7574</td><td>0.0621289</td><td>1</td></tr><tr><td>469</td><td>0.999623</td><td>0.000376697</td><td>0</td><td>0</td></tr><tr><td>470</td><td>0.315347</td><td>0.684653</td><td>0</td><td>1</td></tr><tr><td>471</td><td>0.0460751</td><td>0.953925</td><td>0</td><td>1</td></tr><tr><td>472</td><td>0.744099</td><td>0.255901</td><td>0</td><td>0</td></tr><tr><td>473</td><td>0.0150559</td><td>0.984941</td><td>3.27912e-06</td><td>1</td></tr><tr><td>474</td><td>0.594125</td><td>0.405875</td><td>0</td><td>0</td></tr><tr><td>475</td><td>0.413927</td><td>0.586073</td><td>0</td><td>1</td></tr><tr><td>476</td><td>0.549907</td><td>0.450093</td><td>0</td><td>1</td></tr><tr><td>477</td><td>0.164347</td><td>0.835653</td><td>0</td><td>0</td></tr><tr><td>478</td><td>0.0674359</td><td>0.444852</td><td>0.487712</td><td>-1</td></tr><tr><td>479</td><td>0.0823885</td><td>0.917612</td><td>0</td><td>-1</td></tr><tr><td>480</td><td>0.50470