<!DOCTYPE HTML PUBLIC "-//W3C//DTD HTML 4.01 Transitional//EN">

<html>
<head>
<script src="http://transp-or.epfl.ch/biogeme/sorttable.js"></script>
<meta http-equiv='Content-Type' content='text/html; charset=utf-8' />
<title>Model5_cardOwner_sim~1.html - Report from biogeme 2.6a [Mon Apr 24 10:21:29 BST 2017]</title>
<meta name="keywords" content="biogeme, discrete choice, random utility">
<meta name="description" content="Report from biogeme 2.6a [Mon Apr 24 10:21:29 BST 2017]">
<meta name="author" content="Michel Bierlaire">
<style type=text/css>
<!--table
.biostyle
	{font-size:10.0pt;
	font-weight:400;
	font-style:normal;
	font-family:Courier;}
.boundstyle
	{font-size:10.0pt;
	font-weight:400;
	font-style:normal;
	font-family:Courier;
        color:red}
-->
</style>
</head>

<body bgcolor="#ffffff">
<p>biogeme 2.6a [Mon Apr 24 10:21:29 BST 2017]</p>
<p>Home page: <a href='http://biogeme.epfl.ch' target='_blank'>http://biogeme.epfl.ch</a></p>
<p>Submit questions to <a href='https://groups.google.com/d/forum/biogeme' target='_blank'>https://groups.google.com/d/forum/biogeme</a></p>
<p><a href='http://people.epfl.ch/michel.bierlaire'>Michel Bierlaire</a>, <a href='http://transp-or.epfl.ch'>Transport and Mobility Laboratory</a>, <a href='http://www.epfl.ch'>Ecole Polytechnique F&eacute;d&eacute;rale de Lausanne (EPFL)</a></p>
<p>This file has automatically been generated on
Mon Nov 13 16:54:31 2017</p>
<p>If you drag this HTML file into the Calc application of <a href='http://www.openoffice.org/' target='_blank'>OpenOffice</a>, or the spreadsheet of <a href='https://www.libreoffice.org/' target='_blank'>LibreOffice</a>, you will be able to perform additional calculations.</p><table><tr class=biostyle><td align=right><strong>Report file</strong>:	</td><td>Model5_cardOwner_sim~1.html</td></tr><tr class=biostyle><td align=right><strong>Sample file</strong>:	</td><td>__bin_data.dat</td></tr></table><h1>Simulation report</h1>

<p>Number of draws for Monte-Carlo: 1000</p>
<p>Type of draws: MLHS</p>
<h2>Aggregate values</h2><table border='1'>
<tr><th></th><th>01 Prob. PT</th><th>02 Prob. PM</th><th>03 Prob. SM</th><th>Choice</th></tr><tr><th>Total</th><td>663.863</td><td>1272.45</td><td>101.685</td><td>1017</td></tr><tr><th>Average</th><td>0.325742</td><td>0.624363</td><td>0.0498944</td><td>0.499019</td></tr><tr><th>Non zeros</th><td>2038</td><td>1952</td><td>707</td><td>1569</td></tr><tr><th>Non zeros average</th><td>0.325742</td><td>0.651871</td><td>0.143826</td><td>0.648184</td></tr><tr><th>Minimum</th><td>1.07602e-08</td><td>0</td><td>0</td><td>-1</td></tr><tr><th>Maximum</th><td>1</td><td>1</td><td>0.998938</td><td>2</td></tr></table><h2>Detailed records</h2><table border='1'>
<tr><th>Row</th><th>01 Prob. PT</th><th>02 Prob. PM</th><th>03 Prob. SM</th><th>Choice</th></tr><tr><td>1</td><td>1</td><td>0</td><td>0</td><td>0</td></tr><tr><td>2</td><td>0.170618</td><td>0.790001</td><td>0.039381</td><td>1</td></tr><tr><td>3</td><td>0.295533</td><td>0.704467</td><td>0</td><td>1</td></tr><tr><td>4</td><td>0.0419469</td><td>0.958053</td><td>0</td><td>1</td></tr><tr><td>5</td><td>0.21596</td><td>0.784039</td><td>3.85965e-07</td><td>1</td></tr><tr><td>6</td><td>0.027532</td><td>0.969606</td><td>0.00286246</td><td>1</td></tr><tr><td>7</td><td>0.273839</td><td>0.726161</td><td>0</td><td>1</td></tr><tr><td>8</td><td>0.836384</td><td>0.163616</td><td>0</td><td>0</td></tr><tr><td>9</td><td>0.113394</td><td>0.826627</td><td>0.0599785</td><td>1</td></tr><tr><td>10</td><td>0.0136746</td><td>0.986325</td><td>0</td><td>1</td></tr><tr><td>11</td><td>0.188464</td><td>0.806103</td><td>0.0054326</td><td>-1</td></tr><tr><td>12</td><td>0.098039</td><td>0.901961</td><td>0</td><td>1</td></tr><tr><td>13</td><td>0.207586</td><td>0.761742</td><td>0.0306721</td><td>1</td></tr><tr><td>14</td><td>0.131684</td><td>0.782258</td><td>0.0860579</td><td>1</td></tr><tr><td>15</td><td>0.496337</td><td>0.503663</td><td>0</td><td>1</td></tr><tr><td>16</td><td>0.0749655</td><td>0.525797</td><td>0.399238</td><td>2</td></tr><tr><td>17</td><td>0.151912</td><td>0.848088</td><td>0</td><td>0</td></tr><tr><td>18</td><td>0.249333</td><td>0.750667</td><td>0</td><td>1</td></tr><tr><td>19</td><td>0.597441</td><td>0.382013</td><td>0.0205453</td><td>-1</td></tr><tr><td>20</td><td>0.0695611</td><td>0.930439</td><td>0</td><td>1</td></tr><tr><td>21</td><td>0.943077</td><td>0.056923</td><td>2.0003e-48</td><td>0</td></tr><tr><td>22</td><td>0.740896</td><td>0.259104</td><td>1.45344e-13</td><td>0</td></tr><tr><td>23</td><td>0.21146</td><td>0.78854</td><td>0</td><td>-1</td></tr><tr><td>24</td><td>0.46433</td><td>0.53567</td><td>0</td><td>1</td></tr><tr><td>25</td><td>0.878142</td><td>0.121858</td><td>0</td><td>0</td></tr><tr><td>26</td><td>0.0196085</td><td>0.980391</td><td>0</td><td>-1</td></tr><tr><td>27</td><td>0.877599</td><td>0.122401</td><td>0</td><td>0</td></tr><tr><td>28</td><td>0.0667847</td><td>0.522939</td><td>0.410276</td><td>2</td></tr><tr><td>29</td><td>0.0713854</td><td>0.928615</td><td>2.06082e-13</td><td>-1</td></tr><tr><td>30</td><td>0.684119</td><td>0.315881</td><td>0</td><td>1</td></tr><tr><td>31</td><td>0.125518</td><td>0.497467</td><td>0.377015</td><td>1</td></tr><tr><td>32</td><td>0.0180765</td><td>0.981924</td><td>0</td><td>1</td></tr><tr><td>33</td><td>0.293931</td><td>0.706069</td><td>0</td><td>0</td></tr><tr><td>34</td><td>0.91042</td><td>0.0895803</td><td>0</td><td>1</td></tr><tr><td>35</td><td>0.269913</td><td>0.730087</td><td>0</td><td>-1</td></tr><tr><td>36</td><td>0.649035</td><td>0.350965</td><td>0</td><td>0</td></tr><tr><td>37</td><td>0.381972</td><td>0.618028</td><td>0</td><td>0</td></tr><tr><td>38</td><td>0.41741</td><td>0.544212</td><td>0.0383784</td><td>0</td></tr><tr><td>39</td><td>0.121298</td><td>0.878702</td><td>0</td><td>1</td></tr><tr><td>40</td><td>0.089836</td><td>0.910164</td><td>0</td><td>-1</td></tr><tr><td>41</td><td>0.211557</td><td>0.788443</td><td>0</td><td>1</td></tr><tr><td>42</td><td>0.246215</td><td>0.753785</td><td>0</td><td>1</td></tr><tr><td>43</td><td>0.0352675</td><td>0.964733</td><td>0</td><td>-1</td></tr><tr><td>44</td><td>0.00559311</td><td>0.994407</td><td>0</td><td>-1</td></tr><tr><td>45</td><td>0.190627</td><td>0.809373</td><td>0</td><td>0</td></tr><tr><td>46</td><td>0.00227534</td><td>0.997725</td><td>0</td><td>1</td></tr><tr><td>47</td><td>1</td><td>0</td><td>0</td><td>0</td></tr><tr><td>48</td><td>0.0294531</td><td>0.970547</td><td>0</td><td>1</td></tr><tr><td>49</td><td>0.0326437</td><td>0.967356</td><td>0</td><td>1</td></tr><tr><td>50</td><td>0.00970089</td><td>0.990299</td><td>0</td><td>1</td></tr><tr><td>51</td><td>0.162089</td><td>0.837911</td><td>0</td><td>1</td></tr><tr><td>52</td><td>0.964492</td><td>0.0355081</td><td>0</td><td>0</td></tr><tr><td>53</td><td>0.0535621</td><td>0.946438</td><td>0</td><td>1</td></tr><tr><td>54</td><td>1</td><td>0</td><td>0</td><td>0</td></tr><tr><td>55</td><td>0.946451</td><td>0.0535488</td><td>0</td><td>-1</td></tr><tr><td>56</td><td>0.162806</td><td>0.837194</td><td>0</td><td>1</td></tr><tr><td>57</td><td>0.0944683</td><td>0.905532</td><td>0</td><td>2</td></tr><tr><td>58</td><td>0.665229</td><td>0.334771</td><td>0</td><td>-1</td></tr><tr><td>59</td><td>0.00313395</td><td>0.679279</td><td>0.317587</td><td>1</td></tr><tr><td>60</td><td>0.599333</td><td>0.399261</td><td>0.00140574</td><td>1</td></tr><tr><td>61</td><td>0.0993264</td><td>0.850908</td><td>0.0497654</td><td>-1</td></tr><tr><td>62</td><td>0.0314264</td><td>0.327199</td><td>0.641374</td><td>2</td></tr><tr><td>63</td><td>0.0171622</td><td>0.512962</td><td>0.469876</td><td>1</td></tr><tr><td>64</td><td>0.0876294</td><td>0.912371</td><td>0</td><td>1</td></tr><tr><td>65</td><td>0.20581</td><td>0.79419</td><td>0</td><td>1</td></tr><tr><td>66</td><td>0.0569315</td><td>0.680613</td><td>0.262455</td><td>2</td></tr><tr><td>67</td><td>0.0182667</td><td>0.588324</td><td>0.393409</td><td>1</td></tr><tr><td>68</td><td>0.258029</td><td>0.636489</td><td>0.105481</td><td>2</td></tr><tr><td>69</td><td>0.634447</td><td>0.365553</td><td>0</td><td>1</td></tr><tr><td>70</td><td>0.462316</td><td>0.537684</td><td>0</td><td>1</td></tr><tr><td>71</td><td>0.12907</td><td>0.87093</td><td>0</td><td>2</td></tr><tr><td>72</td><td>0.417613</td><td>0.582387</td><td>0</td><td>-1</td></tr><tr><td>73</td><td>0.0398164</td><td>0.960184</td><td>0</td><td>1</td></tr><tr><td>74</td><td>0.218665</td><td>0.43392</td><td>0.347415</td><td>2</td></tr><tr><td>75</td><td>0.277049</td><td>0.417379</td><td>0.305571</td><td>1</td></tr><tr><td>76</td><td>0.0884224</td><td>0.911578</td><td>0</td><td>0</td></tr><tr><td>77</td><td>0.0146445</td><td>0.258844</td><td>0.726511</td><td>1</td></tr><tr><td>78</td><td>0.00954752</td><td>0.990452</td><td>0</td><td>1</td></tr><tr><td>79</td><td>0.133988</td><td>0.802159</td><td>0.0638532</td><td>1</td></tr><tr><td>80</td><td>0.113223</td><td>0.841097</td><td>0.0456799</td><td>1</td></tr><tr><td>81</td><td>0.0268027</td><td>0.973197</td><td>0</td><td>1</td></tr><tr><td>82</td><td>0.410964</td><td>0.589036</td><td>0</td><td>0</td></tr><tr><td>83</td><td>0.214128</td><td>0.785872</td><td>0</td><td>-1</td></tr><tr><td>84</td><td>0.303896</td><td>0.667536</td><td>0.0285679</td><td>1</td></tr><tr><td>85</td><td>0.0194346</td><td>0.980565</td><td>0</td><td>1</td></tr><tr><td>86</td><td>0.227134</td><td>0.744322</td><td>0.0285444</td><td>-1</td></tr><tr><td>87</td><td>0.443781</td><td>0.556219</td><td>0</td><td>1</td></tr><tr><td>88</td><td>0.698832</td><td>0.300137</td><td>0.0010311</td><td>0</td></tr><tr><td>89</td><td>0.715908</td><td>0.284092</td><td>0</td><td>0</td></tr><tr><td>90</td><td>0.22588</td><td>0.77412</td><td>0</td><td>1</td></tr><tr><td>91</td><td>0.717407</td><td>0.282593</td><td>0</td><td>0</td></tr><tr><td>92</td><td>0.0259519</td><td>0.974048</td><td>3.18884e-32</td><td>0</td></tr><tr><td>93</td><td>0.00683174</td><td>0.993168</td><td>0</td><td>1</td></tr><tr><td>94</td><td>0.454165</td><td>0.545835</td><td>0</td><td>-1</td></tr><tr><td>95</td><td>0.395116</td><td>0.527145</td><td>0.0777384</td><td>1</td></tr><tr><td>96</td><td>0.0297906</td><td>0.970209</td><td>0</td><td>1</td></tr><tr><td>97</td><td>0.96812</td><td>0.0318803</td><td>0</td><td>0</td></tr><tr><td>98</td><td>0.105032</td><td>0.894968</td><td>0</td><td>1</td></tr><tr><td>99</td><td>0.380307</td><td>0.619693</td><td>0</td><td>1</td></tr><tr><td>100</td><td>0.946195</td><td>0</td><td>0.0538054</td><td>-1</td></tr><tr><td>101</td><td>0.618928</td><td>0.380447</td><td>0.000624519</td><td>0</td></tr><tr><td>102</td><td>0.883011</td><td>0.116989</td><td>0</td><td>0</td></tr><tr><td>103</td><td>0.0575925</td><td>0.494774</td><td>0.447633</td><td>2</td></tr><tr><td>104</td><td>0.164099</td><td>0.835901</td><td>0</td><td>1</td></tr><tr><td>105</td><td>0.545672</td><td>0.454328</td><td>0</td><td>0</td></tr><tr><td>106</td><td>0.000208027</td><td>0.999792</td><td>3.24412e-75</td><td>1</td></tr><tr><td>107</td><td>0.262537</td><td>0.623686</td><td>0.113778</td><td>1</td></tr><tr><td>108</td><td>0.109892</td><td>0.889819</td><td>0.000289141</td><td>0</td></tr><tr><td>109</td><td>0.0762599</td><td>0.92374</td><td>2.35136e-23</td><td>-1</td></tr><tr><td>110</td><td>0.987826</td><td>0.012174</td><td>5.25012e-69</td><td>-1</td></tr><tr><td>111</td><td>0.794318</td><td>0.205682</td><td>0</td><td>0</td></tr><tr><td>112</td><td>0.571951</td><td>0.428049</td><td>0</td><td>0</td></tr><tr><td>113</td><td>0.812447</td><td>0.187553</td><td>0</td><td>1</td></tr><tr><td>114</td><td>0.00623043</td><td>0.993661</td><td>0.00010857</td><td>1</td></tr><tr><td>115</td><td>0.147163</td><td>0.852836</td><td>6.04578e-08</td><td>1</td></tr><tr><td>116</td><td>0.0878526</td><td>0.912127</td><td>2.07348e-05</td><td>1</td></tr><tr><td>117</td><td>0.745828</td><td>0.254172</td><td>0</td><td>1</td></tr><tr><td>118</td><td>0.978489</td><td>0.021511</td><td>0</td><td>-1</td></tr><tr><td>119</td><td>0.344731</td><td>0.655269</td><td>0</td><td>-1</td></tr><tr><td>120</td><td>0.222123</td><td>0.722323</td><td>0.0555537</td><td>1</td></tr><tr><td>121</td><td>0.23634</td><td>0.76366</td><td>0</td><td>1</td></tr><tr><td>122</td><td>0.891243</td><td>0.108757</td><td>0</td><td>0</td></tr><tr><td>123</td><td>0.234568</td><td>0.765432</td><td>0</td><td>1</td></tr><tr><td>124</td><td>0.129504</td><td>0.870496</td><td>0</td><td>1</td></tr><tr><td>125</td><td>0.29125</td><td>0.70875</td><td>1.6359e-09</td><td>1</td></tr><tr><td>126</td><td>0.0774899</td><td>0.92251</td><td>0</td><td>1</td></tr><tr><td>127</td><td>0.603195</td><td>0.396805</td><td>0</td><td>1</td></tr><tr><td>128</td><td>0.265298</td><td>0.554325</td><td>0.180377</td><td>1</td></tr><tr><td>129</td><td>0.241521</td><td>0.758479</td><td>0</td><td>1</td></tr><tr><td>130</td><td>0.91023</td><td>0.0897705</td><td>0</td><td>0</td></tr><tr><td>131</td><td>0.024785</td><td>0.975215</td><td>0</td><td>-1</td></tr><tr><td>132</td><td>0.249688</td><td>0.750312</td><td>2.00379e-08</td><td>0</td></tr><tr><td>133</td><td>0.886255</td><td>0.113745</td><td>0</td><td>1</td></tr><tr><td>134</td><td>0.17372</td><td>0.753644</td><td>0.0726363</td><td>1</td></tr><tr><td>135</td><td>0.0134043</td><td>0.986596</td><td>0</td><td>1</td></tr><tr><td>136</td><td>0.302242</td><td>0.697758</td><td>0</td><td>1</td></tr><tr><td>137</td><td>0.109666</td><td>0.535443</td><td>0.354891</td><td>2</td></tr><tr><td>138</td><td>0.312128</td><td>0.687872</td><td>0</td><td>0</td></tr><tr><td>139</td><td>0.175147</td><td>0.824853</td><td>1.22165e-18</td><td>1</td></tr><tr><td>140</td><td>0.0467696</td><td>0.95323</td><td>0</td><td>1</td></tr><tr><td>141</td><td>0.0942555</td><td>0.905744</td><td>0</td><td>1</td></tr><tr><td>142</td><td>0.944175</td><td>0.055825</td><td>0</td><td>-1</td></tr><tr><td>143</td><td>0.98426</td><td>0</td><td>0.0157403</td><td>0</td></tr><tr><td>144</td><td>0.717707</td><td>0.282293</td><td>0</td><td>0</td></tr><tr><td>145</td><td>0.285852</td><td>0.714148</td><td>0</td><td>-1</td></tr><tr><td>146</td><td>1.07602e-08</td><td>1</td><td>0</td><td>1</td></tr><tr><td>147</td><td>0.252559</td><td>0.747441</td><td>0</td><td>1</td></tr><tr><td>148</td><td>0.58398</td><td>0.41602</td><td>0</td><td>0</td></tr><tr><td>149</td><td>0.0849569</td><td>0.915043</td><td>2.61885e-20</td><td>1</td></tr><tr><td>150</td><td>0.16934</td><td>0.83066</td><td>0</td><td>1</td></tr><tr><td>151</td><td>0.953764</td><td>0.0462363</td><td>0</td><td>0</td></tr><tr><td>152</td><td>1</td><td>0</td><td>0</td><td>0</td></tr><tr><td>153</td><td>1.08142e-05</td><td>0.999989</td><td>0</td><td>1</td></tr><tr><td>154</td><td>0.463392</td><td>0.536608</td><td>0</td><td>-1</td></tr><tr><td>155</td><td>0.119374</td><td>0.880626</td><td>0</td><td>-1</td></tr><tr><td>156</td><td>0.699813</td><td>0.300187</td><td>0</td><td>0</td></tr><tr><td>157</td><td>0.44973</td><td>0.478702</td><td>0.0715675</td><td>1</td></tr><tr><td>158</td><td>0.174899</td><td>0.825101</td><td>0</td><td>1</td></tr><tr><td>159</td><td>0.36176</td><td>0.621453</td><td>0.0167874</td><td>0</td></tr><tr><td>160</td><td>0.197522</td><td>0.792138</td><td>0.0103403</td><td>-1</td></tr><tr><td>161</td><td>0.772607</td><td>0.227393</td><td>0</td><td>0</td></tr><tr><td>162</td><td>0.783148</td><td>0.216852</td><td>0</td><td>0</td></tr><tr><td>163</td><td>0.478199</td><td>0.521801</td><td>0</td><td>-1</td></tr><tr><td>164</td><td>0.737192</td><td>0.262808</td><td>0</td><td>0</td></tr><tr><td>165</td><td>0.140723</td><td>0.859277</td><td>0</td><td>0</td></tr><tr><td>166</td><td>0.343644</td><td>0.656356</td><td>1.05831e-13</td><td>0</td></tr><tr><td>167</td><td>0.439801</td><td>0.560199</td><td>0</td><td>0</td></tr><tr><td>168</td><td>0.000935446</td><td>0.999065</td><td>0</td><td>1</td></tr><tr><td>169</td><td>0.60328</td><td>0.39672</td><td>0</td><td>0</td></tr><tr><td>170</td><td>0.105108</td><td>0.800432</td><td>0.0944594</td><td>1</td></tr><tr><td>171</td><td>0.0714966</td><td>0.262418</td><td>0.666086</td><td>2</td></tr><tr><td>172</td><td>0.169991</td><td>0.830009</td><td>0</td><td>1</td></tr><tr><td>173</td><td>0.256019</td><td>0.743981</td><td>0</td><td>1</td></tr><tr><td>174</td><td>0.556838</td><td>0.439205</td><td>0.00395707</td><td>0</td></tr><tr><td>175</td><td>0.236636</td><td>0.763364</td><td>0</td><td>2</td></tr><tr><td>176</td><td>0.0555444</td><td>0.944456</td><td>0</td><td>1</td></tr><tr><td>177</td><td>0.14804</td><td>0.85196</td><td>0</td><td>1</td></tr><tr><td>178</td><td>1</td><td>0</td><td>0</td><td>0</td></tr><tr><td>179</td><td>0.486876</td><td>0.513124</td><td>0</td><td>-1</td></tr><tr><td>180</td><td>0.946976</td><td>0.0530236</td><td>0</td><td>0</td></tr><tr><td>181</td><td>0.0440951</td><td>0.955905</td><td>0</td><td>1</td></tr><tr><td>182</td><td>0.413372</td><td>0.586628</td><td>0</td><td>-1</td></tr><tr><td>183</td><td>0.187764</td><td>0.738245</td><td>0.0739903</td><td>1</td></tr><tr><td>184</td><td>0.0641248</td><td>0.864961</td><td>0.0709138</td><td>1</td></tr><tr><td>185</td><td>0.276967</td><td>0.718311</td><td>0.00472288</td><td>1</td></tr><tr><td>186</td><td>0.257208</td><td>0.653104</td><td>0.0896884</td><td>1</td></tr><tr><td>187</td><td>0.231522</td><td>0.768478</td><td>0</td><td>1</td></tr><tr><td>188</td><td>0.228369</td><td>0.771518</td><td>0.000113615</td><td>1</td></tr><tr><td>189</td><td>0.237956</td><td>0.762044</td><td>0</td><td>1</td></tr><tr><td>190</td><td>0.427602</td><td>0.572398</td><td>0</td><td>1</td></tr><tr><td>191</td><td>0.999759</td><td>0.000241238</td><td>0</td><td>-1</td></tr><tr><td>192</td><td>1</td><td>0</td><td>1.38409e-48</td><td>-1</td></tr><tr><td>193</td><td>0.343306</td><td>0.656694</td><td>0</td><td>1</td></tr><tr><td>194</td><td>0.00494452</td><td>0.995055</td><td>0</td><td>1</td></tr><tr><td>195</td><td>0.078341</td><td>0.921659</td><td>0</td><td>1</td></tr><tr><td>196</td><td>0.078737</td><td>0.921263</td><td>0</td><td>1</td></tr><tr><td>197</td><td>0.298843</td><td>0.701157</td><td>0</td><td>1</td></tr><tr><td>198</td><td>0.578684</td><td>0.421316</td><td>0</td><td>-1</td></tr><tr><td>199</td><td>0.18208</td><td>0.81792</td><td>0</td><td>1</td></tr><tr><td>200</td><td>0.146973</td><td>0.803067</td><td>0.0499605</td><td>1</td></tr><tr><td>201</td><td>0.443608</td><td>0.556392</td><td>0</td><td>1</td></tr><tr><td>202</td><td>0.015553</td><td>0.984447</td><td>0</td><td>1</td></tr><tr><td>203</td><td>0.38405</td><td>0.61595</td><td>0</td><td>1</td></tr><tr><td>204</td><td>0.721639</td><td>0.278111</td><td>0.000249553</td><td>0</td></tr><tr><td>205</td><td>0.755911</td><td>0.244089</td><td>0</td><td>0</td></tr><tr><td>206</td><td>0.342635</td><td>0.657365</td><td>0</td><td>1</td></tr><tr><td>207</td><td>0.258722</td><td>0.717331</td><td>0.0239473</td><td>1</td></tr><tr><td>208</td><td>0.301586</td><td>0.698414</td><td>0</td><td>1</td></tr><tr><td>209</td><td>0.0586718</td><td>0.286348</td><td>0.65498</td><td>2</td></tr><tr><td>210</td><td>0.159918</td><td>0.822191</td><td>0.0178914</td><td>1</td></tr><tr><td>211</td><td>0.276882</td><td>0.723118</td><td>0</td><td>1</td></tr><tr><td>212</td><td>0.0730369</td><td>0.926963</td><td>0</td><td>1</td></tr><tr><td>213</td><td>0.676948</td><td>0.323052</td><td>5.22206e-08</td><td>0</td></tr><tr><td>214</td><td>0.381094</td><td>0.618906</td><td>0</td><td>-1</td></tr><tr><td>215</td><td>0.370922</td><td>0.629078</td><td>0</td><td>1</td></tr><tr><td>216</td><td>0.083786</td><td>0.916214</td><td>0</td><td>1</td></tr><tr><td>217</td><td>0.0924931</td><td>0.907389</td><td>0.000117713</td><td>-1</td></tr><tr><td>218</td><td>0.579395</td><td>0.420605</td><td>0</td><td>2</td></tr><tr><td>219</td><td>0.240055</td><td>0.759945</td><td>0</td><td>1</td></tr><tr><td>220</td><td>0.000451229</td><td>0.999549</td><td>1.82642e-14</td><td>1</td></tr><tr><td>221</td><td>0.0391101</td><td>0.958716</td><td>0.00217396</td><td>1</td></tr><tr><td>222</td><td>0.347049</td><td>0.652951</td><td>0</td><td>1</td></tr><tr><td>223</td><td>0.0483507</td><td>0.513487</td><td>0.438163</td><td>1</td></tr><tr><td>224</td><td>0.526222</td><td>0.473778</td><td>0</td><td>1</td></tr><tr><td>225</td><td>0.188859</td><td>0.811141</td><td>0</td><td>1</td></tr><tr><td>226</td><td>9.63821e-05</td><td>0.999904</td><td>0</td><td>1</td></tr><tr><td>227</td><td>0.674433</td><td>0.325567</td><td>2.71384e-17</td><td>0</td></tr><tr><td>228</td><td>0.00847657</td><td>0.991523</td><td>0</td><td>1</td></tr><tr><td>229</td><td>0.23074</td><td>0.699751</td><td>0.0695088</td><td>1</td></tr><tr><td>230</td><td>0.198596</td><td>0.801404</td><td>1.64662e-07</td><td>1</td></tr><tr><td>231</td><td>1</td><td>0</td><td>1.21043e-17</td><td>0</td></tr><tr><td>232</td><td>4.48375e-05</td><td>0.999955</td><td>7.01257e-27</td><td>1</td></tr><tr><td>233</td><td>0.325841</td><td>0.670197</td><td>0.00396128</td><td>0</td></tr><tr><td>234</td><td>0.428971</td><td>0.571029</td><td>0</td><td>2</td></tr><tr><td>235</td><td>0.241957</td><td>0.758043</td><td>0</td><td>1</td></tr><tr><td>236</td><td>0.236816</td><td>0.763184</td><td>0</td><td>1</td></tr><tr><td>237</td><td>0.177026</td><td>0.822974</td><td>0</td><td>1</td></tr><tr><td>238</td><td>0.322434</td><td>0.677566</td><td>3.06118e-14</td><td>-1</td></tr><tr><td>239</td><td>0.421747</td><td>0.544954</td><td>0.0332996</td><td>1</td></tr><tr><td>240</td><td>0.464719</td><td>0.53528</td><td>2.36365e-07</td><td>0</td></tr><tr><td>241</td><td>0.859564</td><td>0.140436</td><td>0</td><td>-1</td></tr><tr><td>242</td><td>0.0347933</td><td>0.965207</td><td>0</td><td>-1</td></tr><tr><td>243</td><td>0.0798948</td><td>0.920105</td><td>0</td><td>-1</td></tr><tr><td>244</td><td>0.279582</td><td>0.720418</td><td>0</td><td>1</td></tr><tr><td>245</td><td>0.0129243</td><td>0.987076</td><td>3.58048e-17</td><td>1</td></tr><tr><td>246</td><td>0.170598</td><td>0.829402</td><td>0</td><td>0</td></tr><tr><td>247</td><td>0.0488751</td><td>0.897932</td><td>0.0531933</td><td>1</td></tr><tr><td>248</td><td>0.849651</td><td>0.150349</td><td>0</td><td>0</td></tr><tr><td>249</td><td>0.117279</td><td>0.864499</td><td>0.0182223</td><td>-1</td></tr><tr><td>250</td><td>0.40523</td><td>0.59477</td><td>0</td><td>1</td></tr><tr><td>251</td><td>0.213576</td><td>0.647145</td><td>0.139279</td><td>1</td></tr><tr><td>252</td><td>0.00197908</td><td>0.998021</td><td>0</td><td>1</td></tr><tr><td>253</td><td>0.10386</td><td>0.301594</td><td>0.594545</td><td>1</td></tr><tr><td>254</td><td>0.104843</td><td>0.830373</td><td>0.0647844</td><td>1</td></tr><tr><td>255</td><td>0.232919</td><td>0.25489</td><td>0.512191</td><td>2</td></tr><tr><td>256</td><td>0.322017</td><td>0.677983</td><td>0</td><td>1</td></tr><tr><td>257</td><td>0.189747</td><td>0.810152</td><td>0.000101189</td><td>1</td></tr><tr><td>258</td><td>0.000497651</td><td>0.999502</td><td>0</td><td>1</td></tr><tr><td>259</td><td>0.317546</td><td>0.682454</td><td>0</td><td>0</td></tr><tr><td>260</td><td>0.0456608</td><td>0.609443</td><td>0.344896</td><td>1</td></tr><tr><td>261</td><td>0.392451</td><td>0.607549</td><td>0</td><td>1</td></tr><tr><td>262</td><td>0.00429052</td><td>0.995709</td><td>5.32533e-12</td><td>1</td></tr><tr><td>263</td><td>1</td><td>0</td><td>1.92503e-52</td><td>-1</td></tr><tr><td>264</td><td>0.84995</td><td>0.15005</td><td>0</td><td>0</td></tr><tr><td>265</td><td>0.328246</td><td>0.59814</td><td>0.0736138</td><td>1</td></tr><tr><td>266</td><td>0.0125881</td><td>0.987412</td><td>0</td><td>1</td></tr><tr><td>267</td><td>0.450833</td><td>0.541314</td><td>0.00785287</td><td>1</td></tr><tr><td>268</td><td>0.092306</td><td>0.907694</td><td>0</td><td>1</td></tr><tr><td>269</td><td>0.584834</td><td>0.415166</td><td>0</td><td>0</td></tr><tr><td>270</td><td>0.470921</td><td>0.529079</td><td>0</td><td>1</td></tr><tr><td>271</td><td>0.0526891</td><td>0.347629</td><td>0.599682</td><td>-1</td></tr><tr><td>272</td><td>0.00964474</td><td>0.990355</td><td>0</td><td>-1</td></tr><tr><td>273</td><td>0.943099</td><td>0.0569007</td><td>0</td><td>0</td></tr><tr><td>274</td><td>0.654753</td><td>0.345247</td><td>0</td><td>1</td></tr><tr><td>275</td><td>0.287204</td><td>0.712796</td><td>0</td><td>1</td></tr><tr><td>276</td><td>0.950237</td><td>0.0497626</td><td>0</td><td>0</td></tr><tr><td>277</td><td>0.0960066</td><td>0.903993</td><td>0</td><td>1</td></tr><tr><td>278</td><td>0.67144</td><td>0.32856</td><td>0</td><td>-1</td></tr><tr><td>279</td><td>0.999613</td><td>0.00038653</td><td>0</td><td>-1</td></tr><tr><td>280</td><td>0.299248</td><td>0.700752</td><td>0</td><td>1</td></tr><tr><td>281</td><td>0.212733</td><td>0.787267</td><td>0</td><td>1</td></tr><tr><td>282</td><td>0.0224777</td><td>0.977522</td><td>0</td><td>-1</td></tr><tr><td>283</td><td>0.0871931</td><td>0.668361</td><td>0.244446</td><td>-1</td></tr><tr><td>284</td><td>0.191951</td><td>0.501916</td><td>0.306133</td><td>1</td></tr><tr><td>285</td><td>0.214922</td><td>0.784314</td><td>0.000763519</td><td>1</td></tr><tr><td>286</td><td>0.36659</td><td>0.63341</td><td>2.45713e-11</td><td>1</td></tr><tr><td>287</td><td>0.479044</td><td>0.520956</td><td>0</td><td>1</td></tr><tr><td>288</td><td>0.0251519</td><td>0.974848</td><td>0</td><td>-1</td></tr><tr><td>289</td><td>0.163509</td><td>0.836491</td><td>0</td><td>1</td></tr><tr><td>290</td><td>0.165236</td><td>0.416377</td><td>0.418387</td><td>2</td></tr><tr><td>291</td><td>0.172027</td><td>0.827973</td><td>0</td><td>1</td></tr><tr><td>292</td><td>0.313169</td><td>0.686831</td><td>0</td><td>1</td></tr><tr><td>293</td><td>0.00127536</td><td>0.998725</td><td>6.06417e-09</td><td>1</td></tr><tr><td>294</td><td>0.402018</td><td>0.597982</td><td>0</td><td>1</td></tr><tr><td>295</td><td>0.720581</td><td>0.279419</td><td>0</td><td>1</td></tr><tr><td>296</td><td>0.24368</td><td>0.735071</td><td>0.0212485</td><td>-1</td></tr><tr><td>297</td><td>0.25872</td><td>0.74128</td><td>0</td><td>1</td></tr><tr><td>298</td><td>0.468957</td><td>0.531043</td><td>0</td><td>1</td></tr><tr><td>299</td><td>0.00206638</td><td>0.997934</td><td>0</td><td>1</td></tr><tr><td>300</td><td>0.218989</td><td>0.781011</td><td>0</td><td>1</td></tr><tr><td>301</td><td>0.44631</td><td>0.55369</td><td>0</td><td>1</td></tr><tr><td>302</td><td>0.391689</td><td>0.546774</td><td>0.0615367</td><td>1</td></tr><tr><td>303</td><td>0.0842634</td><td>0.915737</td><td>0</td><td>1</td></tr><tr><td>304</td><td>0.493905</td><td>0.506095</td><td>0</td><td>0</td></tr><tr><td>305</td><td>0.216752</td><td>0.783248</td><td>0</td><td>0</td></tr><tr><td>306</td><td>0.0505644</td><td>0.949436</td><td>0</td><td>1</td></tr><tr><td>307</td><td>0.0500616</td><td>0.918647</td><td>0.0312912</td><td>1</td></tr><tr><td>308</td><td>0.313837</td><td>0.686163</td><td>0</td><td>0</td></tr><tr><td>309</td><td>0.47888</td><td>0.52112</td><td>0</td><td>0</td></tr><tr><td>310</td><td>0.186368</td><td>0.813632</td><td>0</td><td>1</td></tr><tr><td>311</td><td>0.574492</td><td>0.425508</td><td>0</td><td>0</td></tr><tr><td>312</td><td>0.272001</td><td>0.727999</td><td>0</td><td>1</td></tr><tr><td>313</td><td>0.743246</td><td>0.256754</td><td>0</td><td>0</td></tr><tr><td>314</td><td>0.340921</td><td>0.659079</td><td>0</td><td>1</td></tr><tr><td>315</td><td>0.0544439</td><td>0.945556</td><td>0</td><td>-1</td></tr><tr><td>316</td><td>0.309291</td><td>0.610741</td><td>0.0799682</td><td>1</td></tr><tr><td>317</td><td>1</td><td>0</td><td>0</td><td>0</td></tr><tr><td>318</td><td>0.0216761</td><td>0.34117</td><td>0.637154</td><td>2</td></tr><tr><td>319</td><td>0.363677</td><td>0.636323</td><td>0</td><td>-1</td></tr><tr><td>320</td><td>0.0285728</td><td>0.272912</td><td>0.698515</td><td>2</td></tr><tr><td>321</td><td>0.0244551</td><td>0.975545</td><td>9.23461e-08</td><td>1</td></tr><tr><td>322</td><td>0.342418</td><td>0.657582</td><td>0</td><td>1</td></tr><tr><td>323</td><td>1</td><td>0</td><td>0</td><td>-1</td></tr><tr><td>324</td><td>0.00904587</td><td>0.990954</td><td>0</td><td>1</td></tr><tr><td>325</td><td>0.00907632</td><td>0.990924</td><td>0</td><td>1</td></tr><tr><td>326</td><td>0.0182416</td><td>0.981758</td><td>0</td><td>1</td></tr><tr><td>327</td><td>0.0304612</td><td>0.969539</td><td>0</td><td>-1</td></tr><tr><td>328</td><td>0.652044</td><td>0.347956</td><td>0</td><td>1</td></tr><tr><td>329</td><td>0.953764</td><td>0.0462363</td><td>0</td><td>0</td></tr><tr><td>330</td><td>0.25493</td><td>0.74507</td><td>0</td><td>1</td></tr><tr><td>331</td><td>0.0246457</td><td>0.834377</td><td>0.140978</td><td>1</td></tr><tr><td>332</td><td>0.536484</td><td>0.463516</td><td>0</td><td>1</td></tr><tr><td>333</td><td>0.783987</td><td>0.216013</td><td>0</td><td>0</td></tr><tr><td>334</td><td>0.118659</td><td>0.881341</td><td>0</td><td>1</td></tr><tr><td>335</td><td>0.106138</td><td>0.893862</td><td>0</td><td>1</td></tr><tr><td>336</td><td>0.116954</td><td>0.883046</td><td>0</td><td>1</td></tr><tr><td>337</td><td>0.155829</td><td>0.675253</td><td>0.168919</td><td>1</td></tr><tr><td>338</td><td>0.510081</td><td>0.489919</td><td>0</td><td>1</td></tr><tr><td>339</td><td>0.347737</td><td>0.652263</td><td>0</td><td>1</td></tr><tr><td>340</td><td>0.740166</td><td>0.259834</td><td>0</td><td>0</td></tr><tr><td>341</td><td>0.204912</td><td>0.795088</td><td>0</td><td>1</td></tr><tr><td>342</td><td>0.74308</td><td>0.25692</td><td>5.06053e-18</td><td>-1</td></tr><tr><td>343</td><td>0.536266</td><td>0.463734</td><td>0</td><td>1</td></tr><tr><td>344</td><td>0.480549</td><td>0.519451</td><td>0</td><td>1</td></tr><tr><td>345</td><td>0.858552</td><td>0.141448</td><td>0</td><td>-1</td></tr><tr><td>346</td><td>0.144384</td><td>0.772605</td><td>0.0830109</td><td>0</td></tr><tr><td>347</td><td>0.364021</td><td>0.613279</td><td>0.0226997</td><td>1</td></tr><tr><td>348</td><td>0.27558</td><td>0.719675</td><td>0.00474485</td><td>1</td></tr><tr><td>349</td><td>0.331224</td><td>0.581865</td><td>0.086911</td><td>1</td></tr><tr><td>350</td><td>0.239696</td><td>0.760304</td><td>0</td><td>1</td></tr><tr><td>351</td><td>0.967967</td><td>0.0320327</td><td>0</td><td>0</td></tr><tr><td>352</td><td>0.0797494</td><td>0.734486</td><td>0.185765</td><td>1</td></tr><tr><td>353</td><td>4.25988e-05</td><td>0.999957</td><td>4.88275e-08</td><td>-1</td></tr><tr><td>354</td><td>0.109177</td><td>0.779672</td><td>0.111151</td><td>1</td></tr><tr><td>355</td><td>0.336419</td><td>0.612106</td><td>0.0514754</td><td>0</td></tr><tr><td>356</td><td>0.0871401</td><td>0.912841</td><td>1.93418e-05</td><td>1</td></tr><tr><td>357</td><td>0.1239</td><td>0.8761</td><td>0</td><td>1</td></tr><tr><td>358</td><td>0.549769</td><td>0.450231</td><td>0</td><td>1</td></tr><tr><td>359</td><td>0.56083</td><td>0.43917</td><td>0</td><td>-1</td></tr><tr><td>360</td><td>0.437214</td><td>0.562786</td><td>0</td><td>1</td></tr><tr><td>361</td><td>0.297018</td><td>0.702982</td><td>0</td><td>-1</td></tr><tr><td>362</td><td>0.0520508</td><td>0.947949</td><td>0</td><td>1</td></tr><tr><td>363</td><td>0.142919</td><td>0.857081</td><td>1.11674e-54</td><td>1</td></tr><tr><td>364</td><td>0.116679</td><td>0.883321</td><td>0</td><td>1</td></tr><tr><td>365</td><td>0.216152</td><td>0.783848</td><td>7.58629e-23</td><td>0</td></tr><tr><td>366</td><td>0.0904906</td><td>0.909509</td><td>0</td><td>1</td></tr><tr><td>367</td><td>0.247046</td><td>0.752723</td><td>0.000230804</td><td>-1</td></tr><tr><td>368</td><td>0.0107249</td><td>0.989275</td><td>0</td><td>1</td></tr><tr><td>369</td><td>0.00751115</td><td>0.992489</td><td>0</td><td>1</td></tr><tr><td>370</td><td>0.096898</td><td>0.901534</td><td>0.00156836</td><td>1</td></tr><tr><td>371</td><td>0.0578657</td><td>0.90718</td><td>0.0349538</td><td>1</td></tr><tr><td>372</td><td>0.201073</td><td>0.798927</td><td>0</td><td>1</td></tr><tr><td>373</td><td>0.192225</td><td>0.807775</td><td>0</td><td>-1</td></tr><tr><td>374</td><td>0.205602</td><td>0.794398</td><td>0</td><td>-1</td></tr><tr><td>375</td><td>0.00212171</td><td>0.997878</td><td>0</td><td>1</td></tr><tr><td>376</td><td>0.0664942</td><td>0.866276</td><td>0.0672299</td><td>-1</td></tr><tr><td>377</td><td>0.48157</td><td>0.51843</td><td>0</td><td>0</td></tr><tr><td>378</td><td>0.208289</td><td>0.791711</td><td>0</td><td>1</td></tr><tr><td>379</td><td>0.395666</td><td>0.604334</td><td>0</td><td>1</td></tr><tr><td>380</td><td>0.0702639</td><td>0.929736</td><td>0</td><td>1</td></tr><tr><td>381</td><td>0.287069</td><td>0.712931</td><td>0</td><td>1</td></tr><tr><td>382</td><td>0.117279</td><td>0.864499</td><td>0.0182223</td><td>1</td></tr><tr><td>383</td><td>0.534145</td><td>0.465855</td><td>0</td><td>1</td></tr><tr><td>384</td><td>0.176899</td><td>0.823101</td><td>0</td><td>1</td></tr><tr><td>385</td><td>0.913838</td><td>0.0861625</td><td>0</td><td>0</td></tr><tr><td>386</td><td>0.409436</td><td>0.590564</td><td>0</td><td>1</td></tr><tr><td>387</td><td>0.0214668</td><td>0.978533</td><td>0</td><td>1</td></tr><tr><td>388</td><td>0.0766045</td><td>0.923395</td><td>0</td><td>-1</td></tr><tr><td>389</td><td>0.0001299</td><td>0.99987</td><td>0</td><td>1</td></tr><tr><td>390</td><td>0.00498414</td><td>0.995016</td><td>0</td><td>1</td></tr><tr><td>391</td><td>0.212539</td><td>0.787461</td><td>0</td><td>-1</td></tr><tr><td>392</td><td>0.103926</td><td>0.896074</td><td>2.7903e-08</td><td>1</td></tr><tr><td>393</td><td>0.319559</td><td>0.680441</td><td>0</td><td>1</td></tr><tr><td>394</td><td>0.20988</td><td>0.463245</td><td>0.326875</td><td>2</td></tr><tr><td>395</td><td>0.620526</td><td>0.379474</td><td>0</td><td>1</td></tr><tr><td>396</td><td>0.337527</td><td>0.662473</td><td>0</td><td>1</td></tr><tr><td>397</td><td>0.428218</td><td>0.571782</td><td>0</td><td>1</td></tr><tr><td>398</td><td>0.160437</td><td>0.839563</td><td>0</td><td>1</td></tr><tr><td>399</td><td>0.102657</td><td>0.897343</td><td>0</td><td>1</td></tr><tr><td>400</td><td>0.203009</td><td>0.762282</td><td>0.0347095</td><td>1</td></tr><tr><td>401</td><td>0.112937</td><td>0.83488</td><td>0.052183</td><td>0</td></tr><tr><td>402</td><td>0.278743</td><td>0.687482</td><td>0.0337748</td><td>2</td></tr><tr><td>403</td><td>0.164239</td><td>0.835761</td><td>0</td><td>1</td></tr><tr><td>404</td><td>0.46584</td><td>0.53416</td><td>0</td><td>-1</td></tr><tr><td>405</td><td>0.154693</td><td>0.845307</td><td>0</td><td>1</td></tr><tr><td>406</td><td>0.0110905</td><td>0.988909</td><td>0</td><td>1</td></tr><tr><td>407</td><td>0.0861021</td><td>0.913898</td><td>0</td><td>1</td></tr><tr><td>408</td><td>0.0495703</td><td>0.95043</td><td>0</td><td>1</td></tr><tr><td>409</td><td>0.17091</td><td>0.829085</td><td>4.54116e-06</td><td>1</td></tr><tr><td>410</td><td>0.00806533</td><td>0.991935</td><td>0</td><td>1</td></tr><tr><td>411</td><td>0.370739</td><td>0.629261</td><td>0</td><td>1</td></tr><tr><td>412</td><td>0.441095</td><td>0.558905</td><td>0</td><td>1</td></tr><tr><td>413</td><td>0.309392</td><td>0.658327</td><td>0.0322813</td><td>1</td></tr><tr><td>414</td><td>0.475658</td><td>0.524342</td><td>0</td><td>1</td></tr><tr><td>415</td><td>0.0108742</td><td>0.989126</td><td>0</td><td>1</td></tr><tr><td>416</td><td>0.157351</td><td>0.842649</td><td>0</td><td>1</td></tr><tr><td>417</td><td>0.780793</td><td>0.219207</td><td>0</td><td>-1</td></tr><tr><td>418</td><td>0.365766</td><td>0.634234</td><td>0</td><td>0</td></tr><tr><td>419</td><td>0.130653</td><td>0.869347</td><td>0</td><td>-1</td></tr><tr><td>420</td><td>0.0629726</td><td>0.663373</td><td>0.273654</td><td>2</td></tr><tr><td>421</td><td>1</td><td>0</td><td>0</td><td>0</td></tr><tr><td>422</td><td>0.327752</td><td>0.672248</td><td>0</td><td>-1</td></tr><tr><td>423</td><td>0.976845</td><td>0</td><td>0.0231551</td><td>-1</td></tr><tr><td>424</td><td>0.00182856</td><td>0.998171</td><td>0</td><td>1</td></tr><tr><td>425</td><td>0.0446068</td><td>0.552687</td><td>0.402707</td><td>1</td></tr><tr><td>426</td><td>1</td><td>0</td><td>0</td><td>0</td></tr><tr><td>427</td><td>0.0608959</td><td>0.939104</td><td>0</td><td>-1</td></tr><tr><td>428</td><td>0.806371</td><td>0.193629</td><td>0</td><td>1</td></tr><tr><td>429</td><td>0.812995</td><td>0.187005</td><td>0</td><td>0</td></tr><tr><td>430</td><td>0.350702</td><td>0.649298</td><td>4.42693e-08</td><td>-1</td></tr><tr><td>431</td><td>0.448192</td><td>0.551808</td><td>0</td><td>0</td></tr><tr><td>432</td><td>0.205037</td><td>0.794963</td><td>0</td><td>1</td></tr><tr><td>433</td><td>0.197517</td><td>0.802483</td><td>0</td><td>1</td></tr><tr><td>434</td><td>0.0853403</td><td>0.91466</td><td>0</td><td>1</td></tr><tr><td>435</td><td>0.122675</td><td>0.877325</td><td>0</td><td>1</td></tr><tr><td>436</td><td>0.467083</td><td>0.532917</td><td>0</td><td>0</td></tr><tr><td>437</td><td>0.128227</td><td>0.856971</td><td>0.0148017</td><td>1</td></tr><tr><td>438</td><td>0.0935872</td><td>0.268051</td><td>0.638362</td><td>1</td></tr><tr><td>439</td><td>0.00941706</td><td>0.990583</td><td>1.58465e-07</td><td>1</td></tr><tr><td>440</td><td>0.0491703</td><td>0.95083</td><td>0</td><td>1</td></tr><tr><td>441</td><td>0.49846</td><td>0.50154</td><td>0</td><td>1</td></tr><tr><td>442</td><td>0.118581</td><td>0.446845</td><td>0.434574</td><td>1</td></tr><tr><td>443</td><td>0.00650284</td><td>0.993497</td><td>0</td><td>1</td></tr><tr><td>444</td><td>0.0276596</td><td>0.924375</td><td>0.0479658</td><td>1</td></tr><tr><td>445</td><td>0.808138</td><td>0.191862</td><td>0</td><td>0</td></tr><tr><td>446</td><td>0.185877</td><td>0.814123</td><td>6.27453e-15</td><td>0</td></tr><tr><td>447</td><td>0.150626</td><td>0.642293</td><td>0.207081</td><td>2</td></tr><tr><td>448</td><td>0.0243132</td><td>0.975687</td><td>0</td><td>1</td></tr><tr><td>449</td><td>1</td><td>0</td><td>0</td><td>0</td></tr><tr><td>450</td><td>0.325501</td><td>0.674499</td><td>0</td><td>1</td></tr><tr><td>451</td><td>0.449053</td><td>0.550947</td><td>0</td><td>-1</td></tr><tr><td>452</td><td>0.142845</td><td>0.857155</td><td>0</td><td>-1</td></tr><tr><td>453</td><td>0.997972</td><td>0.00202803</td><td>8.57234e-82</td><td>0</td></tr><tr><td>454</td><td>0.469735</td><td>0.502328</td><td>0.0279372</td><td>0</td></tr><tr><td>455</td><td>0.335098</td><td>0.643271</td><td>0.0216307</td><td>1</td></tr><tr><td>456</td><td>0.0558053</td><td>0.944195</td><td>3.45571e-21</td><td>1</td></tr><tr><td>457</td><td>0.0464198</td><td>0.236269</td><td>0.717311</td><td>2</td></tr><tr><td>458</td><td>0.854176</td><td>0.145824</td><td>0</td><td>-1</td></tr><tr><td>459</td><td>0.0904415</td><td>0.86342</td><td>0.0461389</td><td>1</td></tr><tr><td>460</td><td>0.00419499</td><td>0.995805</td><td>3.18834e-84</td><td>0</td></tr><tr><td>461</td><td>0.540521</td><td>0.459479</td><td>0</td><td>0</td></tr><tr><td>462</td><td>0.493257</td><td>0.506742</td><td>1.48261e-06</td><td>1</td></tr><tr><td>463</td><td>0.508159</td><td>0.488267</td><td>0.00357371</td><td>1</td></tr><tr><td>464</td><td>0.059774</td><td>0.940226</td><td>0</td><td>-1</td></tr><tr><td>465</td><td>0.363364</td><td>0.4897</td><td>0.146936</td><td>2</td></tr><tr><td>466</td><td>0.605035</td><td>0.394965</td><td>0</td><td>1</td></tr><tr><td>467</td><td>0.565237</td><td>0.418273</td><td>0.01649</td><td>0</td></tr><tr><td>468</td><td>0.176192</td><td>0.761022</td><td>0.0627862</td><td>1</td></tr><tr><td>469</td><td>0.999721</td><td>0.000279477</td><td>0</td><td>0</td></tr><tr><td>470</td><td>0.297206</td><td>0.702794</td><td>0</td><td>1</td></tr><tr><td>471</td><td>0.0430253</td><td>0.956975</td><td>0</td><td>1</td></tr><tr><td>472</td><td>0.743598</td><td>0.256402</td><td>0</td><td>0</td></tr><tr><td>473</td><td>0.00932496</td><td>0.990672</td><td>3.37526e-06</td><td>1</td></tr><tr><td>474</td><td>0.590632</td><td>0.409368</td><td>0</td><td>0</td></tr><tr><td>475</td><td>0.377313</td><td>0.622687</td><td>0</td><td>1</td></tr><tr><td>476</td><td>0.547871</td><td>0.452129</td><td>0</td><td>1</td></tr><tr><td>477</td><td>0.159903</td><td>0.840097</td><td>0</td><td>0</td></tr><tr><td>478</td><td>0.0663294</td><td>0.445207</td><td>0.488463</td><td>-1</td></tr><tr><td>479</td><td>0.0759155</td><td>0.924084</td><td>0</td><td>-1</td></tr><tr><td>480</td><td>0.