Iter 0

Size = 4
Data size = 10
[ 5.87646e+06 1.06141e+06 -5162.56 -28191.2 ;
1.06141e+06 287630 -2050.56 -4327.86 ;
-5162.56 -2050.56 380.444 -190.222 ;
-28191.2 -4327.86 -190.222 380.444 ;
]
+++++++++++++
Iter 1

Size = 4
Data size = 10
[ 3.37293e+06 706534 -10701.2 -11218.2 ;
706534 228411 -3425.98 -1672.78 ;
-10701.2 -3425.98 387.149 -138.452 ;
-11218.2 -1672.78 -138.452 189.307 ;
]
+++++++++++++
Iter 2

Size = 4
Data size = 10
[ 3.4476e+06 696425 -13927.9 -9842.16 ;
696425 224236 -3929.08 -1430.92 ;
-13927.9 -3929.08 392.402 -121.952 ;
-9842.16 -1430.92 -121.952 171.561 ;
]
+++++++++++++
Iter 3

Size = 4
Data size = 10
[ 2.93161e+06 616248 -14344.1 -6776.31 ;
616248 206417 -4002.33 -969.29 ;
-14344.1 -4002.33 356.117 -92.9826 ;
-6776.31 -969.29 -92.9826 123.529 ;
]
+++++++++++++
Iter 4

Size = 4
Data size = 10
[ 3.0295e+06 653612 -15290.8 -6890.56 ;
653612 215980 -4103.72 -1058.84 ;
-15290.8 -4103.72 372.201 -74.6372 ;
-6890.56 -1058.84 -74.6372 105.605 ;
]
+++++++++++++
Iter 5

Size = 4
Data size = 10
[ 2.8956e+06 630560 -15382.3 -6137.14 ;
630560 210624 -4125.75 -935.913 ;
-15382.3 -4125.75 362.479 -68.9373 ;
-6137.14 -935.913 -68.9373 95.8904 ;
]
+++++++++++++
Iter 6

Size = 4
Data size = 10
[ 2.87761e+06 627823 -15442 -6014.73 ;
627823 209985 -4133.7 -918.43 ;
-15442 -4133.7 361.52 -67.34 ;
-6014.73 -918.43 -67.34 93.643 ;
]
+++++++++++++
Iter 7

Size = 4
Data size = 10
[ 2.8858e+06 629530 -15442.8 -6061.4 ;
629530 210316 -4131.43 -927.519 ;
-15442.8 -4131.43 362.382 -67.3545 ;
-6061.4 -927.519 -67.3545 93.8663 ;
]
+++++++++++++
Iter 8

Size = 4
Data size = 10
[ 2.88577e+06 629525 -15442.9 -6061.21 ;
629525 210314 -4131.44 -927.486 ;
-15442.9 -4131.44 362.38 -67.3532 ;
-6061.21 -927.486 -67.3532 93.864 ;
]
+++++++++++++
