============== BHHH ===============

Size = 19
Data size = 190
[ 1.41802e+06 751526 152303 17927.9 439227 123001 6271.61 3950.41 5630.73 -12037.8 -1.15189e+06 -5772.03 -2105.99 -9931.82 -35.4185 -67.2973 3.61808 -1334.89 -420.598 ;
751526 563198 79347.1 15482.7 307807 103934 4600.25 3117.4 4017.28 -8862.44 -665554 -4285.86 -1469.12 -7393.32 -106.185 -312.925 8.60465 -2834.09 -2812.26 ;
152303 79347.1 39471.5 1208.52 34930.4 13462.1 637.069 354.935 567.698 -1157.18 -103118 -525.803 -271.139 -886.036 -23.2779 -65.7733 1.75508 -794.799 -390.685 ;
17927.9 15482.7 1208.52 5926.97 5926.97 0 103.214 137.991 57.3665 -260.478 -13745.5 -157.151 -77.0727 -183.406 0.299967 1.72665 -0.299967 -0.299967 0 ;
439227 307807 34930.4 5926.97 360555 0 3714.47 3298.58 2874.07 -7180.52 -372329 -3504.15 -1353.44 -5827.09 -134.905 -385.908 -0.299967 -6626.44 0 ;
123001 103934 13462.1 0 0 187064 1077.6 241.037 2225.38 -2410.37 -117759 -1352.55 -327.436 -2082.93 -159.966 -335.264 0 0 -11982.7 ;
6271.61 4600.25 637.069 103.214 3714.47 1077.6 101.566 42.0292 45.623 -100.391 -5299.8 0 -12.9 -87.4913 -1.17493 -1.49114 0.113061 -38.0957 -19.7853 ;
3950.41 3117.4 354.935 137.991 3298.58 241.037 42.0292 82.5061 0 -79.9737 -3083.22 -39.4791 -19.0065 -60.9671 -2.53248 -6.15196 0.0398233 -99.5484 -30.1912 ;
5630.73 4017.28 567.698 57.3665 2874.07 2225.38 45.623 0 97.1405 -95.5312 -5191.07 -49.0891 -15.8267 -79.7045 -1.60926 -4.1479 -0.0149991 -4.24731 -116.046 ;
-12037.8 -8862.44 -1157.18 -260.478 -7180.52 -2410.37 -100.391 -79.9737 -95.5312 248.592 10478.7 129.532 50.8041 197.787 -43.2916 -86.816 2.62886 -1710.52 -328.146 ;
-1.15189e+06 -665554 -103118 -13745.5 -372329 -117759 -5299.8 -3083.22 -5191.07 10478.7 1.25222e+06 5124.46 1712.55 8766.18 -166.79 -549.146 17.7696 -6643.9 -842.85 ;
-5772.03 -4285.86 -525.803 -157.151 -3504.15 -1352.55 0 -39.4791 -49.0891 129.532 5124.46 129.532 36.8584 92.6731 -24.6229 -60.9488 1.75548 -956.951 -199.525 ;
-2105.99 -1469.12 -271.139 -77.0727 -1353.44 -327.436 -12.9 -19.0065 -15.8267 50.8041 1712.55 36.8584 50.8041 0 -11.3126 -27.9592 0.647929 -448.085 -78.4388 ;
-9931.82 -7393.32 -886.036 -183.406 -5827.09 -2082.93 -87.4913 -60.9671 -79.7045 197.787 8766.18 92.6731 0 197.787 -31.979 -58.8568 1.98093 -1262.43 -249.707 ;
-35.4185 -106.185 -23.2779 0.299967 -134.905 -159.966 -1.17493 -2.53248 -1.60926 -43.2916 -166.79 -24.6229 -11.3126 -31.979 48.4904 100.82 -2.92883 1845.42 488.112 ;
-67.2973 -312.925 -65.7733 1.72665 -385.908 -335.264 -1.49114 -6.15196 -4.1479 -86.816 -549.146 -60.9488 -27.9592 -58.8568 100.82 346.067 -12.3463 3628.13 899.147 ;
3.61808 8.60465 1.75508 -0.299967 -0.299967 0 0.113061 0.0398233 -0.0149991 2.62886 17.7696 1.75548 0.647929 1.98093 -2.92883 -12.3463 2.92883 2.92883 0 ;
-1334.89 -2834.09 -794.799 -0.299967 -6626.44 0 -38.0957 -99.5484 -4.24731 -1710.52 -6643.9 -956.951 -448.085 -1262.43 1845.42 3628.13 2.92883 90807.4 0 ;
-420.598 -2812.26 -390.685 0 0 -11982.7 -19.7853 -30.1912 -116.046 -328.146 -842.85 -199.525 -78.4388 -249.707 488.112 899.147 0 0 35706.4 ;
]

============== Hessian ===============

Size = 19
Data size = 190
[ 970690 607659 78294.2 12322.2 383075 110904 5345.98 4401.97 4295.43 -10490.4 -707782 -5161.3 -1990.73 -8499.65 -60.1291 -241.924 7.61999 -1778.55 -1109.28 ;
607659 519259 49194.3 11530.9 314218 98437.5 4590.08 3652 3519.3 -8693.61 -457076 -4180.74 -1658.98 -7034.64 -200.788 -542.569 18.3434 -6476.33 -3224.95 ;
78294.2 49194.3 17377.9 492.51 32156.8 10120.6 464.41 353.815 418.763 -903.577 -55096 -453.862 -206.94 -696.637 -39.2882 -114.961 4.60217 -1299.68 -514.084 ;
12322.2 11530.9 492.51 5354.42 5354.42 0 112.16 124.276 62.6579 -238.633 -8167.74 -126.079 -86.3563 -152.277 0.806336 3.3795 -0.806336 -0.806336 0 ;
383075 314218 32156.8 5354.42 367837 0 3952.66 3818.26 2608.35 -7196.3 -289840 -3455.39 -1349.74 -5846.56 -403.948 -846.594 -0.806336 -19958.1 0 ;
110904 98437.5 10120.6 0 0 207321 1196.74 294.484 2418.02 -2640.93 -81125.1 -1510.84 -492.508 -2148.42 -214.937 -464.113 0 0 -16106.4 ;
5345.98 4590.08 464.41 112.16 3952.66 1196.74 109.527 50.8681 45.4133 -103.806 -4045.09 0 -10.8577 -92.948 -5.72103 -9.62102 0.394453 -211.747 -66.6462 ;
4401.97 3652 353.815 124.276 3818.26 294.484 50.8681 93.8698 0 -89.7466 -3280.07 -41.1279 -18.2821 -71.4645 -4.12315 -10.1046 0.383172 -175.7 -10.9395 ;
4295.43 3519.3 418.763 62.6579 2608.35 2418.02 45.4133 0 96.7512 -90.1564 -3236.85 -47.4222 -17.9354 -72.221 -6.59484 -14.5199 0.316124 -172.54 -193.844 ;
-10490.4 -8693.61 -903.577 -238.633 -7196.3 -2640.93 -103.806 -89.7466 -90.1564 243.458 8012.62 123.805 52.2652 191.192 -34.3754 -76.4739 2.0938 -1350.17 -266.791 ;
-707782 -457076 -55096 -8167.74 -289840 -81125.1 -4045.09 -3280.07 -3236.85 8012.62 588107 3916.75 1541.4 6471.22 -136.061 -487.094 12.959 -5253.43 -966.02 ;
-5161.3 -4180.74 -453.862 -126.079 -3455.39 -1510.84 0 -41.1279 -47.4222 123.805 3916.75 123.805 39.7354 84.07 -18.5289 -48.2173 0.912994 -731.558 -153.361 ;
-1990.73 -1658.98 -206.94 -86.3563 -1349.74 -492.508 -10.8577 -18.2821 -17.9354 52.2652 1541.4 39.7354 52.2652 0 -10.35 -25.8336 0.317043 -421.956 -72.1087 ;
-8499.65 -7034.64 -696.637 -152.277 -5846.56 -2148.42 -92.948 -71.4645 -72.221 191.192 6471.22 84.07 0 191.192 -24.0254 -50.6403 1.77676 -928.217 -194.682 ;
-60.1291 -200.788 -39.2882 0.806336 -403.948 -214.937 -5.72103 -4.12315 -6.59484 -34.3754 -136.061 -18.5289 -10.35 -24.0254 46.5964 103.893 -2.90014 1754.12 481.728 ;
-241.924 -542.569 -114.961 3.3795 -846.594 -464.113 -9.62102 -10.1046 -14.5199 -76.4739 -487.094 -48.2173 -25.8336 -50.6403 103.893 384.301 -11.6056 3717.44 1013.3 ;
7.61999 18.3434 4.60217 -0.806336 -0.806336 0 0.394453 0.383172 0.316124 2.0938 12.959 0.912994 0.317043 1.77676 -2.90014 -11.6056 2.90014 2.90014 0 ;
-1778.55 -6476.33 -1299.68 -0.806336 -19958.1 0 -211.747 -175.7 -172.54 -1350.17 -5253.43 -731.558 -421.956 -928.217 1754.12 3717.44 2.90014 86505.4 0 ;
-1109.28 -3224.95 -514.084 0 0 -16106.4 -66.6462 -10.9395 -193.844 -266.791 -966.02 -153.361 -72.1087 -194.682 481.728 1013.3 0 0 35487.7 ;
]

