Iter 0

Size = 9
Data size = 45
[ 2.41166e+06 1.60301e+06 353351 8.5941e+07 483934 -10491 -852947 -10491 -974764 ;
1.60301e+06 1.68128e+06 268205 8.15846e+07 458852 -10039.1 -578536 -10039.1 -602935 ;
353351 268205 122652 2.28575e+07 24299.2 -584.186 2454.34 -2861.48 -277057 ;
8.5941e+07 8.15846e+07 2.28575e+07 3.02229e+10 -7.15171e+07 1.50673e+06 6.34122e+07 -3.01347e+06 -1.27898e+08 ;
483934 458852 24299.2 -7.15171e+07 952139 -17672 -716881 8836 357942 ;
-10491 -10039.1 -584.186 1.50673e+06 -17672 380.444 15352.4 -190.222 -7628.19 ;
-852947 -578536 2454.34 6.34122e+07 -716881 15352.4 1.44286e+06 -7676.22 -835294 ;
-10491 -10039.1 -2861.48 -3.01347e+06 8836 -190.222 -7676.22 380.444 15256.4 ;
-974764 -602935 -277057 -1.27898e+08 357942 -7628.19 -835294 15256.4 2.06633e+06 ;
]
+++++++++++++
Iter 1

Size = 9
Data size = 45
[ 2.6133e+06 1.73829e+06 334909 4.25684e+07 770395 -16577.7 -1.35107e+06 -6191.58 -565108 ;
1.73829e+06 1.82332e+06 260104 4.08938e+07 728726 -15827 -917707 -5966.73 -348042 ;
334909 260104 115958 1.15484e+07 72809.7 -1615.09 -70807.6 -1729.91 -164754 ;
4.25684e+07 4.08938e+07 1.15484e+07 1.3388e+10 -3.75248e+07 783040 3.22316e+07 -1.55057e+06 -6.33438e+07 ;
770395 728726 72809.7 -3.75248e+07 1.0404e+06 -19331.7 -786485 5382.85 212850 ;
-16577.7 -15827 -1615.09 783040 -19331.7 415.132 16807.8 -117.475 -4570.92 ;
-1.35107e+06 -917707 -70807.6 3.22316e+07 -786485 16807.8 1.58359e+06 -4639.95 -505711 ;
-6191.58 -5966.73 -1729.91 -1.55057e+06 5382.85 -117.475 -4639.95 232.704 8991.47 ;
-565108 -348042 -164754 -6.33438e+07 212850 -4570.92 -505711 8991.47 1.21585e+06 ;
]
+++++++++++++
Iter 2

Size = 9
Data size = 45
[ 1.53604e+06 1.09042e+06 181379 1.26875e+07 659010 -14258.4 -956149 -2197.08 -116688 ;
1.09042e+06 1.18647e+06 154070 1.36295e+07 649618 -14134.8 -687773 -2332.91 -86295.5 ;
181379 154070 70589.9 4.92138e+06 65462.1 -1434.31 -48256.7 -860.091 -65234.5 ;
1.26875e+07 1.36295e+07 4.92138e+06 6.92131e+09 -2.88035e+07 599857 2.39455e+07 -901191 -3.12241e+07 ;
659010 649618 65462.1 -2.88035e+07 993127 -18431.5 -664471 4583.12 170392 ;
-14258.4 -14134.8 -1434.31 599857 -18431.5 397.813 14422.6 -102.681 -3805 ;
-956149 -687773 -48256.7 2.39455e+07 -664471 14422.6 1.14411e+06 -3966.65 -369065 ;
-2197.08 -2332.91 -860.091 -901191 4583.12 -102.681 -3966.65 155.804 5166.15 ;
-116688 -86295.5 -65234.5 -3.12241e+07 170392 -3805 -369065 5166.15 547474 ;
]
+++++++++++++
Iter 3

Size = 9
Data size = 45
[ 1.934e+06 1.44388e+06 244788 1.34298e+07 807591 -17378 -1.20755e+06 -2376.71 -124974 ;
1.44388e+06 1.46987e+06 203914 1.37144e+07 750862 -16395.1 -909633 -2393.29 -99570.4 ;
244788 203914 82534.4 3.75374e+06 91408.8 -2018.98 -108595 -689.759 -34284.7 ;
1.34298e+07 1.37144e+07 3.75374e+06 5.83162e+09 -2.23683e+07 466501 1.24907e+07 -748888 -1.85117e+07 ;
807591 750862 91408.8 -2.23683e+07 989448 -18442 -680788 3543.96 74089.1 ;
-17378 -16395.1 -2018.98 466501 -18442 397.652 14656.4 -78.8932 -1706.96 ;
-1.20755e+06 -909633 -108595 1.24907e+07 -680788 14656.4 1.10292e+06 -2082.77 -87038.1 ;
-2376.71 -2393.29 -689.759 -748888 3543.96 -78.8932 -2082.77 129.41 3136.71 ;
-124974 -99570.4 -34284.7 -1.85117e+07 74089.1 -1706.96 -87038.1 3136.71 186319 ;
]
+++++++++++++
Iter 4

Size = 9
Data size = 45
[ 1.77687e+06 1.1122e+06 190774 6.58796e+06 716231 -15577.5 -1.25221e+06 -1078.38 -26642.9 ;
1.1122e+06 930328 124000 7.29938e+06 563640 -12470.9 -784142 -1161.84 -23523.7 ;
190774 124000 59411.1 2.31215e+06 66205.9 -1519.94 -97784.5 -379.441 -9356.87 ;
6.58796e+06 7.29938e+06 2.31215e+06 6.98741e+09 -2.89238e+07 613273 1.24905e+07 -822570 -1.23896e+07 ;
716231 563640 66205.9 -2.89238e+07 877507 -16391.2 -621123 4208.32 60491.4 ;
-15577.5 -12470.9 -1519.94 613273 -16391.2 358.444 13483.8 -93.92 -1416.33 ;
-1.25221e+06 -784142 -97784.5 1.24905e+07 -621123 13483.8 1.17125e+06 -1911.73 -49361.9 ;
-1078.38 -1161.84 -379.441 -822570 4208.32 -93.92 -1911.73 127.921 1927.15 ;
-26642.9 -23523.7 -9356.87 -1.23896e+07 60491.4 -1416.33 -49361.9 1927.15 55996.2 ;
]
+++++++++++++
Iter 5

Size = 9
Data size = 45
[ 1.72599e+06 1.03008e+06 171225 5.41153e+06 686064 -14940.8 -1.23737e+06 -920.593 -22054.4 ;
1.03008e+06 834493 106287 5.99194e+06 527586 -11687.1 -738976 -988.387 -19262 ;
171225 106287 54380.8 1.99377e+06 59927.2 -1380.53 -87065.6 -338.324 -8216.19 ;
5.41153e+06 5.99194e+06 1.99377e+06 6.16597e+09 -2.66063e+07 564779 1.14642e+07 -742731 -1.10382e+07 ;
686064 527586 59927.2 -2.66063e+07 841916 -15729.6 -597442 3951.83 56600 ;
-14940.8 -11687.1 -1380.53 564779 -15729.6 345.029 12997.6 -88.9869 -1341.52 ;
-1.23737e+06 -738976 -87065.6 1.14642e+07 -597442 12997.6 1.16371e+06 -1812.11 -46647.7 ;
-920.593 -988.387 -338.324 -742731 3951.83 -88.9869 -1812.11 118.885 1775.47 ;
-22054.4 -19262 -8216.19 -1.10382e+07 56600 -1341.52 -46647.7 1775.47 50978.2 ;
]
+++++++++++++
Iter 6

Size = 9
Data size = 45
[ 1.28946e+06 821669 116164 4.10776e+06 595223 -12893.6 -921869 -625.856 -10216.3 ;
821669 702362 72980.5 5.3675e+06 478752 -10515.1 -593739 -788.891 -10310.7 ;
116164 72980.5 27833.1 1.49043e+06 46833.4 -1065.73 -70582.5 -228.304 -3598.96 ;
4.10776e+06 5.3675e+06 1.49043e+06 7.01328e+09 -2.87129e+07 604587 9.33725e+06 -790786 -8.18574e+06 ;
595223 478752 46833.4 -2.87129e+07 812251 -15091.2 -507208 4005.39 40409.3 ;
-12893.6 -10515.1 -1065.73 604587 -15091.2 327.837 10979.9 -87.7602 -923.244 ;
-921869 -593739 -70582.5 9.33725e+06 -507208 10979.9 820783 -1354.59 -23325.5 ;
-625.856 -788.891 -228.304 -790786 4005.39 -87.7602 -1354.59 115.838 1202.07 ;
-10216.3 -10310.7 -3598.96 -8.18574e+06 40409.3 -923.244 -23325.5 1202.07 22068.2 ;
]
+++++++++++++
Iter 7

Size = 9
Data size = 45
[ 1.29042e+06 822762 116234 3.7125e+06 598303 -12960.9 -923404 -582.441 -9454.98 ;
822762 704214 73070.5 4.87246e+06 482963 -10607.7 -595531 -735.538 -9547.41 ;
116234 73070.5 27835.6 1.35331e+06 47628.8 -1083.06 -70964.7 -213.03 -3337.85 ;
3.7125e+06 4.87246e+06 1.35331e+06 6.28049e+09 -2.62281e+07 552006 8.44332e+06 -722006 -7.39355e+06 ;
598303 482963 47628.8 -2.62281e+07 804877 -14953.4 -504684 3727.01 37276.4 ;
-12960.9 -10607.7 -1083.06 552006 -14953.4 325.029 10927.2 -81.9505 -856.027 ;
-923404 -595531 -70964.7 8.44332e+06 -504684 10927.2 819269 -1256.7 -21546.2 ;
-582.441 -735.538 -213.03 -722006 3727.01 -81.9505 -1256.7 108.236 1115.04 ;
-9454.98 -9547.41 -3337.85 -7.39355e+06 37276.4 -856.027 -21546.2 1115.04 20372.1 ;
]
+++++++++++++
Iter 8

Size = 9
Data size = 45
[ 1.11376e+06 718345 92785.2 2.95652e+06 549625 -11842.3 -800064 -416.708 -4975.03 ;
718345 622200 58753 4.46247e+06 450156 -9818.66 -523440 -610.64 -5666.41 ;
92785.2 58753 19154.4 1.10291e+06 42361.4 -949.357 -61098.2 -157.88 -1746.06 ;
2.95652e+06 4.46247e+06 1.10291e+06 6.83218e+09 -2.69875e+07 562979 6.78305e+06 -740604 -5.63477e+06 ;
549625 450156 42361.4 -2.69875e+07 776510 -14359.9 -453000 3619.98 27105.5 ;
-11842.3 -9818.66 -949.357 562979 -14359.9 309.301 9727.7 -77.5585 -599.412 ;
-800064 -523440 -61098.2 6.78305e+06 -453000 9727.7 687339 -926.713 -11761.8 ;
-416.708 -610.64 -157.88 -740604 3619.98 -77.5585 -926.713 102.693 778.514 ;
-4975.03 -5666.41 -1746.06 -5.63477e+06 27105.5 -599.412 -11761.8 778.514 10263.1 ;
]
+++++++++++++
Iter 9

Size = 9
Data size = 45
[ 1.11415e+06 718745 92782.5 2.7283e+06 551296 -11877.8 -800774 -392.682 -4663.79 ;
718745 623067 58774.7 4.14735e+06 452759 -9874.59 -524255 -577.845 -5317.06 ;
92782.5 58774.7 19150.1 1.02478e+06 42802.8 -958.779 -61245.3 -149.442 -1641.42 ;
2.7283e+06 4.14735e+06 1.02478e+06 6.30403e+09 -2.52424e+07 526532 6.27038e+06 -692558 -5.20378e+06 ;
551296 452759 42802.8 -2.52424e+07 771818 -14272 -451586 3431.28 25435.7 ;
-11877.8 -9874.59 -958.779 526532 -14272 307.507 9698.33 -73.6635 -564.176 ;
-800774 -524255 -61245.3 6.27038e+06 -451586 9698.33 686747 -872.606 -11021.1 ;
-392.682 -577.845 -149.442 -692558 3431.28 -73.6635 -872.606 97.5541 732.777 ;
-4663.79 -5317.06 -1641.42 -5.20378e+06 25435.7 -564.176 -11021.1 732.777 9611 ;
]
+++++++++++++
Iter 10

Size = 9
Data size = 45
[ 1.09018e+06 701191 90507.3 2.31892e+06 545207 -11802.4 -783079 -313.871 -3149.89 ;
701191 607403 57461 3.90444e+06 448891 -9814.05 -514316 -516.639 -3907.43 ;
90507.3 57461 19382.9 907758 43457.5 -979.159 -61519.1 -125.201 -1119.26 ;
2.31892e+06 3.90444e+06 907758 6.41254e+09 -2.47099e+07 513506 5.2923e+06 -680854 -4.2929e+06 ;
545207 448891 43457.5 -2.47099e+07 761544 -14075.9 -439491 3243.19 20157.8 ;
-11802.4 -9814.05 -979.159 513506 -14075.9 303.04 9463.41 -68.7189 -437.87 ;
-783079 -514316 -61519.1 5.2923e+06 -439491 9463.41 653649 -696.086 -7383.47 ;
-313.871 -516.639 -125.201 -680854 3243.19 -68.7189 -696.086 91.7225 572.411 ;
-3149.89 -3907.43 -1119.26 -4.2929e+06 20157.8 -437.87 -7383.47 572.411 6247.38 ;
]
+++++++++++++
Iter 11

Size = 9
Data size = 45
[ 1.09034e+06 701367 90518.2 2.25285e+06 545735 -11813.4 -783284 -307.086 -3074.59 ;
701367 607751 57479.7 3.80722e+06 449765 -9832.64 -514577 -506.695 -3816.76 ;
90518.2 57479.7 19384.2 884676 43597.1 -982.125 -61563 -122.756 -1093.81 ;
2.25285e+06 3.80722e+06 884676 6.24079e+09 -2.41496e+07 501878 5.14418e+06 -665431 -4.17114e+06 ;
545735 449765 43597.1 -2.41496e+07 760223 -14051.2 -439126 3183.5 19694.6 ;
-11813.4 -9832.64 -982.125 501878 -14051.2 302.538 9455.87 -67.4935 -428.186 ;
-783284 -514577 -61563 5.14418e+06 -439126 9455.87 653521 -680.809 -7204.69 ;
-307.086 -506.695 -122.756 -665431 3183.5 -67.4935 -680.809 90.0957 559.777 ;
-3074.59 -3816.76 -1093.81 -4.17114e+06 19694.6 -428.186 -7204.69 559.777 6095.19 ;
]
+++++++++++++
Iter 12

Size = 9
Data size = 45
[ 1.06507e+06 680043 87279.2 2.39053e+06 535817 -11636.4 -767499 -292.037 -2903.66 ;
680043 588356 54912.7 4.04235e+06 443240 -9732.82 -500219 -492.47 -3656.83 ;
87279.2 54912.7 18218.8 908136 42781.3 -971.687 -59876.1 -114.59 -1005.12 ;
2.39053e+06 4.04235e+06 908136 6.71601e+09 -2.38265e+07 498386 5.21997e+06 -670574 -4.27154e+06 ;
535817 443240 42781.3 -2.38265e+07 750082 -13887.4 -429706 2917.59 18098 ;
-11636.4 -9732.82 -971.687 498386 -13887.4 299.588 9273.34 -61.8053 -391.116 ;
-767499 -500219 -59876.1 5.21997e+06 -429706 9273.34 641751 -624.307 -6597.6 ;
-292.037 -492.47 -114.59 -670574 2917.59 -61.8053 -624.307 83.7097 516.889 ;
-2903.66 -3656.83 -1005.12 -4.27154e+06 18098 -391.116 -6597.6 516.889 5615.31 ;
]
+++++++++++++
Iter 13

Size = 9
Data size = 45
[ 1.06512e+06 680096 87277.8 2.35311e+06 536070 -11641.7 -767595 -288.409 -2863.27 ;
680096 588490 54916.1 3.98823e+06 443670 -9742.05 -500336 -487.134 -3608.05 ;
87277.8 54916.1 18218.3 895625 42848.5 -973.125 -59894.7 -113.323 -991.932 ;
2.35311e+06 3.98823e+06 895625 6.62363e+09 -2.35372e+07 492377 5.14031e+06 -662463 -4.20502e+06 ;
536070 443670 42848.5 -2.35372e+07 749430 -13875.3 -429515 2887.69 17863.8 ;
-11641.7 -9742.05 -973.125 492377 -13875.3 299.342 9269.38 -61.1898 -386.194 ;
-767595 -500336 -59894.7 5.14031e+06 -429515 9269.38 641683 -616.534 -6505.74 ;
-288.409 -487.134 -113.323 -662463 2887.69 -61.1898 -616.534 82.8779 510.379 ;
-2863.27 -3608.05 -991.932 -4.20502e+06 17863.8 -386.194 -6505.74 510.379 5536.39 ;
]
+++++++++++++
Iter 14

Size = 9
Data size = 45
[ 1.06257e+06 678545 86966.9 2.33098e+06 535134 -11620.8 -765878 -285.025 -2811.7 ;
678545 587163 54710.2 3.96294e+06 442889 -9725.14 -499254 -483.192 -3552.45 ;
86966.9 54710.2 18093 888718 42722.4 -970.287 -59731.3 -112.224 -974.508 ;
2.33098e+06 3.96294e+06 888718 6.61605e+09 -2.3499e+07 491568 5.09992e+06 -660984 -4.16622e+06 ;
535134 442889 42722.4 -2.3499e+07 748047 -13849.9 -428539 2879.28 17675.5 ;
-11620.8 -9725.14 -970.287 491568 -13849.9 298.801 9247.32 -60.9968 -381.953 ;
-765878 -499254 -59731.3 5.09992e+06 -428539 9247.32 640144 -610.352 -6394.49 ;
-285.025 -483.192 -112.224 -660984 2879.28 -60.9968 -610.352 82.5664 504.582 ;
-2811.7 -3552.45 -974.508 -4.16622e+06 17675.5 -381.953 -6394.49 504.582 5434.08 ;
]
+++++++++++++
Iter 15

Size = 9
Data size = 45
[ 1.06397e+06 679381 87131.8 2.33027e+06 535673 -11633.9 -766869 -284.88 -2808.91 ;
679381 587834 54817 3.96375e+06 443280 -9734.76 -499893 -483.205 -3550.35 ;
87131.8 54817 18167.6 888678 42799.6 -972.232 -59830.4 -112.192 -973.522 ;
2.33027e+06 3.96375e+06 888678 6.61561e+09 -2.34909e+07 491390 5.09586e+06 -660846 -4.16309e+06 ;
535673 443280 42799.6 -2.34909e+07 748336 -13855.7 -428923 2877.78 17655.9 ;
-11633.9 -9734.76 -972.232 491390 -13855.7 298.944 9256.62 -60.9619 -381.499 ;
-766869 -499893 -59830.4 5.09586e+06 -428923 9256.62 640910 -609.683 -6383.78 ;
-284.88 -483.205 -112.192 -660846 2877.78 -60.9619 -609.683 82.5329 504.064 ;
-2808.91 -3550.35 -973.522 -4.16309e+06 17655.9 -381.499 -6383.78 504.064 5425.28 ;
]
+++++++++++++
Iter 16

Size = 9
Data size = 45
[ 1.06435e+06 679855 87132.2 2.34233e+06 536121 -11636.9 -766986 -283.893 -2810.64 ;
679855 588281 54835.6 3.96934e+06 443892 -9739.86 -500172 -480.507 -3547.66 ;
87132.2 54835.6 18159.4 891056 42874.3 -972.279 -59816.7 -111.685 -973.997 ;
2.34233e+06 3.96934e+06 891056 6.64936e+09 -2.35275e+07 492094 5.13075e+06 -661381 -4.1915e+06 ;
536121 443892 42874.3 -2.35275e+07 748851 -13861.6 -429224 2868.31 17688.2 ;
-11636.9 -9739.86 -972.279 492094 -13861.6 298.894 9257.8 -60.7202 -381.684 ;
-766986 -500172 -59816.7 5.13075e+06 -429224 9257.8 640901 -609.807 -6411.99 ;
-283.893 -480.507 -111.685 -661381 2868.31 -60.7202 -609.807 82.1301 503.883 ;
-2810.64 -3547.66 -973.997 -4.1915e+06 17688.2 -381.684 -6411.99 503.883 5447.94 ;
]
+++++++++++++
Iter 17

Size = 9
Data size = 45
[ 1.06435e+06 679856 87132.2 2.34212e+06 536123 -11637 -766986 -283.873 -2810.42 ;
679856 588282 54835.6 3.96903e+06 443895 -9739.91 -500172 -480.477 -3547.39 ;
87132.2 54835.6 18159.4 890986 42874.7 -972.287 -59816.9 -111.678 -973.923 ;
2.34212e+06 3.96903e+06 890986 6.64884e+09 -2.35259e+07 492060 5.1303e+06 -661335 -4.19112e+06 ;
536123 443895 42874.7 -2.35259e+07 748847 -13861.6 -429223 2868.14 17686.8 ;
-11637 -9739.91 -972.287 492060 -13861.6 298.893 9257.78 -60.7167 -381.656 ;
-766986 -500172 -59816.9 5.1303e+06 -429223 9257.78 640901 -609.763 -6411.47 ;
-283.873 -480.477 -111.678 -661335 2868.14 -60.7167 -609.763 82.1254 503.847 ;
-2810.42 -3547.39 -973.923 -4.19112e+06 17686.8 -381.656 -6411.47 503.847 5447.5 ;
]
+++++++++++++
Iter 18

Size = 9
Data size = 45
[ 1.06434e+06 679851 87131.3 2.34201e+06 536121 -11636.9 -766982 -283.856 -2810.15 ;
679851 588278 54835 3.96892e+06 443893 -9739.87 -500169 -480.46 -3547.11 ;
87131.3 54835 18159.1 890952 42874.5 -972.282 -59816.4 -111.672 -973.831 ;
2.34201e+06 3.96892e+06 890952 6.64879e+09 -2.35256e+07 492055 5.13006e+06 -661327 -4.19091e+06 ;
536121 443893 42874.5 -2.35256e+07 748842 -13861.5 -429220 2868.09 17685.8 ;
-11636.9 -9739.87 -972.282 492055 -13861.5 298.891 9257.71 -60.7155 -381.632 ;
-766982 -500169 -59816.4 5.13006e+06 -429220 9257.71 640897 -609.728 -6410.85 ;
-283.856 -480.46 -111.672 -661327 2868.09 -60.7155 -609.728 82.1238 503.815 ;
-2810.15 -3547.11 -973.831 -4.19091e+06 17685.8 -381.632 -6410.85 503.815 5446.94 ;
]
+++++++++++++
Iter 19

Size = 9
Data size = 45
[ 1.06434e+06 679851 87131.4 2.34208e+06 536122 -11636.9 -766983 -283.855 -2810.19 ;
679851 588277 54835 3.96898e+06 443894 -9739.89 -500170 -480.455 -3547.14 ;
87131.4 54835 18159.2 890967 42874.7 -972.286 -59816.5 -111.671 -973.842 ;
2.34208e+06 3.96898e+06 890967 6.64892e+09 -2.35256e+07 492055 5.13019e+06 -661329 -4.19102e+06 ;
536122 443894 42874.7 -2.35256e+07 748843 -13861.5 -429221 2868.04 17685.8 ;
-11636.9 -9739.89 -972.286 492055 -13861.5 298.891 9257.72 -60.7143 -381.632 ;
-766983 -500170 -59816.5 5.13019e+06 -429221 9257.72 640897 -609.728 -6410.97 ;
-283.855 -480.455 -111.671 -661329 2868.04 -60.7143 -609.728 82.1222 503.816 ;
-2810.19 -3547.14 -973.842 -4.19102e+06 17685.8 -381.632 -6410.97 503.816 5447.05 ;
]
+++++++++++++
