Iter 0

Size = 19
Data size = 190
[ 2.60995e+06 1.72645e+06 306143 22422.9 814199 224402 11383.8 7152.44 9527.03 -20193.8 -1.66963e+06 -9814.72 -5592.17 -14601.6 -2189.25 -194968 -264.444 -55916.2 -45255.6 ;
1.72645e+06 1.80902e+06 241843 19297.1 772364 206619 10888.4 6254.86 9066.58 -18618.9 -1.11625e+06 -8934.39 -5778.75 -12840.1 -2703.86 -129157 -492.944 -74210.4 -49948.2 ;
306143 241843 102534 278.933 107752 30417.8 1550.67 798.822 1413.92 -2369.38 -141140 -1161.66 -846.693 -1522.69 -703.48 -52518.9 55.0011 -18911.3 -11366.8 ;
22422.9 19297.1 278.933 7844.25 7844.25 0 155.75 186 88.2778 -327.472 -16480.6 -172.722 -111.222 -216.25 -19.2222 43.8611 -582 -582 0 ;
814199 772364 107752 7844.25 688481 0 7448.75 5577.5 5610.56 -12162.2 -551453 -5757.69 -3491.25 -8670.94 -2101.94 -38820.7 -582 -104816 0 ;
224402 206619 30417.8 0 0 307882 1739.22 361.556 3673.97 -3032.97 -134326 -1730.86 -801.25 -2231.72 -1226.72 -36403.6 0 0 -90410.4 ;
11383.8 10888.4 1550.67 155.75 7448.75 1739.22 198.083 74.5833 88.6111 -166.167 -7475.25 0 -27.7222 -138.444 -31.9167 -712.842 -1 -1044.25 -437.111 ;
7152.44 6254.86 798.822 186 5577.5 361.556 74.5833 136.333 0 -116.667 -4900.58 -52.75 -30.0278 -86.6389 -19.6667 -381.217 -13 -734.75 -96.2778 ;
9527.03 9066.58 1413.92 88.2778 5610.56 3673.97 88.6111 0 184.194 -143.222 -6008.72 -71.9167 -44.6944 -98.5278 -40.9722 -832.629 -2.88889 -1007.03 -1097.11 ;
-20193.8 -18618.9 -2369.38 -327.472 -12162.2 -3032.97 -166.167 -116.667 -143.222 391.167 16057.1 195.333 116.861 274.306 -64.3333 -1300.72 -10.2222 -1954.44 -1039.22 ;
-1.66963e+06 -1.11625e+06 -141140 -16480.6 -551453 -134326 -7475.25 -4900.58 -6008.72 16057.1 1.51578e+06 7917.81 4294.83 11762.2 -1416.78 -131435 25.1111 -37788.8 -27531 ;
-9814.72 -8934.39 -1161.66 -172.722 -5757.69 -1730.86 0 -52.75 -71.9167 195.333 7917.81 195.333 82.9167 112.417 -34.6667 -669.007 -9.22222 -1008.44 -621.111 ;
-5592.17 -5778.75 -846.693 -111.222 -3491.25 -801.25 -27.7222 -30.0278 -44.6944 116.861 4294.83 82.9167 116.861 0 -21.5556 -410.518 -4.22222 -642 -338 ;
-14601.6 -12840.1 -1522.69 -216.25 -8670.94 -2231.72 -138.444 -86.6389 -98.5278 274.306 11762.2 112.417 0 274.306 -42.7778 -890.206 -6 -1312.44 -701.222 ;
-2189.25 -2703.86 -703.48 -19.2222 -2101.94 -1226.72 -31.9167 -19.6667 -40.9722 -64.3333 -1416.78 -34.6667 -21.5556 -42.7778 134.667 2855.8 29.4444 4056.39 2265.94 ;
-194968 -129157 -52518.9 43.8611 -38820.7 -36403.6 -712.842 -381.217 -832.629 -1300.72 -131435 -669.007 -410.518 -890.206 2855.8 359003 -121.472 73663.8 61950.5 ;
-264.444 -492.944 55.0011 -582 -582 0 -1 -13 -2.88889 -10.2222 25.1111 -9.22222 -4.22222 -6 29.4444 -121.472 1002 1002 0 ;
-55916.2 -74210.4 -18911.3 -582 -104816 0 -1044.25 -734.75 -1007.03 -1954.44 -37788.8 -1008.44 -642 -1312.44 4056.39 73663.8 1002 202778 0 ;
-45255.6 -49948.2 -11366.8 0 0 -90410.4 -437.111 -96.2778 -1097.11 -1039.22 -27531 -621.111 -338 -701.222 2265.94 61950.5 0 0 166694 ;
]
+++++++++++++
Iter 1

Size = 19
Data size = 190
[ 1.80852e+06 1.13263e+06 196341 17948.9 606986 158764 8594.37 5764.36 7101.13 -15929.2 -1.25206e+06 -7682.62 -4163.86 -11765.4 -731.394 -35179.7 -102.694 -15392.6 -7718.85 ;
1.13263e+06 1.01376e+06 134818 15691.3 514232 137671 7503 4679.15 6129.71 -13475.7 -796798 -6389.65 -3849.94 -9625.72 -907.901 -26784.7 -183.198 -21578 -9641.63 ;
196341 134818 61545.6 404.434 68896.6 17919.3 1031.05 568.273 943.338 -1702.2 -108412 -809.045 -583.986 -1118.21 -289.07 -12630.2 47.1035 -6350.47 -2464.57 ;
17948.9 15691.3 404.434 7048.39 7048.39 0 144.582 173.435 79.4405 -301.9 -12322.3 -157.249 -101.103 -200.797 -11.0159 39.3938 -367.974 -367.974 0 ;
606986 514232 68896.6 7048.39 515886 0 5645.02 4448.19 4268.66 -10028.4 -438864 -4765.35 -2722.1 -7306.31 -726.471 -9632.68 -367.974 -34756.2 0 ;
158764 137671 17919.3 0 0 246102 1441.13 308.604 2930.94 -3049.07 -112466 -1718.18 -776.352 -2272.72 -350.955 -4760.29 0 0 -25973.6 ;
8594.37 7503 1031.05 144.582 5645.02 1441.13 153.829 60.5265 69.2327 -141.068 -6082.3 0 -22.9178 -118.151 -12.7611 -228.294 0.0688528 -381.957 -110.237 ;
5764.36 4679.15 568.273 173.435 4448.19 308.604 60.5265 110.664 0 -102.13 -4151 -45.8518 -25.5067 -76.6228 -8.53409 -140.218 -9.4799 -257.618 -40.9615 ;
7101.13 6129.71 943.338 79.4405 4268.66 2930.94 69.2327 0 143.193 -127.63 -4946.05 -65.2053 -37.8276 -89.8021 -15.5632 -193.834 -0.395666 -342.44 -303.555 ;
-15929.2 -13475.7 -1702.2 -301.9 -10028.4 -3049.07 -141.068 -102.13 -127.63 334.406 12750.8 167.23 96.9192 237.487 -56.3773 -841.119 -3.16058 -1693.86 -599.431 ;
-1.25206e+06 -796798 -108412 -12322.3 -438864 -112466 -6082.3 -4151 -4946.05 12750.8 1.10019e+06 6155.95 3293.81 9457.01 -1029.63 -45932.9 169.463 -25318.4 -11612.2 ;
-7682.62 -6389.65 -809.045 -157.249 -4765.35 -1718.18 0 -45.8518 -65.2053 167.23 6155.95 167.23 68.4371 98.7929 -30.2699 -392.253 -4.78392 -871.034 -374.298 ;
-4163.86 -3849.94 -583.986 -101.103 -2722.1 -776.352 -22.9178 -25.5067 -37.8276 96.9192 3293.81 68.4371 96.9192 0 -19.9271 -326.89 -2.55739 -597.395 -222.316 ;
-11765.4 -9625.72 -1118.21 -200.797 -7306.31 -2272.72 -118.151 -76.6228 -89.8021 237.487 9457.01 98.7929 0 237.487 -36.4502 -514.229 -0.603185 -1096.46 -377.115 ;
-731.394 -907.901 -289.07 -11.0159 -726.471 -350.955 -12.7611 -8.53409 -15.5632 -56.3773 -1029.63 -30.2699 -19.9271 -36.4502 84.4589 1287.54 14.1765 2420.33 950.386 ;
-35179.7 -26784.7 -12630.2 39.3938 -9632.68 -4760.29 -228.294 -140.218 -193.834 -841.119 -45932.9 -392.253 -326.89 -514.229 1287.54 77276.7 -220.459 29546 13697.4 ;
-102.694 -183.198 47.1035 -367.974 -367.974 0 0.0688528 -9.4799 -0.395666 -3.16058 169.463 -4.78392 -2.55739 -0.603185 14.1765 -220.459 678.731 678.731 0 ;
-15392.6 -21578 -6350.47 -367.974 -34756.2 0 -381.957 -257.618 -342.44 -1693.86 -25318.4 -871.034 -597.395 -1096.46 2420.33 29546 678.731 117437 0 ;
-7718.85 -9641.63 -2464.57 0 0 -25973.6 -110.237 -40.9615 -303.555 -599.431 -11612.2 -374.298 -222.316 -377.115 950.386 13697.4 0 0 69748.1 ;
]
+++++++++++++
Iter 2

Size = 19
Data size = 190
[ 1.27615e+06 807359 116919 15082.3 475529 134879 6691.16 4907.98 5538.98 -12693.8 -918679 -6178.4 -3059.73 -9634.11 -388.646 -8395.91 -41.1305 -8927.15 -4391.16 ;
807359 703192 74758.4 13808.9 392135 118668 5796.41 3948.1 4714.03 -10523.5 -587250 -4985.6 -2668.04 -7855.48 -566.558 -8000.09 -92.1567 -15160.9 -6311.63 ;
116919 74758.4 28429.3 570.936 43494.4 13222.2 662.507 396.973 618.409 -1121.19 -71866.3 -532.308 -354.208 -766.977 -159.634 -3458.32 21.0817 -3937.03 -1362.32 ;
15082.3 13808.9 570.936 6296.49 6296.49 0 128.408 152.324 72.1311 -273.872 -10097.1 -145.349 -95.2955 -178.576 -5.96244 8.37319 -209.353 -209.353 0 ;
475529 392135 43494.4 6296.49 429190 0 4700.68 3960.34 3422.2 -8275.23 -350701 -3921.93 -2017.68 -6257.55 -638.321 -4745.94 -209.353 -31155.2 0 ;
134879 118668 13222.2 0 0 232644 1363.49 310.115 2746.15 -2927.69 -95786 -1651.91 -696.993 -2230.69 -282.411 -2180.07 0 0 -20959.2 ;
6691.16 5796.41 662.507 128.408 4700.68 1363.49 130.138 53.852 58.2179 -119.745 -4863.92 0 -17.3481 -102.397 -10.3924 -96.0294 0.114798 -347.386 -87.7225 ;
4907.98 3948.1 396.973 152.324 3960.34 310.115 53.852 98.6544 0 -91.6632 -3582.19 -41.2725 -21.3806 -70.2826 -6.9912 -60.8088 -5.84761 -236.686 -32.9078 ;
5538.98 4714.03 618.409 72.1311 3422.2 2746.15 58.2179 0 120.462 -108.022 -3973.64 -55.4447 -29.2078 -78.814 -12.44 -98.7765 0.00153105 -308.749 -244.362 ;
-12693.8 -10523.5 -1121.19 -273.872 -8275.23 -2927.69 -119.745 -91.6632 -108.022 294.995 10210.2 148.287 79.6232 215.372 -58.4226 -561.493 3.04597 -1946.63 -448.132 ;
-918679 -587250 -71866.3 -10097.1 -350701 -95786 -4863.92 -3582.19 -3973.64 10210.2 810828 4987.29 2465.15 7745.09 -776.47 -18989.3 177.497 -20588.2 -6879.87 ;
-6178.4 -4985.6 -532.308 -145.349 -3921.93 -1651.91 0 -41.2725 -55.4447 148.287 4987.29 148.287 57.1185 91.1683 -31.4591 -284.64 0.154351 -1021.71 -281.602 ;
-3059.73 -2668.04 -354.208 -95.2955 -2017.68 -696.993 -17.3481 -21.3806 -29.2078 79.6232 2465.15 57.1185 79.6232 0 -19.6488 -207.686 -0.267901 -656.984 -158.493 ;
-9634.11 -7855.48 -766.977 -178.576 -6257.55 -2230.69 -102.397 -70.2826 -78.814 215.372 7745.09 91.1683 0 215.372 -38.7738 -353.807 3.31387 -1289.64 -289.639 ;
-388.646 -566.558 -159.634 -5.96244 -638.321 -282.411 -10.3924 -6.9912 -12.44 -58.4226 -776.47 -31.4591 -19.6488 -38.7738 80.5314 759.114 2.91647 2584.95 730.543 ;
-8395.91 -8000.09 -3458.32 8.37319 -4745.94 -2180.07 -96.0294 -60.8088 -98.7765 -561.493 -18989.3 -284.64 -207.686 -353.807 759.114 21766.5 -156.042 18876.6 6952.28 ;
-41.1305 -92.1567 21.0817 -209.353 -209.353 0 0.114798 -5.84761 0.00153105 3.04597 177.497 0.154351 -0.267901 3.31387 2.91647 -156.042 367.574 367.574 0 ;
-8927.15 -15160.9 -3937.03 -209.353 -31155.2 0 -347.386 -236.686 -308.749 -1946.63 -20588.2 -1021.71 -656.984 -1289.64 2584.95 18876.6 367.574 126819 0 ;
-4391.16 -6311.63 -1362.32 0 0 -20959.2 -87.7225 -32.9078 -244.362 -448.132 -6879.87 -281.602 -158.493 -289.639 730.543 6952.28 0 0 53730.2 ;
]
+++++++++++++
Iter 3

Size = 19
Data size = 190
[ 1.05639e+06 664117 88446 12869.6 412834 117890 5797.58 4600.7 4610.53 -11051.3 -770409 -5358.83 -2217.48 -8833.85 -243.737 -2879.15 5.30327 -6209.19 -3445.78 ;
664117 568748 55787.3 12129.6 339643 103753 5024.6 3801.91 3815.52 -9117.68 -494043 -4286.39 -1830.74 -7286.95 -422.388 -3432.74 -19.4032 -12681.6 -5402.24 ;
88446 55787.3 20136.7 549.692 35786.7 11001.3 533.158 379.841 464.625 -937.07 -59090.1 -449.611 -226.053 -711.017 -104.393 -1146.23 14.969 -2933.49 -1073.91 ;
12869.6 12129.6 549.692 5536.3 5536.3 0 113.617 128.821 65.5753 -244.505 -8565.8 -130.586 -89.5383 -154.966 -1.60013 9.32527 -89.9912 -89.9912 0 ;
412834 339643 35786.7 5536.3 394166 0 4314.92 3953.09 2877.95 -7519.13 -308879 -3547.39 -1485.78 -6033.35 -614.122 -3143.88 -89.9912 -30605.7 0 ;
117890 103753 11001.3 0 0 215646 1268.25 309.032 2514.11 -2695.91 -84142.7 -1511.79 -531.119 -2164.79 -277.051 -1637.84 0 0 -20637 ;
5797.58 5024.6 533.158 113.617 4314.92 1268.25 118.393 53.1062 50.0158 -108.991 -4306.8 0 -12.1605 -96.8309 -9.40171 -53.1186 0.301533 -343.173 -84.1267 ;
4600.7 3801.91 379.841 128.821 3953.09 309.032 53.1062 97.1589 0 -90.4967 -3383.68 -40.7976 -18.8139 -71.6828 -6.66224 -37.6614 -1.96093 -249.028 -28.6027 ;
4610.53 3815.52 464.625 65.5753 2877.95 2514.11 50.0158 0 103.731 -93.1532 -3387.67 -48.0015 -20.172 -72.9812 -10.5774 -63.5591 0.163487 -280.902 -242.584 ;
-11051.3 -9117.68 -937.07 -244.505 -7519.13 -2695.91 -108.991 -90.4967 -93.1532 267.921 8796.27 134.102 60.2494 207.672 -52.67 -325.659 4.78306 -1861.49 -400.017 ;
-770409 -494043 -59090.1 -8565.8 -308879 -84142.7 -4306.8 -3383.68 -3387.67 8796.27 661393 4269.71 1804.74 6991.53 -504.04 -6786.7 106.816 -14734 -4777.03 ;
-5358.83 -4286.39 -449.611 -130.586 -3547.39 -1511.79 0 -40.7976 -48.0015 134.102 4269.71 134.102 44.4866 89.6158 -27.8429 -177.684 1.82847 -967.677 -247.52 ;
-2217.48 -1830.74 -226.053 -89.5383 -1485.78 -531.119 -12.1605 -18.8139 -20.172 60.2494 1804.74 44.4866 60.2494 0 -14.9725 -100.93 0.478313 -541.526 -109.206 ;
-8833.85 -7286.95 -711.017 -154.966 -6033.35 -2164.79 -96.8309 -71.6828 -72.9812 207.672 6991.53 89.6158 0 207.672 -37.6975 -224.73 4.30474 -1319.96 -290.811 ;
-243.737 -422.388 -104.393 -1.60013 -614.122 -277.051 -9.40171 -6.66224 -10.5774 -52.67 -504.04 -27.8429 -14.9725 -37.6975 72.1236 441.054 -3.18293 2475.61 677.068 ;
-2879.15 -3432.74 -1146.23 9.32527 -3143.88 -1637.84 -53.1186 -37.6614 -63.5591 -325.659 -6786.7 -177.684 -100.93 -224.73 441.054 6452.47 -83.9901 12338.8 4664.51 ;
5.30327 -19.4032 14.969 -89.9912 -89.9912 0 0.301533 -1.96093 0.163487 4.78306 106.816 1.82847 0.478313 4.30474 -3.18293 -83.9901 152.522 152.522 0 ;
-6209.19 -12681.6 -2933.49 -89.9912 -30605.7 0 -343.173 -249.028 -280.902 -1861.49 -14734 -967.677 -541.526 -1319.96 2475.61 12338.8 152.522 122458 0 ;
-3445.78 -5402.24 -1073.91 0 0 -20637 -84.1267 -28.6027 -242.584 -400.017 -4777.03 -247.52 -109.206 -290.811 677.068 4664.51 0 0 49957.1 ;
]
+++++++++++++
Iter 4

Size = 19
Data size = 190
[ 989847 619702 80356.8 12699.7 390731 112202 5450.01 4444.19 4381.91 -10564.4 -721879 -5186.18 -2065.58 -8498.78 -175.298 -1336.51 30.7727 -4918.42 -2773.46 ;
619702 529724 50479.7 11673.8 321744 99431.7 4691.41 3681.08 3618.28 -8723.75 -463905 -4190.25 -1720.03 -7003.72 -357.152 -2008.9 38.7031 -11554.6 -4909.6 ;
80356.8 50479.7 17889.5 495.942 33181.5 10317.5 479.104 359.667 433.299 -892.433 -55638.5 -446.368 -212.22 -680.214 -78.6056 -501.577 13.3977 -2424.32 -900.24 ;
12699.7 11673.8 495.942 5466.12 5466.12 0 113.945 128.108 63.107 -243.874 -8492.59 -129.219 -87.0226 -156.852 1.3344 12.3428 -12.9235 -12.9235 0 ;
390731 321744 33181.5 5466.12 379568 0 4082.69 3862.69 2745.15 -7243.02 -293172 -3486.12 -1413.03 -5829.99 -593.193 -2435.19 -12.9235 -29688.2 0 ;
112202 99431.7 10317.5 0 0 210522 1215.85 305.832 2449.86 -2622.17 -80802.6 -1491.9 -510.119 -2112.05 -278.714 -1235.05 0 0 -20816.1 ;
5450.01 4691.41 479.104 113.945 4082.69 1215.85 112.63 51.4421 47.1798 -103.985 -4085.24 0 -11.2167 -92.7686 -8.64443 -35.865 0.710389 -325.784 -85.576 ;
4444.19 3681.08 359.667 128.108 3862.69 305.832 51.4421 95.1913 0 -89.1234 -3286.33 -40.8393 -18.4897 -70.6337 -6.0679 -25.102 0.32452 -238.629 -27.9559 ;
4381.91 3618.28 433.299 63.107 2745.15 2449.86 47.1798 0 100.09 -90.2173 -3251.12 -47.4962 -19.1304 -71.087 -9.87234 -46.4809 0.819154 -272.208 -244.205 ;
-10564.4 -8723.75 -892.433 -243.874 -7243.02 -2622.17 -103.985 -89.1234 -90.2173 257.929 8274.92 130.769 56.9265 201.003 -48.5627 -205.577 4.64408 -1807.18 -383.022 ;
-721879 -463905 -55638.5 -8492.59 -293172 -80802.6 -4085.24 -3286.33 -3251.12 8274.92 606642 4045.9 1644.86 6630.06 -340.173 -2592.74 56.8625 -11186.2 -3362.06 ;
-5186.18 -4190.25 -446.368 -129.219 -3486.12 -1491.9 0 -40.8393 -47.4962 130.769 4045.9 130.769 42.6553 88.1141 -25.3883 -115.652 2.27184 -933.916 -230.378 ;
-2065.58 -1720.03 -212.22 -87.0226 -1413.03 -510.119 -11.2167 -18.4897 -19.1304 56.9265 1644.86 42.6553 56.9265 0 -13.4203 -60.8751 0.71614 -516.552 -96.9543 ;
-8498.78 -7003.72 -680.214 -156.852 -5829.99 -2112.05 -92.7686 -70.6337 -71.087 201.003 6630.06 88.1141 0 201.003 -35.1424 -144.702 3.92794 -1290.63 -286.068 ;
-175.298 -357.152 -78.6056 1.3344 -593.193 -278.714 -8.64443 -6.0679 -9.87234 -48.5627 -340.173 -25.3883 -13.4203 -35.1424 66.6009 286.209 -5.97848 2400.37 661.736 ;
-1336.51 -2008.9 -501.577 12.3428 -2435.19 -1235.05 -35.865 -25.102 -46.4809 -205.577 -2592.74 -115.652 -60.8751 -144.702 286.209 2296 -49.3868 9048.9 3218.13 ;
30.7727 38.7031 13.3977 -12.9235 -12.9235 0 0.710389 0.32452 0.819154 4.64408 56.8625 2.27184 0.71614 3.92794 -5.97848 -49.3868 24.3002 24.3002 0 ;
-4918.42 -11554.6 -2424.32 -12.9235 -29688.2 0 -325.784 -238.629 -272.208 -1807.18 -11186.2 -933.916 -516.552 -1290.63 2400.37 9048.9 24.3002 118823 0 ;
-2773.46 -4909.6 -900.24 0 0 -20816.1 -85.576 -27.9559 -244.205 -383.022 -3362.06 -230.378 -96.9543 -286.068 661.736 3218.13 0 0 48881.9 ;
]
+++++++++++++
Iter 5

Size = 19
Data size = 190
[ 963715 601889 77956.4 12242.1 380686 110055 5269.5 4384.99 4273.41 -10390.7 -702179 -5168.35 -2014.47 -8376.28 -123.924 -728.304 19.6725 -3666.98 -2097.71 ;
601889 514251 48837.8 11427.6 312744 97557.1 4499.54 3638.85 3508.87 -8585.05 -451990 -4211.63 -1682.47 -6902.59 -299.264 -1258.21 33.4784 -9862.74 -4305.12 ;
77956.4 48837.8 17410.5 479.361 32073.5 10068.7 453.53 356.264 419.647 -887.489 -54551 -459.215 -210.608 -676.881 -61.7445 -274.253 9.28381 -1993.12 -745.557 ;
12242.1 11427.6 479.361 5323.24 5323.24 0 111.605 122.887 62.1024 -236.972 -8114.4 -124.754 -85.8137 -151.158 1.41931 7.57814 -1.44845 -1.44845 0 ;
380686 312744 32073.5 5323.24 369711 0 3895.57 3820.95 2629.03 -7102.51 -286530 -3494.99 -1379.49 -5723.02 -542.449 -1783.09 -1.44845 -27023.6 0 ;
110055 97557.1 10068.7 0 0 207465 1179 301.824 2412.44 -2588.01 -79908.1 -1497.97 -498.704 -2089.3 -270.427 -869.484 0 0 -20229.1 ;
5269.5 4499.54 453.53 111.605 3895.57 1179 108.306 50.4038 44.6742 -100.533 -3974.44 0 -10.5984 -89.9344 -7.77317 -23.8539 0.612881 -288.054 -88.9604 ;
4384.99 3638.85 356.264 122.887 3820.95 301.824 50.4038 94.2244 0 -88.6519 -3252.63 -41.2209 -18.5298 -70.122 -5.57251 -18.4039 0.617479 -226.651 -24.2055 ;
4273.41 3508.87 419.647 62.1024 2629.03 2412.44 44.6742 0 97.4906 -88.6302 -3194.45 -47.815 -18.4812 -70.149 -8.86043 -31.1864 0.610845 -240.268 -238.004 ;
-10390.7 -8585.05 -887.489 -236.972 -7102.51 -2588.01 -100.533 -88.6519 -88.6302 250.921 8042.33 128.841 55.0813 195.84 -44.168 -138.19 3.36071 -1694.35 -359.064 ;
-702179 -451990 -54551 -8114.4 -286530 -79908.1 -3974.44 -3252.63 -3194.45 8042.33 585788 3966.14 1578.48 6463.85 -236.691 -1212.98 26.7837 -8560.69 -2204.4 ;
-5168.35 -4211.63 -459.215 -124.754 -3494.99 -1497.97 0 -41.2209 -47.815 128.841 3966.14 128.841 41.8034 87.0372 -22.6202 -77.3303 1.59734 -865.416 -201.606 ;
-2014.47 -1682.47 -210.608 -85.8137 -1379.49 -498.704 -10.5984 -18.5298 -18.4812 55.0813 1578.48 41.8034 55.0813 0 -12.2336 -41.0922 0.508659 -484.178 -90.5575 ;
-8376.28 -6902.59 -676.881 -151.158 -5723.02 -2089.3 -89.9344 -70.122 -70.149 195.84 6463.85 87.0372 0 195.84 -31.9344 -97.0982 2.85205 -1210.17 -268.506 ;
-123.924 -299.264 -61.7445 1.41931 -542.449 -270.427 -7.77317 -5.57251 -8.86043 -44.168 -236.691 -22.6202 -12.2336 -31.9344 60.5832 194.145 -4.78002 2236.8 629.491 ;
-728.304 -1258.21 -274.253 7.57814 -1783.09 -869.484 -23.8539 -18.4039 -31.1864 -138.19 -1212.98 -77.3303 -41.0922 -97.0982 194.145 1062.96 -24.7716 6691.46 2113.62 ;
19.6725 33.4784 9.28381 -1.44845 -1.44845 0 0.612881 0.617479 0.610845 3.36071 26.7837 1.59734 0.508659 2.85205 -4.78002 -24.7716 4.81893 4.81893 0 ;
-3666.98 -9862.74 -1993.12 -1.44845 -27023.6 0 -288.054 -226.651 -240.268 -1694.35 -8560.69 -865.416 -484.178 -1210.17 2236.8 6691.46 4.81893 110595 0 ;
-2097.71 -4305.12 -745.557 0 0 -20229.1 -88.9604 -24.2055 -238.004 -359.064 -2204.4 -201.606 -90.5575 -268.506 629.491 2113.62 0 0 46488.9 ;
]
+++++++++++++
Iter 6

Size = 19
Data size = 190
[ 963470 600830 77956.7 12192.7 379807 109631 5312.49 4378.6 4262.57 -10426.1 -702602 -5143.92 -2001.24 -8424.82 -83.2942 -395.118 12.9086 -2409.29 -1455.86 ;
600830 512472 48773.3 11376.7 311150 96986.5 4548.95 3625.86 3485.95 -8616.75 -451922 -4171.73 -1664.44 -6952.32 -242.783 -776.55 26.4603 -7795.05 -3662.03 ;
77956.7 48773.3 17412.1 480.156 31860.4 9994.71 463.413 354.211 417.36 -898.528 -54836.1 -455.423 -210.293 -688.235 -48.5606 -167.712 6.78423 -1568.41 -608.564 ;
12192.7 11376.7 480.156 5305.45 5305.45 0 110.237 122.674 61.5043 -235.673 -8086.57 -124.877 -85.5358 -150.138 1.15511 5.23766 -1.15511 -1.15511 0 ;
379807 311150 31860.4 5305.45 366382 0 3905.83 3798.16 2592.04 -7115.88 -286949 -3466.73 -1361.22 -5754.65 -468.615 -1157.65 -1.15511 -23162 0 ;
109631 96986.5 9994.71 0 0 206397 1186.87 298.366 2400.26 -2600.05 -80001.9 -1500.35 -491.011 -2109.04 -243.699 -602.488 0 0 -18251.1 ;
5312.49 4548.95 463.413 110.237 3905.83 1186.87 108.923 50.4937 44.9294 -101.813 -4009.44 0 -10.8987 -90.9147 -7.10961 -15.7959 0.559211 -256.685 -87.1602 ;
4378.6 3625.86 354.211 122.674 3798.16 298.366 50.4937 93.6865 0 -88.7855 -3259.26 -41.0703 -18.4467 -70.3388 -4.90095 -13.5374 0.510237 -202.727 -18.4436 ;
4262.57 3485.95 417.36 61.5043 2592.04 2400.26 44.9294 0 96.7733 -89.1245 -3204.05 -47.601 -18.1455 -70.979 -7.64882 -20.0877 0.478612 -200.08 -215.817 ;
-10426.1 -8616.75 -898.528 -235.673 -7115.88 -2600.05 -101.813 -88.7855 -89.1245 246.43 8004.16 125.493 53.5225 192.907 -38.8135 -98.9031 2.56286 -1509.97 -309.992 ;
-702602 -451922 -54836.1 -8086.57 -286949 -80001.9 -4009.44 -3259.26 -3204.05 8004.16 584623 3919.42 1556.58 6447.58 -172.831 -712.735 17.3114 -6512.01 -1377.21 ;
-5143.92 -4171.73 -455.423 -124.877 -3466.73 -1500.35 0 -41.0703 -47.601 125.493 3919.42 125.493 40.2563 85.2364 -19.6897 -55.3637 1.14519 -769.268 -164.578 ;
-2001.24 -1664.44 -210.293 -85.5358 -1361.22 -491.011 -10.8987 -18.4467 -18.1455 53.5225 1556.58 40.2563 53.5225 0 -11.0305 -30.5263 0.405215 -440.2 -79.9909 ;
-8424.82 -6952.32 -688.235 -150.138 -5754.65 -2109.04 -90.9147 -70.3388 -70.979 192.907 6447.58 85.2364 0 192.907 -27.7831 -68.3768 2.15765 -1069.77 -230.001 ;
-83.2942 -242.783 -48.5606 1.15511 -468.615 -243.699 -7.10961 -4.90095 -7.64882 -38.8135 -172.831 -19.6897 -11.0305 -27.7831 53.1409 136.51 -3.71797 1978.59 553.691 ;
-395.118 -776.55 -167.712 5.23766 -1157.65 -602.488 -15.7959 -13.5374 -20.0877 -98.9031 -712.735 -55.3637 -30.5263 -68.3768 136.51 591.172 -16.3291 4792.32 1381.91 ;
12.9086 26.4603 6.78423 -1.15511 -1.15511 0 0.559211 0.510237 0.478612 2.56286 17.3114 1.14519 0.405215 2.15765 -3.71797 -16.3291 3.71798 3.71798 0 ;
-2409.29 -7795.05 -1568.41 -1.15511 -23162 0 -256.685 -202.727 -200.08 -1509.97 -6512.01 -769.268 -440.2 -1069.77 1978.59 4792.32 3.71798 97578 0 ;
-1455.86 -3662.03 -608.564 0 0 -18251.1 -87.1602 -18.4436 -215.817 -309.992 -1377.21 -164.578 -79.9909 -230.001 553.691 1381.91 0 0 40863.5 ;
]
+++++++++++++
Iter 7

Size = 19
Data size = 190
[ 963363 601649 77761.7 12330.5 380257 109852 5259.44 4369.69 4261.71 -10453.9 -701289 -5216.9 -2054.68 -8399.24 -66.3509 -277.027 8.75935 -1969.35 -1187.06 ;
601649 514437 48665.1 11411.6 312310 97455.5 4481.44 3619.2 3489.72 -8668.8 -452199 -4276.26 -1736.26 -6932.54 -216.785 -607.208 21.4953 -6979.71 -3363.44 ;
77761.7 48665.1 17253.3 469.95 31835.6 9994.79 449.085 350.124 416.144 -901.764 -54751.6 -469.952 -219.125 -682.638 -42.4498 -128.361 5.40996 -1388.26 -543.165 ;
12330.5 11411.6 469.95 5364.99 5364.99 0 112.503 124.963 61.8407 -238.397 -8184.53 -125.436 -85.5307 -152.866 0.936458 3.74133 -0.936459 -0.936459 0 ;
380257 312310 31835.6 5364.99 367138 0 3848.12 3796.21 2592.53 -7171.84 -287094 -3555.01 -1418.11 -5753.73 -431.197 -942.601 -0.936459 -21284.3 0 ;
109852 97455.5 9994.79 0 0 206827 1170.95 296.089 2408.05 -2624.7 -80337.8 -1532.29 -510.106 -2114.6 -225.07 -501.361 0 0 -16862.4 ;
5259.44 4481.44 449.085 112.503 3848.12 1170.95 107.395 49.9651 44.0479 -101.032 -3979.16 0 -11.0113 -90.0203 -6.36353 -12.2531 0.457818 -231.291 -78.5329 ;
4369.69 3619.2 350.124 124.963 3796.21 296.089 49.9651 93.6918 0 -89.2715 -3253.59 -41.8071 -18.921 -70.3505 -4.42028 -11.0769 0.413617 -186.175 -15.1351 ;
4261.71 3489.72 416.144 61.8407 2592.53 2408.05 44.0479 0 96.8286 -89.8365 -3207.51 -48.7766 -18.8689 -70.9676 -6.99207 -16.0576 0.369609 -184.122 -200.171 ;
-10453.9 -8668.8 -901.764 -238.397 -7171.84 -2624.7 -101.032 -89.2715 -89.8365 245.328 7986.91 126.381 54.3739 190.955 -35.9802 -82.3141 2.21826 -1410.12 -283.472 ;
-701289 -452199 -54751.6 -8184.53 -287094 -80337.8 -3979.16 -3253.59 -3207.51 7986.91 581950 3944.02 1577.91 6409 -145.348 -537.668 13.2121 -5615.27 -1065.21 ;
-5216.9 -4276.26 -469.952 -125.436 -3555.01 -1532.29 0 -41.8071 -48.7766 126.381 3944.02 126.381 41.2124 85.1687 -18.0645 -46.2059 0.953825 -713.645 -145.2 ;
-2054.68 -1736.26 -219.125 -85.5307 -1418.11 -510.106 -11.0113 -18.921 -18.8689 54.3739 1577.91 41.2124 54.3739 0 -10.283 -26.1621 0.308186 -415.639 -73.5909 ;
-8399.24 -6932.54 -682.638 -152.866 -5753.73 -2114.6 -90.0203 -70.3505 -70.9676 190.955 6409 85.1687 0 190.955 -25.6972 -56.152 1.91007 -994.48 -209.881 ;
-66.3509 -216.785 -42.4498 0.936458 -431.197 -225.07 -6.36353 -4.42028 -6.99207 -35.9802 -145.348 -18.0645 -10.283 -25.6972 49.0568 112.62 -3.15471 1841.32 508.542 ;
-277.027 -607.208 -128.361 3.74133 -942.601 -501.361 -12.2531 -11.0769 -16.0576 -82.3141 -537.668 -46.2059 -26.1621 -56.152 112.62 432.871 -12.2275 4030.56 1112.42 ;
8.75935 21.4953 5.40996 -0.936459 -0.936459 0 0.457818 0.413617 0.369609 2.21826 13.2121 0.953825 0.308186 1.91007 -3.15471 -12.2275 3.15472 3.15472 0 ;
-1969.35 -6979.71 -1388.26 -0.936459 -21284.3 0 -231.291 -186.175 -184.122 -1410.12 -5615.27 -713.645 -415.639 -994.48 1841.32 4030.56 3.15472 90798.6 0 ;
-1187.06 -3363.44 -543.165 0 0 -16862.4 -78.5329 -15.1351 -200.171 -283.472 -1065.21 -145.2 -73.5909 -209.881 508.542 1112.42 0 0 37528.7 ;
]
+++++++++++++
Iter 8

Size = 19
Data size = 190
[ 968972 606312 78158.7 12265 382425 110425 5330.48 4379.56 4267.83 -10481 -706032 -5168.36 -1990.24 -8490.75 -60.9729 -247.83 8.725 -1763.32 -1108.82 ;
606312 518169 49092 11461.9 313844 97903.1 4571.16 3623.88 3488.57 -8686.7 -455876 -4195.27 -1658.26 -7028.45 -203.139 -550.356 19.4499 -6513.48 -3240.69 ;
78158.7 49092 17327.8 485.049 32058.2 10054 461.692 349.644 415.067 -902.881 -54979.6 -456.375 -206.833 -696.048 -39.6539 -116.897 4.87316 -1299.53 -518.023 ;
12265 11461.9 485.049 5340.55 5340.55 0 111.817 124.289 62.2795 -237.907 -8134.3 -125.671 -86.2423 -151.665 0.858991 3.81628 -0.858991 -0.858991 0 ;
382425 313844 32058.2 5340.55 367467 0 3933.43 3796.03 2588.86 -7189.39 -289208 -3472.33 -1351.07 -5838.32 -407.902 -845.932 -0.858991 -20128 0 ;
110425 97903.1 10054 0 0 206730 1191.01 293.675 2407.76 -2630.67 -80799.8 -1509.02 -489.04 -2141.63 -217.254 -465.044 0 0 -16278.1 ;
5330.48 4571.16 461.692 111.817 3933.43 1191.01 109.12 50.4792 44.9658 -103.231 -4031.28 0 -10.7805 -92.4504 -5.88896 -10.0853 0.419587 -216.376 -69.3599 ;
4379.56 3623.88 349.644 124.289 3796.03 293.675 50.4792 93.3731 0 -89.2054 -3264.94 -41.0194 -18.1942 -71.0112 -4.16768 -10.3139 0.408939 -176.206 -11.4319 ;
4267.83 3488.57 415.067 62.2795 2588.86 2407.76 44.9658 0 96.2692 -89.6202 -3217.59 -47.4009 -17.8052 -71.815 -6.64894 -14.6958 0.339008 -172.766 -195.318 ;
-10481 -8686.7 -902.881 -237.907 -7189.39 -2630.67 -103.231 -89.2054 -89.6202 243.317 8004.07 123.961 52.2752 191.042 -34.3941 -76.7642 2.12348 -1348.07 -268.702 ;
-706032 -455876 -54979.6 -8134.3 -289208 -80799.8 -4031.28 -3264.94 -3217.59 8004.07 586128 3920.25 1540.27 6463.8 -136.344 -490.385 14.0251 -5214.72 -960.059 ;
-5168.36 -4195.27 -456.375 -125.671 -3472.33 -1509.02 0 -41.0194 -47.4009 123.961 3920.25 123.961 39.7376 84.2235 -18.2689 -47.3653 0.917791 -720.283 -150.738 ;
-1990.24 -1658.26 -206.833 -86.2423 -1351.07 -489.04 -10.7805 -18.1942 -17.8052 52.2752 1540.27 39.7376 52.2752 0 -10.3154 -25.7175 0.367836 -417.147 -72.1244 ;
-8490.75 -7028.45 -696.048 -151.665 -5838.32 -2141.63 -92.4504 -71.0112 -71.815 191.042 6463.8 84.2235 0 191.042 -24.0787 -51.0467 1.75564 -930.926 -196.577 ;
-60.9729 -203.139 -39.6539 0.858991 -407.902 -217.254 -5.88896 -4.16768 -6.64894 -34.3941 -136.344 -18.2689 -10.3154 -24.0787 46.7972 104.654 -2.98247 1755.98 485.956 ;
-247.83 -550.356 -116.897 3.81628 -845.932 -465.044 -10.0853 -10.3139 -14.6958 -76.7642 -490.385 -47.3653 -25.7175 -51.0467 104.654 389.36 -12.7302 3694.82 1012.4 ;
8.725 19.4499 4.87316 -0.858991 -0.858991 0 0.419587 0.408939 0.339008 2.12348 14.0251 0.917791 0.367836 1.75564 -2.98247 -12.7302 2.98247 2.98247 0 ;
-1763.32 -6513.48 -1299.53 -0.858991 -20128 0 -216.376 -176.206 -172.766 -1348.07 -5214.72 -720.283 -417.147 -930.926 1755.98 3694.82 2.98247 86554.6 0 ;
-1108.82 -3240.69 -518.023 0 0 -16278.1 -69.3599 -11.4319 -195.318 -268.702 -960.059 -150.738 -72.1244 -196.577 485.956 1012.4 0 0 35807 ;
]
+++++++++++++
Iter 9

Size = 19
Data size = 190
[ 969193 606478 78178.1 12295.4 382564 110629 5338.73 4391.68 4285.12 -10482.6 -706545 -5161.6 -1993.16 -8489.47 -60.9502 -246.276 7.72645 -1807.77 -1122.85 ;
606478 518228 49097.5 11495 313845 98142.2 4582.69 3640.42 3509.32 -8688.16 -456121 -4184.79 -1661.52 -7026.64 -203.332 -551.34 18.8569 -6562.87 -3247.57 ;
78178.1 49097.5 17347.6 489.379 32096 10087 463.617 352.332 417.731 -903.325 -55014.2 -454.803 -207.515 -695.809 -39.7585 -116.624 4.718 -1314.56 -519.189 ;
12295.4 11495 489.379 5346.79 5346.79 0 111.839 124.151 62.4069 -238.11 -8151.36 -125.864 -86.2455 -151.865 0.827892 3.41713 -0.827892 -0.827892 0 ;
382564 313845 32096 5346.79 367657 0 3945.03 3808.86 2603.74 -7190.86 -289376 -3462.17 -1353.34 -5837.52 -409.513 -862.859 -0.827892 -20244.1 0 ;
110629 98142.2 10087 0 0 207128 1194.71 294.461 2414.38 -2636.45 -80916.6 -1510.44 -492.206 -2144.24 -216.886 -470.297 0 0 -16255.1 ;
5338.73 4582.69 463.617 111.839 3945.03 1194.71 109.457 50.7226 45.3145 -103.603 -4038.24 0 -10.8738 -92.7291 -5.85431 -10.03 0.406867 -216.332 -68.6961 ;
4391.68 3640.42 352.332 124.151 3808.86 294.461 50.7226 93.709 0 -89.5418 -3272.86 -41.1138 -18.2853 -71.2565 -4.16718 -10.2341 0.386777 -177.501 -11.5254 ;
4285.12 3509.32 417.731 62.4069 2603.74 2414.38 45.3145 0 96.7198 -90.056 -3229.04 -47.4813 -17.9651 -72.0909 -6.6638 -14.7368 0.324839 -174.656 -195.158 ;
-10482.6 -8688.16 -903.325 -238.11 -7190.86 -2636.45 -103.603 -89.5418 -90.056 243.695 8006.88 124.005 52.3558 191.339 -34.5652 -77.1002 2.10193 -1359.59 -268.649 ;
-706545 -456121 -55014.2 -8151.36 -289376 -80916.6 -4038.24 -3272.86 -3229.04 8006.88 586937 3916.29 1542.36 6464.52 -137.069 -492.534 12.8479 -5309.77 -979.985 ;
-5161.6 -4184.79 -454.803 -125.864 -3462.17 -1510.44 0 -41.1138 -47.4813 124.005 3916.29 124.005 39.7674 84.2381 -18.4787 -47.9206 0.917022 -730.821 -152.158 ;
-1993.16 -1661.52 -207.515 -86.2455 -1353.34 -492.206 -10.8738 -18.2853 -17.9651 52.3558 1542.36 39.7674 52.3558 0 -10.2981 -25.6889 0.309527 -420.576 -71.9972 ;
-8489.47 -7026.64 -695.809 -151.865 -5837.52 -2144.24 -92.7291 -71.2565 -72.0909 191.339 6464.52 84.2381 0 191.339 -24.2672 -51.4114 1.79241 -939.014 -196.652 ;
-60.9502 -203.332 -39.7585 0.827892 -409.513 -216.886 -5.85431 -4.16718 -6.6638 -34.5652 -137.069 -18.4787 -10.2981 -24.2672 46.9465 104.949 -2.92982 1769.1 485.534 ;
-246.276 -551.34 -116.624 3.41713 -862.859 -470.297 -10.03 -10.2341 -14.7368 -77.1002 -492.534 -47.9206 -25.6889 -51.4114 104.949 389.883 -11.5885 3766.98 1027.69 ;
7.72645 18.8569 4.718 -0.827892 -0.827892 0 0.406867 0.386777 0.324839 2.10193 12.8479 0.917022 0.309527 1.79241 -2.92982 -11.5885 2.92982 2.92982 0 ;
-1807.77 -6562.87 -1314.56 -0.827892 -20244.1 0 -216.332 -177.501 -174.656 -1359.59 -5309.77 -730.821 -420.576 -939.014 1769.1 3766.98 2.92982 87342.8 0 ;
-1122.85 -3247.57 -519.189 0 0 -16255.1 -68.6961 -11.5254 -195.158 -268.649 -979.985 -152.158 -71.9972 -196.652 485.534 1027.69 0 0 35785.5 ;
]
+++++++++++++
Iter 10

Size = 19
Data size = 190
[ 970721 607683 78299.4 12322 383085 110905 5346.2 4401.95 4295.33 -10490.7 -707799 -5161.39 -1990.85 -8499.83 -60.169 -242.215 7.64404 -1779.55 -1109.76 ;
607683 519284 49197.9 11530.6 314229 98438.4 4590.34 3651.93 3519.19 -8693.96 -457089 -4180.82 -1659.08 -7034.88 -200.815 -542.888 18.3636 -6477.58 -3225.35 ;
78299.4 49197.9 17379.1 492.466 32158.1 10120.9 464.451 353.806 418.754 -903.627 -55099.1 -453.871 -206.959 -696.668 -39.2955 -115.037 4.60744 -1300.01 -514.182 ;
12322 11530.6 492.466 5354.43 5354.43 0 112.159 124.28 62.6568 -238.635 -8167.68 -126.081 -86.3567 -152.278 0.80735 3.38919 -0.80735 -0.80735 0 ;
383085 314229 32158.1 5354.43 367835 0 3952.87 3818.16 2608.21 -7196.4 -289845 -3455.3 -1349.8 -5846.6 -404.017 -847.026 -0.80735 -19963.9 0 ;
110905 98438.4 10120.9 0 0 207324 1196.78 294.491 2418.03 -2640.95 -81125.4 -1510.8 -492.519 -2148.43 -214.965 -464.278 0 0 -16108.7 ;
5346.2 4590.34 464.451 112.159 3952.87 1196.78 109.534 50.8688 45.414 -103.813 -4045.21 0 -10.8594 -92.9539 -5.72105 -9.62256 0.394811 -211.775 -66.6394 ;
4401.95 3651.93 353.806 124.28 3818.16 294.491 50.8688 93.8685 0 -89.745 -3280.06 -41.1256 -18.2829 -71.4622 -4.12348 -10.1119 0.383802 -175.707 -10.9392 ;
4295.33 3519.19 418.754 62.6568 2608.21 2418.03 45.414 0 96.7503 -90.1547 -3236.78 -47.4196 -17.9347 -72.2201 -6.59552 -14.5266 0.316566 -172.568 -193.868 ;
-10490.7 -8693.96 -903.627 -238.635 -7196.4 -2640.95 -103.813 -89.745 -90.1547 243.464 8012.86 123.809 52.269 191.196 -34.3755 -76.4996 2.09523 -1350.38 -266.808 ;
-707799 -457089 -55099.1 -8167.68 -289845 -81125.4 -4045.21 -3280.06 -3236.78 8012.86 588116 3916.88 1541.49 6471.37 -136.106 -487.435 12.9892 -5255.65 -966.512 ;
-5161.39 -4180.82 -453.871 -126.081 -3455.3 -1510.8 0 -41.1256 -47.4196 123.809 3916.88 123.809 39.7398 84.0695 -18.5336 -48.2517 0.913766 -731.858 -153.404 ;
-1990.85 -1659.08 -206.959 -86.3567 -1349.8 -492.519 -10.8594 -18.2829 -17.9347 52.269 1541.49 39.7398 52.269 0 -10.3511 -25.8431 0.31836 -422.097 -72.1176 ;
-8499.83 -7034.88 -696.668 -152.278 -5846.6 -2148.43 -92.9539 -71.4622 -72.2201 191.196 6471.37 84.0695 0 191.196 -24.0244 -50.6565 1.77688 -928.278 -194.69 ;
-60.169 -200.815 -39.2955 0.80735 -404.017 -214.965 -5.72105 -4.12348 -6.59552 -34.3755 -136.106 -18.5336 -10.3511 -24.0244 46.5981 103.935 -2.90259 1754.39 481.772 ;
-242.215 -542.888 -115.037 3.38919 -847.026 -464.278 -9.62256 -10.1119 -14.5266 -76.4996 -487.435 -48.2517 -25.8431 -50.6565 103.935 384.614 -11.634 3719.13 1013.7 ;
7.64404 18.3636 4.60744 -0.80735 -0.80735 0 0.394811 0.383802 0.316566 2.09523 12.9892 0.913766 0.31836 1.77688 -2.90259 -11.634 2.90259 2.90259 0 ;
-1779.55 -6477.58 -1300.01 -0.80735 -19963.9 0 -211.775 -175.707 -172.568 -1350.38 -5255.65 -731.858 -422.097 -928.278 1754.39 3719.13 2.90259 86534.2 0 ;
-1109.76 -3225.35 -514.182 0 0 -16108.7 -66.6394 -10.9392 -193.868 -266.808 -966.512 -153.404 -72.1176 -194.69 481.772 1013.7 0 0 35491.8 ;
]
+++++++++++++
Iter 11

Size = 19
Data size = 190
[ 970703 607665 78295.9 12322.6 383081 110905 5346.4 4402.06 4295.81 -10490.6 -707801 -5161.08 -1990.73 -8499.83 -60.1228 -241.911 7.63473 -1777.91 -1108.85 ;
607665 519259 49195.1 11531.2 314221 98438 4590.56 3652.07 3519.72 -8693.72 -457082 -4180.39 -1658.94 -7034.78 -200.77 -542.498 18.3538 -6475.32 -3224.67 ;
78295.9 49195.1 17378.5 492.591 32157.6 10120.8 464.496 353.828 418.83 -903.611 -55097.8 -453.815 -206.945 -696.666 -39.2835 -114.948 4.6045 -1299.44 -514.026 ;
12322.6 11531.2 492.591 5354.46 5354.46 0 112.155 124.276 62.6572 -238.636 -8168.08 -126.086 -86.3562 -152.279 0.806845 3.38545 -0.806845 -0.806845 0 ;
383081 314221 32157.6 5354.46 367841 0 3953.05 3818.28 2608.72 -7196.43 -289847 -3455.19 -1349.73 -5846.7 -403.931 -846.333 -0.806845 -19957.7 0 ;
110905 98438 10120.8 0 0 207323 1196.82 294.488 2418.08 -2640.97 -81125.5 -1510.82 -492.51 -2148.46 -214.932 -463.98 0 0 -16106.1 ;
5346.4 4590.56 464.496 112.155 3953.05 1196.82 109.537 50.8708 45.4224 -103.814 -4045.36 0 -10.8602 -92.9537 -5.72296 -9.62542 0.394816 -211.809 -66.6788 ;
4402.06 3652.07 353.828 124.276 3818.28 294.488 50.8708 93.8702 0 -89.7471 -3280.15 -41.1264 -18.2823 -71.4648 -4.12315 -10.1051 0.383484 -175.688 -10.9407 ;
4295.81 3519.72 418.83 62.6572 2608.72 2418.08 45.4224 0 96.7611 -90.1658 -3237.11 -47.4238 -17.9374 -72.2284 -6.59536 -14.5191 0.316487 -172.555 -193.841 ;
-10490.6 -8693.72 -903.611 -238.636 -7196.43 -2640.97 -103.814 -89.7471 -90.1658 243.457 8012.76 123.796 52.2635 191.194 -34.3715 -76.4601 2.09435 -1350.03 -266.763 ;
-707801 -457082 -55097.8 -8168.08 -289847 -81125.5 -4045.36 -3280.15 -3237.11 8012.76 588129 3916.61 1541.41 6471.34 -136.038 -486.991 12.9778 -5252.09 -965.523 ;
-5161.08 -4180.39 -453.815 -126.086 -3455.19 -1510.82 0 -41.1264 -47.4238 123.796 3916.61 123.796 39.731 84.0653 -18.5246 -48.2002 0.913125 -731.403 -153.312 ;
-1990.73 -1658.94 -206.945 -86.3562 -1349.73 -492.51 -10.8602 -18.2823 -17.9374 52.2635 1541.41 39.731 52.2635 0 -10.348 -25.8262 0.317925 -421.859 -72.0936 ;
-8499.83 -7034.78 -696.666 -152.279 -5846.7 -2148.46 -92.9537 -71.4648 -72.2284 191.194 6471.34 84.0653 0 191.194 -24.0235 -50.634 1.77643 -928.175 -194.669 ;
-60.1228 -200.77 -39.2835 0.806845 -403.931 -214.932 -5.72296 -4.12315 -6.59536 -34.3715 -136.038 -18.5246 -10.348 -24.0235 46.5923 103.877 -2.9012 1753.97 481.695 ;
-241.911 -542.498 -114.948 3.38545 -846.333 -463.98 -9.62542 -10.1051 -14.5191 -76.4601 -486.991 -48.2002 -25.8262 -50.634 103.877 384.235 -11.6234 3716.33 1012.92 ;
7.63473 18.3538 4.6045 -0.806845 -0.806845 0 0.394816 0.383484 0.316487 2.09435 12.9778 0.913125 0.317925 1.77643 -2.9012 -11.6234 2.9012 2.9012 0 ;
-1777.91 -6475.32 -1299.44 -0.806845 -19957.7 0 -211.809 -175.688 -172.555 -1350.03 -5252.09 -731.403 -421.859 -928.175 1753.97 3716.33 2.9012 86500.8 0 ;
-1108.85 -3224.67 -514.026 0 0 -16106.1 -66.6788 -10.9407 -193.841 -266.763 -965.523 -153.312 -72.0936 -194.669 481.695 1012.92 0 0 35485.6 ;
]
+++++++++++++
Iter 12

Size = 19
Data size = 190
[ 970690 607659 78294.2 12322.2 383075 110904 5345.98 4401.97 4295.43 -10490.4 -707782 -5161.3 -1990.73 -8499.65 -60.1291 -241.924 7.61999 -1778.55 -1109.28 ;
607659 519259 49194.3 11530.9 314218 98437.5 4590.08 3652 3519.3 -8693.61 -457076 -4180.74 -1658.98 -7034.64 -200.788 -542.569 18.3434 -6476.33 -3224.95 ;
78294.2 49194.3 17377.9 492.51 32156.8 10120.6 464.41 353.815 418.763 -903.577 -55096 -453.862 -206.94 -696.637 -39.2882 -114.961 4.60217 -1299.68 -514.084 ;
12322.2 11530.9 492.51 5354.42 5354.42 0 112.16 124.276 62.6579 -238.633 -8167.74 -126.079 -86.3563 -152.277 0.806336 3.3795 -0.806336 -0.806336 0 ;
383075 314218 32156.8 5354.42 367837 0 3952.66 3818.26 2608.35 -7196.3 -289840 -3455.39 -1349.74 -5846.56 -403.948 -846.594 -0.806336 -19958.1 0 ;
110904 98437.5 10120.6 0 0 207321 1196.74 294.484 2418.02 -2640.93 -81125.1 -1510.84 -492.508 -2148.42 -214.937 -464.113 0 0 -16106.4 ;
5345.98 4590.08 464.41 112.16 3952.66 1196.74 109.527 50.8681 45.4133 -103.806 -4045.09 0 -10.8577 -92.948 -5.72103 -9.62102 0.394453 -211.747 -66.6462 ;
4401.97 3652 353.815 124.276 3818.26 294.484 50.8681 93.8698 0 -89.7466 -3280.07 -41.1279 -18.2821 -71.4645 -4.12315 -10.1046 0.383172 -175.7 -10.9395 ;
4295.43 3519.3 418.763 62.6579 2608.35 2418.02 45.4133 0 96.7512 -90.1564 -3236.85 -47.4222 -17.9354 -72.221 -6.59484 -14.5199 0.316124 -172.54 -193.844 ;
-10490.4 -8693.61 -903.577 -238.633 -7196.3 -2640.93 -103.806 -89.7466 -90.1564 243.458 8012.62 123.805 52.2652 191.192 -34.3754 -76.4739 2.0938 -1350.17 -266.791 ;
-707782 -457076 -55096 -8167.74 -289840 -81125.1 -4045.09 -3280.07 -3236.85 8012.62 588107 3916.75 1541.4 6471.22 -136.061 -487.094 12.959 -5253.43 -966.02 ;
-5161.3 -4180.74 -453.862 -126.079 -3455.39 -1510.84 0 -41.1279 -47.4222 123.805 3916.75 123.805 39.7354 84.07 -18.5289 -48.2173 0.912994 -731.558 -153.361 ;
-1990.73 -1658.98 -206.94 -86.3563 -1349.74 -492.508 -10.8577 -18.2821 -17.9354 52.2652 1541.4 39.7354 52.2652 0 -10.35 -25.8336 0.317043 -421.956 -72.1087 ;
-8499.65 -7034.64 -696.637 -152.277 -5846.56 -2148.42 -92.948 -71.4645 -72.221 191.192 6471.22 84.07 0 191.192 -24.0254 -50.6403 1.77676 -928.217 -194.682 ;
-60.1291 -200.788 -39.2882 0.806336 -403.948 -214.937 -5.72103 -4.12315 -6.59484 -34.3754 -136.061 -18.5289 -10.35 -24.0254 46.5964 103.893 -2.90014 1754.12 481.728 ;
-241.924 -542.569 -114.961 3.3795 -846.594 -464.113 -9.62102 -10.1046 -14.5199 -76.4739 -487.094 -48.2173 -25.8336 -50.6403 103.893 384.301 -11.6056 3717.44 1013.3 ;
7.61999 18.3434 4.60217 -0.806336 -0.806336 0 0.394453 0.383172 0.316124 2.0938 12.959 0.912994 0.317043 1.77676 -2.90014 -11.6056 2.90014 2.90014 0 ;
-1778.55 -6476.33 -1299.68 -0.806336 -19958.1 0 -211.747 -175.7 -172.54 -1350.17 -5253.43 -731.558 -421.956 -928.217 1754.12 3717.44 2.90014 86505.4 0 ;
-1109.28 -3224.95 -514.084 0 0 -16106.4 -66.6462 -10.9395 -193.844 -266.791 -966.02 -153.361 -72.1087 -194.682 481.728 1013.3 0 0 35487.7 ;
]
+++++++++++++
