============== BHHH ===============

Size = 9
Data size = 45
[ 1.50758e+06 812548 152275 1.95266e+06 594726 -13038.8 -1.18555e+06 -181.114 -5224.93 ;
812548 626702 79798.4 2.59249e+06 442193 -9864.89 -696660 -295.212 -5401.26 ;
152275 79798.4 40255.9 735486 47709.7 -1173.66 -99583.3 -78.831 -1703.13 ;
1.95266e+06 2.59249e+06 735486 6.20558e+09 -2.37555e+07 496265 5.01976e+06 -614138 -5.66587e+06 ;
594726 442193 47709.7 -2.37555e+07 736147 -13498.3 -535504 2815.21 16195.9 ;
-13038.8 -9864.89 -1173.66 496265 -13498.3 292.162 11472.8 -60.2737 -352.791 ;
-1.18555e+06 -696660 -99583.3 5.01976e+06 -535504 11472.8 1.27399e+06 -527.713 -11370.5 ;
-181.114 -295.212 -78.831 -614138 2815.21 -60.2737 -527.713 74.3417 536.785 ;
-5224.93 -5401.26 -1703.13 -5.66587e+06 16195.9 -352.791 -11370.5 536.785 19733.9 ;
]

============== Hessian ===============

Size = 9
Data size = 45
[ 1.06434e+06 679851 87131.4 2.34208e+06 536122 -11636.9 -766983 -283.855 -2810.19 ;
679851 588277 54835 3.96898e+06 443894 -9739.89 -500170 -480.455 -3547.14 ;
87131.4 54835 18159.2 890967 42874.7 -972.286 -59816.5 -111.671 -973.842 ;
2.34208e+06 3.96898e+06 890967 6.64892e+09 -2.35256e+07 492055 5.13019e+06 -661329 -4.19102e+06 ;
536122 443894 42874.7 -2.35256e+07 748843 -13861.5 -429221 2868.04 17685.8 ;
-11636.9 -9739.89 -972.286 492055 -13861.5 298.891 9257.72 -60.7143 -381.632 ;
-766983 -500170 -59816.5 5.13019e+06 -429221 9257.72 640897 -609.728 -6410.97 ;
-283.855 -480.455 -111.671 -661329 2868.04 -60.7143 -609.728 82.1222 503.816 ;
-2810.19 -3547.14 -973.842 -4.19102e+06 17685.8 -381.632 -6410.97 503.816 5447.05 ;
]

