============== BHHH ===============

Size = 5
Data size = 15
[ 4.80514e+06 854737 -27137.4 -2.1244e+06 -1084.48 ;
854737 235343 -4321.57 -353658 -425.132 ;
-27137.4 -4321.57 316.739 12968.1 -60.0673 ;
-2.1244e+06 -353658 12968.1 1.37246e+06 -678.143 ;
-1084.48 -425.132 -60.0673 -678.143 80.1381 ;
]

============== Hessian ===============

Size = 5
Data size = 15
[ 5.1824e+06 860574 -28293.4 -2.03057e+06 -1841.09 ;
860574 185629 -4082.43 -343799 -489.609 ;
-28293.4 -4082.43 318.277 12497.3 -47.725 ;
-2.03057e+06 -343799 12497.3 1.13443e+06 -1230.8 ;
-1841.09 -489.609 -47.725 -1230.8 69.7396 ;
]

