Iter 0

Size = 5
Data size = 15
[ 7.86895e+06 1.17737e+06 -38795.4 -2.78562e+06 -4879.67 ;
1.17737e+06 247307 -5151.94 -444682 -989.884 ;
-38795.4 -5151.94 391.167 16057.1 -64.3333 ;
-2.78562e+06 -444682 16057.1 1.51578e+06 -1416.78 ;
-4879.67 -989.884 -64.3333 -1416.78 134.667 ;
]
+++++++++++++
Iter 1

Size = 5
Data size = 15
[ 5.59753e+06 912820 -30911.3 -2.14435e+06 -3421.34 ;
912820 190996 -4285.32 -366354 -747.862 ;
-30911.3 -4285.32 360.681 13954.5 -77.2048 ;
-2.14435e+06 -366354 13954.5 1.28042e+06 -1819.4 ;
-3421.34 -747.862 -77.2048 -1819.4 135.968 ;
]
+++++++++++++
Iter 2

Size = 5
Data size = 15
[ 5.34296e+06 883153 -28609.4 -2.07249e+06 -2054.81 ;
883153 191112 -4109.62 -349386 -542.177 ;
-28609.4 -4109.62 323.773 12748.1 -56.4547 ;
-2.07249e+06 -349386 12748.1 1.16289e+06 -1378.16 ;
-2054.81 -542.177 -56.4547 -1378.16 81.6911 ;
]
+++++++++++++
Iter 3

Size = 5
Data size = 15
[ 5.25184e+06 868864 -28222.2 -2.03933e+06 -1889.2 ;
868864 187466 -4075.59 -343878 -501.62 ;
-28222.2 -4075.59 315.449 12487.8 -50.8143 ;
-2.03933e+06 -343878 12487.8 1.13484e+06 -1262.1 ;
-1889.2 -501.62 -50.8143 -1262.1 73.1552 ;
]
+++++++++++++
Iter 4

Size = 5
Data size = 15
[ 5.18616e+06 861079 -28312.3 -2.03186e+06 -1842.96 ;
861079 185723 -4084.66 -344000 -489.906 ;
-28312.3 -4084.66 318.463 12504.1 -47.7595 ;
-2.03186e+06 -344000 12504.1 1.1351e+06 -1231.21 ;
-1842.96 -489.906 -47.7595 -1231.21 69.8073 ;
]
+++++++++++++
Iter 5

Size = 5
Data size = 15
[ 5.18238e+06 860617 -28294.7 -2.03068e+06 -1842.21 ;
860617 185632 -4082.53 -343833 -489.837 ;
-28294.7 -4082.53 318.358 12499 -47.7736 ;
-2.03068e+06 -343833 12499 1.13465e+06 -1231.79 ;
-1842.21 -489.837 -47.7736 -1231.79 69.8167 ;
]
+++++++++++++
Iter 6

Size = 5
Data size = 15
[ 5.18251e+06 860590 -28293.4 -2.03059e+06 -1841.2 ;
860590 185632 -4082.44 -343802 -489.634 ;
-28293.4 -4082.44 318.276 12497.4 -47.7309 ;
-2.03059e+06 -343802 12497.4 1.13444e+06 -1230.87 ;
-1841.2 -489.634 -47.7309 -1230.87 69.7469 ;
]
+++++++++++++
Iter 7

Size = 5
Data size = 15
[ 5.1824e+06 860574 -28293.4 -2.03057e+06 -1841.09 ;
860574 185629 -4082.43 -343799 -489.609 ;
-28293.4 -4082.43 318.277 12497.3 -47.725 ;
-2.03057e+06 -343799 12497.3 1.13443e+06 -1230.8 ;
-1841.09 -489.609 -47.725 -1230.8 69.7396 ;
]
+++++++++++++
