Iter 0

Size = 5
Data size = 15
[ 7.29611e+06 1.21546e+06 -20515 -1.43126e+06 -20515 ;
1.21546e+06 287630 -2050.56 -154055 -4327.86 ;
-20515 -2050.56 380.444 15352.4 -190.222 ;
-1.43126e+06 -154055 15352.4 1.44286e+06 -7676.22 ;
-20515 -4327.86 -190.222 -7676.22 380.444 ;
]
+++++++++++++
Iter 1

Size = 5
Data size = 15
[ 5.33161e+06 895374 -22922 -1.73921e+06 -9841.09 ;
895374 190600 -2918.79 -292580 -2128.03 ;
-22922 -2918.79 403.875 15521.2 -196.027 ;
-1.73921e+06 -292580 15521.2 1.27e+06 -6338.26 ;
-9841.09 -2128.03 -196.027 -6338.26 317.652 ;
]
+++++++++++++
Iter 2

Size = 5
Data size = 15
[ 5.61669e+06 962701 -26418.6 -1.89236e+06 -5100.19 ;
962701 214668 -3502.17 -292421 -1447.94 ;
-26418.6 -3502.17 372.633 14970.5 -120.731 ;
-1.89236e+06 -292421 14970.5 1.32018e+06 -4585.41 ;
-5100.19 -1447.94 -120.731 -4585.41 163.326 ;
]
+++++++++++++
Iter 3

Size = 5
Data size = 15
[ 5.96659e+06 982433 -29223.5 -2.20844e+06 -3902.09 ;
982433 209427 -4010.38 -361142 -1050.06 ;
-29223.5 -4010.38 372.075 15131.7 -104.355 ;
-2.20844e+06 -361142 15131.7 1.41288e+06 -3601.32 ;
-3902.09 -1050.06 -104.355 -3601.32 141.021 ;
]
+++++++++++++
Iter 4

Size = 5
Data size = 15
[ 5.75426e+06 965374 -29886.2 -2.11928e+06 -3347.68 ;
965374 209212 -4110.64 -342356 -945.585 ;
-29886.2 -4110.64 366.774 14737 -73.4627 ;
-2.11928e+06 -342356 14737 1.3493e+06 -2978.56 ;
-3347.68 -945.585 -73.4627 -2978.56 102.234 ;
]
+++++++++++++
Iter 5

Size = 5
Data size = 15
[ 5.74895e+06 962054 -29951.8 -2.1262e+06 -3147.52 ;
962054 207939 -4139.28 -344359 -892.915 ;
-29951.8 -4139.28 362.185 14594.6 -69.3924 ;
-2.1262e+06 -344359 14594.6 1.33458e+06 -2810.42 ;
-3147.52 -892.915 -69.3924 -2810.42 96.0678 ;
]
+++++++++++++
Iter 6

Size = 5
Data size = 15
[ 5.72168e+06 959107 -29980.9 -2.11782e+06 -3113.15 ;
959107 207519 -4142.25 -342881 -886.477 ;
-29980.9 -4142.25 362.589 14576.3 -67.6502 ;
-2.11782e+06 -342881 14576.3 1.33167e+06 -2779.19 ;
-3113.15 -886.477 -67.6502 -2779.19 93.9425 ;
]
+++++++++++++
Iter 7

Size = 5
Data size = 15
[ 5.72135e+06 959060 -29979.9 -2.1178e+06 -3112.51 ;
959060 207506 -4142.18 -342888 -886.313 ;
-29979.9 -4142.18 362.579 14575.9 -67.6483 ;
-2.1178e+06 -342888 14575.9 1.33167e+06 -2779 ;
-3112.51 -886.313 -67.6483 -2779 93.9374 ;
]
+++++++++++++
Iter 8

Size = 5
Data size = 15
[ 5.72131e+06 959055 -29980 -2.11775e+06 -3112.15 ;
959055 207508 -4142.22 -342875 -886.243 ;
-29980 -4142.22 362.565 14575.5 -67.6317 ;
-2.11775e+06 -342875 14575.5 1.33159e+06 -2778.56 ;
-3112.15 -886.243 -67.6317 -2778.56 93.9142 ;
]
+++++++++++++
