<!DOCTYPE HTML PUBLIC "-//W3C//DTD HTML 4.01 Transitional//EN">

<html>
<head>
<script src="http://transp-or.epfl.ch/biogeme/sorttable.js"></script>
<meta http-equiv='Content-Type' content='text/html; charset=utf-8' />
<title>Model5_simulation_PT_decrease.html - Report from biogeme 2.6a [Mon Apr 24 10:21:29 BST 2017]</title>
<meta name="keywords" content="biogeme, discrete choice, random utility">
<meta name="description" content="Report from biogeme 2.6a [Mon Apr 24 10:21:29 BST 2017]">
<meta name="author" content="Michel Bierlaire">
<style type=text/css>
<!--table
.biostyle
	{font-size:10.0pt;
	font-weight:400;
	font-style:normal;
	font-family:Courier;}
.boundstyle
	{font-size:10.0pt;
	font-weight:400;
	font-style:normal;
	font-family:Courier;
        color:red}
-->
</style>
</head>

<body bgcolor="#ffffff">
<p>biogeme 2.6a [Mon Apr 24 10:21:29 BST 2017]</p>
<p>Home page: <a href='http://biogeme.epfl.ch' target='_blank'>http://biogeme.epfl.ch</a></p>
<p>Submit questions to <a href='https://groups.google.com/d/forum/biogeme' target='_blank'>https://groups.google.com/d/forum/biogeme</a></p>
<p><a href='http://people.epfl.ch/michel.bierlaire'>Michel Bierlaire</a>, <a href='http://transp-or.epfl.ch'>Transport and Mobility Laboratory</a>, <a href='http://www.epfl.ch'>Ecole Polytechnique F&eacute;d&eacute;rale de Lausanne (EPFL)</a></p>
<p>This file has automatically been generated on
Sat Nov 11 15:27:26 2017</p>
<p>If you drag this HTML file into the Calc application of <a href='http://www.openoffice.org/' target='_blank'>OpenOffice</a>, or the spreadsheet of <a href='https://www.libreoffice.org/' target='_blank'>LibreOffice</a>, you will be able to perform additional calculations.</p><table><tr class=biostyle><td align=right><strong>Report file</strong>:	</td><td>Model5_simulation_PT_decrease.html</td></tr><tr class=biostyle><td align=right><strong>Sample file</strong>:	</td><td>__bin_data.dat</td></tr></table><h1>Simulation report</h1>

<p>Number of draws for Monte-Carlo: 1000</p>
<p>Type of draws: MLHS</p>
<h2>Aggregate values</h2><table border='1'>
<tr><th></th><th>01 Prob. PT</th><th>02 Prob. PM</th><th>03 Prob. SM</th><th>Choice</th></tr><tr><th>Total</th><td>590.992</td><td>1353.81</td><td>93.1963</td><td>1017</td></tr><tr><th>Average</th><td>0.289986</td><td>0.664284</td><td>0.0457293</td><td>0.499019</td></tr><tr><th>Non zeros</th><td>2038</td><td>1952</td><td>707</td><td>1569</td></tr><tr><th>Non zeros average</th><td>0.289986</td><td>0.693551</td><td>0.131819</td><td>0.648184</td></tr><tr><th>Minimum</th><td>7.57537e-09</td><td>0</td><td>0</td><td>-1</td></tr><tr><th>Maximum</th><td>1</td><td>1</td><td>0.978694</td><td>2</td></tr></table><h2>Detailed records</h2><table border='1'>
<tr><th>Row</th><th>01 Prob. PT</th><th>02 Prob. PM</th><th>03 Prob. SM</th><th>Choice</th></tr><tr><td>1</td><td>1</td><td>0</td><td>0</td><td>0</td></tr><tr><td>2</td><td>0.147163</td><td>0.82588</td><td>0.0269578</td><td>1</td></tr><tr><td>3</td><td>0.225672</td><td>0.774328</td><td>0</td><td>1</td></tr><tr><td>4</td><td>0.0571576</td><td>0.942842</td><td>0</td><td>1</td></tr><tr><td>5</td><td>0.16114</td><td>0.83886</td><td>2.8646e-07</td><td>1</td></tr><tr><td>6</td><td>0.0196853</td><td>0.977939</td><td>0.00237541</td><td>1</td></tr><tr><td>7</td><td>0.157658</td><td>0.842342</td><td>0</td><td>1</td></tr><tr><td>8</td><td>0.923227</td><td>0.0767729</td><td>0</td><td>0</td></tr><tr><td>9</td><td>0.0832251</td><td>0.860881</td><td>0.0558936</td><td>1</td></tr><tr><td>10</td><td>0.0176937</td><td>0.982306</td><td>0</td><td>1</td></tr><tr><td>11</td><td>0.120736</td><td>0.874354</td><td>0.00490945</td><td>-1</td></tr><tr><td>12</td><td>0.0804133</td><td>0.919587</td><td>0</td><td>1</td></tr><tr><td>13</td><td>0.167536</td><td>0.803479</td><td>0.028985</td><td>1</td></tr><tr><td>14</td><td>0.0772449</td><td>0.867153</td><td>0.0556017</td><td>1</td></tr><tr><td>15</td><td>0.500865</td><td>0.499135</td><td>0</td><td>1</td></tr><tr><td>16</td><td>0.0454418</td><td>0.672649</td><td>0.281909</td><td>2</td></tr><tr><td>17</td><td>0.102677</td><td>0.897323</td><td>0</td><td>0</td></tr><tr><td>18</td><td>0.157088</td><td>0.842912</td><td>0</td><td>1</td></tr><tr><td>19</td><td>0.480127</td><td>0.496705</td><td>0.0231685</td><td>-1</td></tr><tr><td>20</td><td>0.0387825</td><td>0.961218</td><td>0</td><td>1</td></tr><tr><td>21</td><td>0.960962</td><td>0.0390376</td><td>2.01734e-49</td><td>0</td></tr><tr><td>22</td><td>0.89545</td><td>0.10455</td><td>3.56154e-14</td><td>0</td></tr><tr><td>23</td><td>0.103327</td><td>0.896673</td><td>0</td><td>-1</td></tr><tr><td>24</td><td>0.322852</td><td>0.677148</td><td>0</td><td>1</td></tr><tr><td>25</td><td>0.769743</td><td>0.230257</td><td>0</td><td>0</td></tr><tr><td>26</td><td>0.0253951</td><td>0.974605</td><td>0</td><td>-1</td></tr><tr><td>27</td><td>0.782225</td><td>0.217775</td><td>0</td><td>0</td></tr><tr><td>28</td><td>0.0410054</td><td>0.677536</td><td>0.281458</td><td>2</td></tr><tr><td>29</td><td>0.0991825</td><td>0.900818</td><td>8.12761e-14</td><td>-1</td></tr><tr><td>30</td><td>0.684382</td><td>0.315618</td><td>0</td><td>1</td></tr><tr><td>31</td><td>0.074693</td><td>0.589266</td><td>0.336041</td><td>1</td></tr><tr><td>32</td><td>0.0335287</td><td>0.966471</td><td>0</td><td>1</td></tr><tr><td>33</td><td>0.164979</td><td>0.835021</td><td>0</td><td>0</td></tr><tr><td>34</td><td>0.83369</td><td>0.16631</td><td>0</td><td>1</td></tr><tr><td>35</td><td>0.24971</td><td>0.75029</td><td>0</td><td>-1</td></tr><tr><td>36</td><td>0.459054</td><td>0.540946</td><td>0</td><td>0</td></tr><tr><td>37</td><td>0.626731</td><td>0.373269</td><td>0</td><td>0</td></tr><tr><td>38</td><td>0.27879</td><td>0.689964</td><td>0.0312461</td><td>0</td></tr><tr><td>39</td><td>0.242775</td><td>0.757225</td><td>0</td><td>1</td></tr><tr><td>40</td><td>0.074041</td><td>0.925959</td><td>0</td><td>-1</td></tr><tr><td>41</td><td>0.419572</td><td>0.580428</td><td>0</td><td>1</td></tr><tr><td>42</td><td>0.176445</td><td>0.823555</td><td>0</td><td>1</td></tr><tr><td>43</td><td>0.0397348</td><td>0.960265</td><td>0</td><td>-1</td></tr><tr><td>44</td><td>0.0030884</td><td>0.996912</td><td>0</td><td>-1</td></tr><tr><td>45</td><td>0.117865</td><td>0.882135</td><td>0</td><td>0</td></tr><tr><td>46</td><td>0.00235116</td><td>0.997649</td><td>0</td><td>1</td></tr><tr><td>47</td><td>1</td><td>0</td><td>0</td><td>0</td></tr><tr><td>48</td><td>0.0224979</td><td>0.977502</td><td>0</td><td>1</td></tr><tr><td>49</td><td>0.105103</td><td>0.894897</td><td>0</td><td>1</td></tr><tr><td>50</td><td>0.0172627</td><td>0.982737</td><td>0</td><td>1</td></tr><tr><td>51</td><td>0.0954405</td><td>0.904559</td><td>0</td><td>1</td></tr><tr><td>52</td><td>0.975928</td><td>0.0240717</td><td>0</td><td>0</td></tr><tr><td>53</td><td>0.031817</td><td>0.968183</td><td>0</td><td>1</td></tr><tr><td>54</td><td>1</td><td>0</td><td>0</td><td>0</td></tr><tr><td>55</td><td>0.963234</td><td>0.0367663</td><td>0</td><td>-1</td></tr><tr><td>56</td><td>0.128221</td><td>0.871779</td><td>0</td><td>1</td></tr><tr><td>57</td><td>0.0507993</td><td>0.949201</td><td>0</td><td>2</td></tr><tr><td>58</td><td>0.761341</td><td>0.238659</td><td>0</td><td>-1</td></tr><tr><td>59</td><td>0.0707093</td><td>0.699561</td><td>0.229729</td><td>1</td></tr><tr><td>60</td><td>0.429283</td><td>0.569769</td><td>0.000947763</td><td>1</td></tr><tr><td>61</td><td>0.05924</td><td>0.909923</td><td>0.0308367</td><td>-1</td></tr><tr><td>62</td><td>0.0159943</td><td>0.37325</td><td>0.610755</td><td>2</td></tr><tr><td>63</td><td>0.0100424</td><td>0.521695</td><td>0.468263</td><td>1</td></tr><tr><td>64</td><td>0.0863994</td><td>0.913601</td><td>0</td><td>1</td></tr><tr><td>65</td><td>0.175482</td><td>0.824518</td><td>0</td><td>1</td></tr><tr><td>66</td><td>0.0385394</td><td>0.728226</td><td>0.233235</td><td>2</td></tr><tr><td>67</td><td>0.00842251</td><td>0.67349</td><td>0.318087</td><td>1</td></tr><tr><td>68</td><td>0.156636</td><td>0.768945</td><td>0.0744191</td><td>2</td></tr><tr><td>69</td><td>0.449951</td><td>0.550049</td><td>0</td><td>1</td></tr><tr><td>70</td><td>0.306525</td><td>0.693475</td><td>0</td><td>1</td></tr><tr><td>71</td><td>0.0833346</td><td>0.916665</td><td>0</td><td>2</td></tr><tr><td>72</td><td>0.31182</td><td>0.68818</td><td>0</td><td>-1</td></tr><tr><td>73</td><td>0.0866942</td><td>0.913306</td><td>0</td><td>1</td></tr><tr><td>74</td><td>0.151778</td><td>0.496444</td><td>0.351778</td><td>2</td></tr><tr><td>75</td><td>0.196378</td><td>0.59261</td><td>0.211012</td><td>1</td></tr><tr><td>76</td><td>0.112659</td><td>0.887341</td><td>0</td><td>0</td></tr><tr><td>77</td><td>0.00866365</td><td>0.384918</td><td>0.606418</td><td>1</td></tr><tr><td>78</td><td>0.0252985</td><td>0.974701</td><td>0</td><td>1</td></tr><tr><td>79</td><td>0.0878736</td><td>0.854489</td><td>0.0576378</td><td>1</td></tr><tr><td>80</td><td>0.0761806</td><td>0.893573</td><td>0.0302462</td><td>1</td></tr><tr><td>81</td><td>0.0456444</td><td>0.954356</td><td>0</td><td>1</td></tr><tr><td>82</td><td>0.33555</td><td>0.66445</td><td>0</td><td>0</td></tr><tr><td>83</td><td>0.17437</td><td>0.82563</td><td>0</td><td>-1</td></tr><tr><td>84</td><td>0.184816</td><td>0.793725</td><td>0.0214591</td><td>1</td></tr><tr><td>85</td><td>0.0212792</td><td>0.978721</td><td>0</td><td>1</td></tr><tr><td>86</td><td>0.207956</td><td>0.69311</td><td>0.0989337</td><td>-1</td></tr><tr><td>87</td><td>0.397426</td><td>0.602574</td><td>0</td><td>1</td></tr><tr><td>88</td><td>0.829151</td><td>0.170849</td><td>1.22652e-11</td><td>0</td></tr><tr><td>89</td><td>0.837083</td><td>0.162917</td><td>0</td><td>0</td></tr><tr><td>90</td><td>0.172103</td><td>0.827897</td><td>0</td><td>1</td></tr><tr><td>91</td><td>0.83781</td><td>0.16219</td><td>0</td><td>0</td></tr><tr><td>92</td><td>0.0502751</td><td>0.949725</td><td>4.61537e-33</td><td>0</td></tr><tr><td>93</td><td>0.015988</td><td>0.984012</td><td>0</td><td>1</td></tr><tr><td>94</td><td>0.36467</td><td>0.63533</td><td>0</td><td>-1</td></tr><tr><td>95</td><td>0.242925</td><td>0.700387</td><td>0.0566883</td><td>1</td></tr><tr><td>96</td><td>0.0219363</td><td>0.978064</td><td>0</td><td>1</td></tr><tr><td>97</td><td>0.982169</td><td>0.0178306</td><td>0</td><td>0</td></tr><tr><td>98</td><td>0.0870671</td><td>0.912933</td><td>0</td><td>1</td></tr><tr><td>99</td><td>0.255993</td><td>0.744007</td><td>0</td><td>1</td></tr><tr><td>100</td><td>0.929255</td><td>0</td><td>0.0707453</td><td>-1</td></tr><tr><td>101</td><td>0.488197</td><td>0.511114</td><td>0.000688787</td><td>0</td></tr><tr><td>102</td><td>0.78607</td><td>0.21393</td><td>0</td><td>0</td></tr><tr><td>103</td><td>0.041146</td><td>0.613561</td><td>0.345293</td><td>2</td></tr><tr><td>104</td><td>0.149998</td><td>0.850002</td><td>0</td><td>1</td></tr><tr><td>105</td><td>0.734198</td><td>0.265802</td><td>0</td><td>0</td></tr><tr><td>106</td><td>0.00234176</td><td>0.997658</td><td>1.58817e-76</td><td>1</td></tr><tr><td>107</td><td>0.151863</td><td>0.775124</td><td>0.0730133</td><td>1</td></tr><tr><td>108</td><td>0.0725339</td><td>0.927333</td><td>0.000133467</td><td>0</td></tr><tr><td>109</td><td>0.0583471</td><td>0.941653</td><td>6.89629e-24</td><td>-1</td></tr><tr><td>110</td><td>0.924823</td><td>0.075177</td><td>1.51228e-69</td><td>-1</td></tr><tr><td>111</td><td>0.916271</td><td>0.0837286</td><td>0</td><td>0</td></tr><tr><td>112</td><td>0.822053</td><td>0.177947</td><td>0</td><td>0</td></tr><tr><td>113</td><td>0.735835</td><td>0.264165</td><td>0</td><td>1</td></tr><tr><td>114</td><td>0.00399315</td><td>0.99592</td><td>8.68823e-05</td><td>1</td></tr><tr><td>115</td><td>0.154191</td><td>0.845808</td><td>4.65903e-08</td><td>1</td></tr><tr><td>116</td><td>0.0930703</td><td>0.906855</td><td>7.48714e-05</td><td>1</td></tr><tr><td>117</td><td>0.545517</td><td>0.454483</td><td>0</td><td>1</td></tr><tr><td>118</td><td>0.984377</td><td>0.015623</td><td>0</td><td>-1</td></tr><tr><td>119</td><td>0.239593</td><td>0.760407</td><td>0</td><td>-1</td></tr><tr><td>120</td><td>0.122394</td><td>0.839291</td><td>0.0383145</td><td>1</td></tr><tr><td>121</td><td>0.232732</td><td>0.767268</td><td>0</td><td>1</td></tr><tr><td>122</td><td>0.926633</td><td>0.0733665</td><td>0</td><td>0</td></tr><tr><td>123</td><td>0.152434</td><td>0.847566</td><td>0</td><td>1</td></tr><tr><td>124</td><td>0.164657</td><td>0.835343</td><td>0</td><td>1</td></tr><tr><td>125</td><td>0.281864</td><td>0.718136</td><td>7.79123e-10</td><td>1</td></tr><tr><td>126</td><td>0.0784714</td><td>0.921529</td><td>0</td><td>1</td></tr><tr><td>127</td><td>0.446402</td><td>0.553598</td><td>0</td><td>1</td></tr><tr><td>128</td><td>0.186489</td><td>0.63299</td><td>0.18052</td><td>1</td></tr><tr><td>129</td><td>0.149216</td><td>0.850784</td><td>0</td><td>1</td></tr><tr><td>130</td><td>0.791508</td><td>0.208492</td><td>0</td><td>0</td></tr><tr><td>131</td><td>0.0265503</td><td>0.97345</td><td>0</td><td>-1</td></tr><tr><td>132</td><td>0.140274</td><td>0.859726</td><td>1.52699e-08</td><td>0</td></tr><tr><td>133</td><td>0.672097</td><td>0.327903</td><td>0</td><td>1</td></tr><tr><td>134</td><td>0.111424</td><td>0.821615</td><td>0.0669608</td><td>1</td></tr><tr><td>135</td><td>0.0174587</td><td>0.982541</td><td>0</td><td>1</td></tr><tr><td>136</td><td>0.190403</td><td>0.809597</td><td>0</td><td>1</td></tr><tr><td>137</td><td>0.0687027</td><td>0.587004</td><td>0.344293</td><td>2</td></tr><tr><td>138</td><td>0.330336</td><td>0.669664</td><td>0</td><td>0</td></tr><tr><td>139</td><td>0.208287</td><td>0.791713</td><td>3.80587e-19</td><td>1</td></tr><tr><td>140</td><td>0.0430385</td><td>0.956961</td><td>0</td><td>1</td></tr><tr><td>141</td><td>0.0725536</td><td>0.927446</td><td>0</td><td>1</td></tr><tr><td>142</td><td>0.961518</td><td>0.0384816</td><td>0</td><td>-1</td></tr><tr><td>143</td><td>0.982702</td><td>0</td><td>0.0172983</td><td>0</td></tr><tr><td>144</td><td>0.814265</td><td>0.185735</td><td>0</td><td>0</td></tr><tr><td>145</td><td>0.252503</td><td>0.747497</td><td>0</td><td>-1</td></tr><tr><td>146</td><td>7.57537e-09</td><td>1</td><td>0</td><td>1</td></tr><tr><td>147</td><td>0.165649</td><td>0.834351</td><td>0</td><td>1</td></tr><tr><td>148</td><td>0.397183</td><td>0.602817</td><td>0</td><td>0</td></tr><tr><td>149</td><td>0.0827339</td><td>0.917266</td><td>7.85382e-21</td><td>1</td></tr><tr><td>150</td><td>0.108137</td><td>0.891863</td><td>0</td><td>1</td></tr><tr><td>151</td><td>0.963371</td><td>0.0366295</td><td>0</td><td>0</td></tr><tr><td>152</td><td>1</td><td>0</td><td>0</td><td>0</td></tr><tr><td>153</td><td>9.3417e-05</td><td>0.999907</td><td>0</td><td>1</td></tr><tr><td>154</td><td>0.60339</td><td>0.39661</td><td>0</td><td>-1</td></tr><tr><td>155</td><td>0.0786953</td><td>0.921305</td><td>0</td><td>-1</td></tr><tr><td>156</td><td>0.862926</td><td>0.137074</td><td>0</td><td>0</td></tr><tr><td>157</td><td>0.292585</td><td>0.65142</td><td>0.0559949</td><td>1</td></tr><tr><td>158</td><td>0.0804223</td><td>0.919578</td><td>0</td><td>1</td></tr><tr><td>159</td><td>0.225678</td><td>0.75926</td><td>0.0150617</td><td>0</td></tr><tr><td>160</td><td>0.14087</td><td>0.849484</td><td>0.00964561</td><td>-1</td></tr><tr><td>161</td><td>0.60634</td><td>0.39366</td><td>0</td><td>0</td></tr><tr><td>162</td><td>0.864168</td><td>0.135832</td><td>0</td><td>0</td></tr><tr><td>163</td><td>0.260609</td><td>0.739391</td><td>0</td><td>-1</td></tr><tr><td>164</td><td>0.8504</td><td>0.1496</td><td>0</td><td>0</td></tr><tr><td>165</td><td>0.123978</td><td>0.876022</td><td>0</td><td>0</td></tr><tr><td>166</td><td>0.28899</td><td>0.71101</td><td>6.48529e-14</td><td>0</td></tr><tr><td>167</td><td>0.325108</td><td>0.674892</td><td>0</td><td>0</td></tr><tr><td>168</td><td>0.0138841</td><td>0.986116</td><td>0</td><td>1</td></tr><tr><td>169</td><td>0.521552</td><td>0.478448</td><td>0</td><td>0</td></tr><tr><td>170</td><td>0.0827732</td><td>0.847266</td><td>0.0699607</td><td>1</td></tr><tr><td>171</td><td>0.0470122</td><td>0.344052</td><td>0.608936</td><td>2</td></tr><tr><td>172</td><td>0.105006</td><td>0.894994</td><td>0</td><td>1</td></tr><tr><td>173</td><td>0.163712</td><td>0.836288</td><td>0</td><td>1</td></tr><tr><td>174</td><td>0.445317</td><td>0.55047</td><td>0.00421296</td><td>0</td></tr><tr><td>175</td><td>0.204437</td><td>0.795563</td><td>0</td><td>2</td></tr><tr><td>176</td><td>0.0448984</td><td>0.955102</td><td>0</td><td>1</td></tr><tr><td>177</td><td>0.140236</td><td>0.859764</td><td>0</td><td>1</td></tr><tr><td>178</td><td>1</td><td>0</td><td>0</td><td>0</td></tr><tr><td>179</td><td>0.356202</td><td>0.643798</td><td>0</td><td>-1</td></tr><tr><td>180</td><td>0.971898</td><td>0.0281023</td><td>0</td><td>0</td></tr><tr><td>181</td><td>0.0351205</td><td>0.964879</td><td>0</td><td>1</td></tr><tr><td>182</td><td>0.261132</td><td>0.738868</td><td>0</td><td>-1</td></tr><tr><td>183</td><td>0.112305</td><td>0.837348</td><td>0.0503473</td><td>1</td></tr><tr><td>184</td><td>0.0371019</td><td>0.918874</td><td>0.0440241</td><td>1</td></tr><tr><td>185</td><td>0.220771</td><td>0.775242</td><td>0.00398638</td><td>1</td></tr><tr><td>186</td><td>0.171002</td><td>0.764854</td><td>0.0641436</td><td>1</td></tr><tr><td>187</td><td>0.26288</td><td>0.73712</td><td>0</td><td>1</td></tr><tr><td>188</td><td>0.119842</td><td>0.880106</td><td>5.2019e-05</td><td>1</td></tr><tr><td>189</td><td>0.154617</td><td>0.845383</td><td>0</td><td>1</td></tr><tr><td>190</td><td>0.319431</td><td>0.680569</td><td>0</td><td>1</td></tr><tr><td>191</td><td>0.999309</td><td>0.000690943</td><td>0</td><td>-1</td></tr><tr><td>192</td><td>1</td><td>0</td><td>1.69297e-49</td><td>-1</td></tr><tr><td>193</td><td>0.217422</td><td>0.782578</td><td>0</td><td>1</td></tr><tr><td>194</td><td>0.00391037</td><td>0.99609</td><td>0</td><td>1</td></tr><tr><td>195</td><td>0.088023</td><td>0.911977</td><td>0</td><td>1</td></tr><tr><td>196</td><td>0.0595729</td><td>0.940427</td><td>0</td><td>1</td></tr><tr><td>197</td><td>0.283137</td><td>0.716863</td><td>0</td><td>1</td></tr><tr><td>198</td><td>0.444103</td><td>0.555897</td><td>0</td><td>-1</td></tr><tr><td>199</td><td>0.132399</td><td>0.867601</td><td>0</td><td>1</td></tr><tr><td>200</td><td>0.0988213</td><td>0.86265</td><td>0.0385283</td><td>1</td></tr><tr><td>201</td><td>0.273638</td><td>0.726362</td><td>0</td><td>1</td></tr><tr><td>202</td><td>0.00992246</td><td>0.990078</td><td>0</td><td>1</td></tr><tr><td>203</td><td>0.309375</td><td>0.690625</td><td>0</td><td>1</td></tr><tr><td>204</td><td>0.687128</td><td>0.311944</td><td>0.000928191</td><td>0</td></tr><tr><td>205</td><td>0.5752</td><td>0.4248</td><td>0</td><td>0</td></tr><tr><td>206</td><td>0.230412</td><td>0.769588</td><td>0</td><td>1</td></tr><tr><td>207</td><td>0.175592</td><td>0.802708</td><td>0.0216998</td><td>1</td></tr><tr><td>208</td><td>0.247657</td><td>0.752343</td><td>0</td><td>1</td></tr><tr><td>209</td><td>0.043397</td><td>0.435911</td><td>0.520692</td><td>2</td></tr><tr><td>210</td><td>0.0963918</td><td>0.89438</td><td>0.00922781</td><td>1</td></tr><tr><td>211</td><td>0.1801</td><td>0.8199</td><td>0</td><td>1</td></tr><tr><td>212</td><td>0.0466723</td><td>0.953328</td><td>0</td><td>1</td></tr><tr><td>213</td><td>0.56026</td><td>0.43974</td><td>4.41309e-08</td><td>0</td></tr><tr><td>214</td><td>0.25524</td><td>0.74476</td><td>0</td><td>-1</td></tr><tr><td>215</td><td>0.393493</td><td>0.606507</td><td>0</td><td>1</td></tr><tr><td>216</td><td>0.0608107</td><td>0.939189</td><td>0</td><td>1</td></tr><tr><td>217</td><td>0.112618</td><td>0.88697</td><td>0.000412553</td><td>-1</td></tr><tr><td>218</td><td>0.405262</td><td>0.594738</td><td>0</td><td>2</td></tr><tr><td>219</td><td>0.201123</td><td>0.798877</td><td>0</td><td>1</td></tr><tr><td>220</td><td>0.00142572</td><td>0.998574</td><td>1.15521e-14</td><td>1</td></tr><tr><td>221</td><td>0.0258159</td><td>0.972364</td><td>0.00181976</td><td>1</td></tr><tr><td>222</td><td>0.257357</td><td>0.742643</td><td>0</td><td>1</td></tr><tr><td>223</td><td>0.0281489</td><td>0.581981</td><td>0.38987</td><td>1</td></tr><tr><td>224</td><td>0.360728</td><td>0.639272</td><td>0</td><td>1</td></tr><tr><td>225</td><td>0.161657</td><td>0.838343</td><td>0</td><td>1</td></tr><tr><td>226</td><td>0.00118749</td><td>0.998813</td><td>0</td><td>1</td></tr><tr><td>227</td><td>0.839856</td><td>0.160144</td><td>6.3726e-18</td><td>0</td></tr><tr><td>228</td><td>0.0221375</td><td>0.977863</td><td>0</td><td>1</td></tr><tr><td>229</td><td>0.155762</td><td>0.77358</td><td>0.0706584</td><td>1</td></tr><tr><td>230</td><td>0.200661</td><td>0.799339</td><td>7.24492e-08</td><td>1</td></tr><tr><td>231</td><td>1</td><td>0</td><td>7.01474e-18</td><td>0</td></tr><tr><td>232</td><td>0.000168926</td><td>0.999831</td><td>2.40113e-27</td><td>1</td></tr><tr><td>233</td><td>0.346744</td><td>0.639938</td><td>0.0133177</td><td>0</td></tr><tr><td>234</td><td>0.302628</td><td>0.697372</td><td>0</td><td>2</td></tr><tr><td>235</td><td>0.402502</td><td>0.597498</td><td>0</td><td>1</td></tr><tr><td>236</td><td>0.174491</td><td>0.825509</td><td>0</td><td>1</td></tr><tr><td>237</td><td>0.149755</td><td>0.850245</td><td>0</td><td>1</td></tr><tr><td>238</td><td>0.214017</td><td>0.785983</td><td>2.06778e-14</td><td>-1</td></tr><tr><td>239</td><td>0.262687</td><td>0.713785</td><td>0.0235273</td><td>1</td></tr><tr><td>240</td><td>0.313894</td><td>0.686106</td><td>1.23166e-07</td><td>0</td></tr><tr><td>241</td><td>0.93019</td><td>0.0698101</td><td>0</td><td>-1</td></tr><tr><td>242</td><td>0.0337821</td><td>0.966218</td><td>0</td><td>-1</td></tr><tr><td>243</td><td>0.0723898</td><td>0.92761</td><td>0</td><td>-1</td></tr><tr><td>244</td><td>0.182294</td><td>0.817706</td><td>0</td><td>1</td></tr><tr><td>245</td><td>0.021006</td><td>0.978994</td><td>1.76209e-17</td><td>1</td></tr><tr><td>246</td><td>0.107572</td><td>0.892428</td><td>0</td><td>0</td></tr><tr><td>247</td><td>0.0327949</td><td>0.941676</td><td>0.0255294</td><td>1</td></tr><tr><td>248</td><td>0.773716</td><td>0.226284</td><td>0</td><td>0</td></tr><tr><td>249</td><td>0.073045</td><td>0.910896</td><td>0.016059</td><td>-1</td></tr><tr><td>250</td><td>0.261634</td><td>0.738366</td><td>0</td><td>1</td></tr><tr><td>251</td><td>0.119242</td><td>0.795927</td><td>0.0848317</td><td>1</td></tr><tr><td>252</td><td>0.00458434</td><td>0.995416</td><td>0</td><td>1</td></tr><tr><td>253</td><td>0.0739395</td><td>0.447223</td><td>0.478837</td><td>1</td></tr><tr><td>254</td><td>0.0669103</td><td>0.875068</td><td>0.0580216</td><td>1</td></tr><tr><td>255</td><td>0.173976</td><td>0.378161</td><td>0.447863</td><td>2</td></tr><tr><td>256</td><td>0.248552</td><td>0.751448</td><td>0</td><td>1</td></tr><tr><td>257</td><td>0.114612</td><td>0.885337</td><td>5.0136e-05</td><td>1</td></tr><tr><td>258</td><td>0.00573017</td><td>0.99427</td><td>0</td><td>1</td></tr><tr><td>259</td><td>0.212673</td><td>0.787327</td><td>0</td><td>0</td></tr><tr><td>260</td><td>0.024306</td><td>0.765361</td><td>0.210333</td><td>1</td></tr><tr><td>261</td><td>0.300121</td><td>0.699879</td><td>0</td><td>1</td></tr><tr><td>262</td><td>0.00742579</td><td>0.992574</td><td>3.61062e-12</td><td>1</td></tr><tr><td>263</td><td>1</td><td>0</td><td>1.68791e-53</td><td>-1</td></tr><tr><td>264</td><td>0.909625</td><td>0.0903752</td><td>0</td><td>0</td></tr><tr><td>265</td><td>0.231404</td><td>0.708032</td><td>0.0605643</td><td>1</td></tr><tr><td>266</td><td>0.0153333</td><td>0.984667</td><td>0</td><td>1</td></tr><tr><td>267</td><td>0.3085</td><td>0.684204</td><td>0.00729609</td><td>1</td></tr><tr><td>268</td><td>0.0775601</td><td>0.92244</td><td>0</td><td>1</td></tr><tr><td>269</td><td>0.523394</td><td>0.476606</td><td>0</td><td>0</td></tr><tr><td>270</td><td>0.428962</td><td>0.571038</td><td>0</td><td>1</td></tr><tr><td>271</td><td>0.0351372</td><td>0.416822</td><td>0.548041</td><td>-1</td></tr><tr><td>272</td><td>0.00781432</td><td>0.992186</td><td>0</td><td>-1</td></tr><tr><td>273</td><td>0.947653</td><td>0.0523471</td><td>0</td><td>0</td></tr><tr><td>274</td><td>0.506733</td><td>0.493267</td><td>0</td><td>1</td></tr><tr><td>275</td><td>0.198371</td><td>0.801629</td><td>0</td><td>1</td></tr><tr><td>276</td><td>0.965125</td><td>0.0348754</td><td>0</td><td>0</td></tr><tr><td>277</td><td>0.0655195</td><td>0.93448</td><td>0</td><td>1</td></tr><tr><td>278</td><td>0.501389</td><td>0.498611</td><td>0</td><td>-1</td></tr><tr><td>279</td><td>0.993973</td><td>0.0060269</td><td>0</td><td>-1</td></tr><tr><td>280</td><td>0.179613</td><td>0.820387</td><td>0</td><td>1</td></tr><tr><td>281</td><td>0.125841</td><td>0.874159</td><td>0</td><td>1</td></tr><tr><td>282</td><td>0.0383932</td><td>0.961607</td><td>0</td><td>-1</td></tr><tr><td>283</td><td>0.231628</td><td>0.608537</td><td>0.159835</td><td>-1</td></tr><tr><td>284</td><td>0.137837</td><td>0.564817</td><td>0.297346</td><td>1</td></tr><tr><td>285</td><td>0.158246</td><td>0.841174</td><td>0.000580334</td><td>1</td></tr><tr><td>286</td><td>0.368745</td><td>0.631255</td><td>6.45458e-11</td><td>1</td></tr><tr><td>287</td><td>0.397462</td><td>0.602538</td><td>0</td><td>1</td></tr><tr><td>288</td><td>0.0244696</td><td>0.97553</td><td>0</td><td>-1</td></tr><tr><td>289</td><td>0.107501</td><td>0.892499</td><td>0</td><td>1</td></tr><tr><td>290</td><td>0.120007</td><td>0.505643</td><td>0.37435</td><td>2</td></tr><tr><td>291</td><td>0.164787</td><td>0.835213</td><td>0</td><td>1</td></tr><tr><td>292</td><td>0.257658</td><td>0.742342</td><td>0</td><td>1</td></tr><tr><td>293</td><td>0.00409271</td><td>0.995907</td><td>3.98813e-09</td><td>1</td></tr><tr><td>294</td><td>0.281717</td><td>0.718283</td><td>0</td><td>1</td></tr><tr><td>295</td><td>0.566335</td><td>0.433665</td><td>0</td><td>1</td></tr><tr><td>296</td><td>0.129115</td><td>0.859133</td><td>0.0117523</td><td>-1</td></tr><tr><td>297</td><td>0.200451</td><td>0.799549</td><td>0</td><td>1</td></tr><tr><td>298</td><td>0.397233</td><td>0.602767</td><td>0</td><td>1</td></tr><tr><td>299</td><td>0.00132965</td><td>0.99867</td><td>0</td><td>1</td></tr><tr><td>300</td><td>0.158833</td><td>0.841167</td><td>0</td><td>1</td></tr><tr><td>301</td><td>0.344086</td><td>0.655914</td><td>0</td><td>1</td></tr><tr><td>302</td><td>0.252115</td><td>0.702778</td><td>0.045107</td><td>1</td></tr><tr><td>303</td><td>0.0673833</td><td>0.932617</td><td>0</td><td>1</td></tr><tr><td>304</td><td>0.344382</td><td>0.655618</td><td>0</td><td>0</td></tr><tr><td>305</td><td>0.207017</td><td>0.792983</td><td>0</td><td>0</td></tr><tr><td>306</td><td>0.0424434</td><td>0.957557</td><td>0</td><td>1</td></tr><tr><td>307</td><td>0.0281301</td><td>0.952037</td><td>0.0198327</td><td>1</td></tr><tr><td>308</td><td>0.250744</td><td>0.749256</td><td>0</td><td>0</td></tr><tr><td>309</td><td>0.684982</td><td>0.315018</td><td>0</td><td>0</td></tr><tr><td>310</td><td>0.147314</td><td>0.852686</td><td>0</td><td>1</td></tr><tr><td>311</td><td>0.797634</td><td>0.202366</td><td>0</td><td>0</td></tr><tr><td>312</td><td>0.145156</td><td>0.854844</td><td>0</td><td>1</td></tr><tr><td>313</td><td>0.702397</td><td>0.297603</td><td>0</td><td>0</td></tr><tr><td>314</td><td>0.239239</td><td>0.760761</td><td>0</td><td>1</td></tr><tr><td>315</td><td>0.0556208</td><td>0.944379</td><td>0</td><td>-1</td></tr><tr><td>316</td><td>0.197419</td><td>0.730675</td><td>0.0719059</td><td>1</td></tr><tr><td>317</td><td>1</td><td>0</td><td>0</td><td>0</td></tr><tr><td>318</td><td>0.0127111</td><td>0.36509</td><td>0.622199</td><td>2</td></tr><tr><td>319</td><td>0.2782</td><td>0.7218</td><td>0</td><td>-1</td></tr><tr><td>320</td><td>0.0159931</td><td>0.373813</td><td>0.610194</td><td>2</td></tr><tr><td>321</td><td>0.0287601</td><td>0.97124</td><td>6.75169e-08</td><td>1</td></tr><tr><td>322</td><td>0.245849</td><td>0.754151</td><td>0</td><td>1</td></tr><tr><td>323</td><td>1</td><td>0</td><td>0</td><td>-1</td></tr><tr><td>324</td><td>0.00871021</td><td>0.99129</td><td>0</td><td>1</td></tr><tr><td>325</td><td>0.00926401</td><td>0.990736</td><td>0</td><td>1</td></tr><tr><td>326</td><td>0.0303175</td><td>0.969682</td><td>0</td><td>1</td></tr><tr><td>327</td><td>0.0363648</td><td>0.963635</td><td>0</td><td>-1</td></tr><tr><td>328</td><td>0.46532</td><td>0.53468</td><td>0</td><td>1</td></tr><tr><td>329</td><td>0.963371</td><td>0.0366295</td><td>0</td><td>0</td></tr><tr><td>330</td><td>0.376002</td><td>0.623998</td><td>0</td><td>1</td></tr><tr><td>331</td><td>0.0127494</td><td>0.907861</td><td>0.0793894</td><td>1</td></tr><tr><td>332</td><td>0.458255</td><td>0.541745</td><td>0</td><td>1</td></tr><tr><td>333</td><td>0.833649</td><td>0.166351</td><td>0</td><td>0</td></tr><tr><td>334</td><td>0.0575623</td><td>0.942438</td><td>0</td><td>1</td></tr><tr><td>335</td><td>0.109657</td><td>0.890343</td><td>0</td><td>1</td></tr><tr><td>336</td><td>0.0848605</td><td>0.915139</td><td>0</td><td>1</td></tr><tr><td>337</td><td>0.101449</td><td>0.764137</td><td>0.134415</td><td>1</td></tr><tr><td>338</td><td>0.330336</td><td>0.669664</td><td>0</td><td>1</td></tr><tr><td>339</td><td>0.259442</td><td>0.740558</td><td>0</td><td>1</td></tr><tr><td>340</td><td>0.556698</td><td>0.443302</td><td>0</td><td>0</td></tr><tr><td>341</td><td>0.173065</td><td>0.826935</td><td>0</td><td>1</td></tr><tr><td>342</td><td>0.886031</td><td>0.113969</td><td>1.16008e-18</td><td>-1</td></tr><tr><td>343</td><td>0.372627</td><td>0.627373</td><td>0</td><td>1</td></tr><tr><td>344</td><td>0.375948</td><td>0.624052</td><td>0</td><td>1</td></tr><tr><td>345</td><td>0.635541</td><td>0.364459</td><td>0</td><td>-1</td></tr><tr><td>346</td><td>0.0724203</td><td>0.884471</td><td>0.0431085</td><td>0</td></tr><tr><td>347</td><td>0.294286</td><td>0.687773</td><td>0.0179408</td><td>1</td></tr><tr><td>348</td><td>0.220193</td><td>0.775776</td><td>0.00403068</td><td>1</td></tr><tr><td>349</td><td>0.199409</td><td>0.741852</td><td>0.0587391</td><td>1</td></tr><tr><td>350</td><td>0.189511</td><td>0.810489</td><td>0</td><td>1</td></tr><tr><td>351</td><td>0.979886</td><td>0.0201136</td><td>0</td><td>0</td></tr><tr><td>352</td><td>0.0445783</td><td>0.853964</td><td>0.101457</td><td>1</td></tr><tr><td>353</td><td>0.000251146</td><td>0.999749</td><td>1.83556e-08</td><td>-1</td></tr><tr><td>354</td><td>0.0648856</td><td>0.857651</td><td>0.077463</td><td>1</td></tr><tr><td>355</td><td>0.205586</td><td>0.75844</td><td>0.0359741</td><td>0</td></tr><tr><td>356</td><td>0.0891998</td><td>0.910741</td><td>5.93889e-05</td><td>1</td></tr><tr><td>357</td><td>0.10844</td><td>0.89156</td><td>0</td><td>1</td></tr><tr><td>358</td><td>0.443211</td><td>0.556789</td><td>0</td><td>1</td></tr><tr><td>359</td><td>0.397157</td><td>0.602843</td><td>0</td><td>-1</td></tr><tr><td>360</td><td>0.307253</td><td>0.692747</td><td>0</td><td>1</td></tr><tr><td>361</td><td>0.206728</td><td>0.793272</td><td>0</td><td>-1</td></tr><tr><td>362</td><td>0.0414243</td><td>0.958576</td><td>0</td><td>1</td></tr><tr><td>363</td><td>0.160511</td><td>0.839489</td><td>9.86517e-56</td><td>1</td></tr><tr><td>364</td><td>0.127691</td><td>0.872309</td><td>0</td><td>1</td></tr><tr><td>365</td><td>0.359379</td><td>0.640621</td><td>1.13236e-22</td><td>0</td></tr><tr><td>366</td><td>0.0553921</td><td>0.944608</td><td>0</td><td>1</td></tr><tr><td>367</td><td>0.251956</td><td>0.747315</td><td>0.000728453</td><td>-1</td></tr><tr><td>368</td><td>0.0307611</td><td>0.969239</td><td>0</td><td>1</td></tr><tr><td>369</td><td>0.0760901</td><td>0.92391</td><td>0</td><td>1</td></tr><tr><td>370</td><td>0.144138</td><td>0.850678</td><td>0.00518462</td><td>1</td></tr><tr><td>371</td><td>0.114232</td><td>0.862994</td><td>0.0227739</td><td>1</td></tr><tr><td>372</td><td>0.144981</td><td>0.855019</td><td>0</td><td>1</td></tr><tr><td>373</td><td>0.549801</td><td>0.450199</td><td>0</td><td>-1</td></tr><tr><td>374</td><td>0.0859748</td><td>0.914025</td><td>0</td><td>-1</td></tr><tr><td>375</td><td>0.00295994</td><td>0.99704</td><td>0</td><td>1</td></tr><tr><td>376</td><td>0.0372916</td><td>0.914428</td><td>0.0482802</td><td>-1</td></tr><tr><td>377</td><td>0.322843</td><td>0.677157</td><td>0</td><td>0</td></tr><tr><td>378</td><td>0.158374</td><td>0.841626</td><td>0</td><td>1</td></tr><tr><td>379</td><td>0.258813</td><td>0.741187</td><td>0</td><td>1</td></tr><tr><td>380</td><td>0.0554072</td><td>0.944593</td><td>0</td><td>1</td></tr><tr><td>381</td><td>0.217903</td><td>0.782097</td><td>0</td><td>1</td></tr><tr><td>382</td><td>0.073045</td><td>0.910896</td><td>0.016059</td><td>1</td></tr><tr><td>383</td><td>0.38674</td><td>0.61326</td><td>0</td><td>1</td></tr><tr><td>384</td><td>0.33176</td><td>0.66824</td><td>0</td><td>1</td></tr><tr><td>385</td><td>0.957336</td><td>0.0426635</td><td>0</td><td>0</td></tr><tr><td>386</td><td>0.27703</td><td>0.72297</td><td>0</td><td>1</td></tr><tr><td>387</td><td>0.0324524</td><td>0.967548</td><td>0</td><td>1</td></tr><tr><td>388</td><td>0.0546773</td><td>0.945323</td><td>0</td><td>-1</td></tr><tr><td>389</td><td>0.00149888</td><td>0.998501</td><td>0</td><td>1</td></tr><tr><td>390</td><td>0.0086095</td><td>0.991391</td><td>0</td><td>1</td></tr><tr><td>391</td><td>0.146665</td><td>0.853335</td><td>0</td><td>-1</td></tr><tr><td>392</td><td>0.109036</td><td>0.890964</td><td>1.90017e-08</td><td>1</td></tr><tr><td>393</td><td>0.327542</td><td>0.672458</td><td>0</td><td>1</td></tr><tr><td>394</td><td>0.0895887</td><td>0.242405</td><td>0.668006</td><td>2</td></tr><tr><td>395</td><td>0.493541</td><td>0.506459</td><td>0</td><td>1</td></tr><tr><td>396</td><td>0.223312</td><td>0.776688</td><td>0</td><td>1</td></tr><tr><td>397</td><td>0.254947</td><td>0.745053</td><td>0</td><td>1</td></tr><tr><td>398</td><td>0.104266</td><td>0.895734</td><td>0</td><td>1</td></tr><tr><td>399</td><td>0.102438</td><td>0.897562</td><td>0</td><td>1</td></tr><tr><td>400</td><td>0.168416</td><td>0.711525</td><td>0.120059</td><td>1</td></tr><tr><td>401</td><td>0.0935166</td><td>0.734366</td><td>0.172117</td><td>0</td></tr><tr><td>402</td><td>0.158869</td><td>0.816907</td><td>0.0242241</td><td>2</td></tr><tr><td>403</td><td>0.298124</td><td>0.701876</td><td>0</td><td>1</td></tr><tr><td>404</td><td>0.306828</td><td>0.693172</td><td>0</td><td>-1</td></tr><tr><td>405</td><td>0.17125</td><td>0.82875</td><td>0</td><td>1</td></tr><tr><td>406</td><td>0.00988027</td><td>0.99012</td><td>0</td><td>1</td></tr><tr><td>407</td><td>0.0797338</td><td>0.920266</td><td>0</td><td>1</td></tr><tr><td>408</td><td>0.0388425</td><td>0.961157</td><td>0</td><td>1</td></tr><tr><td>409</td><td>0.129992</td><td>0.870005</td><td>2.59907e-06</td><td>1</td></tr><tr><td>410</td><td>0.0216612</td><td>0.978339</td><td>0</td><td>1</td></tr><tr><td>411</td><td>0.251402</td><td>0.748598</td><td>0</td><td>1</td></tr><tr><td>412</td><td>0.477813</td><td>0.522187</td><td>0</td><td>1</td></tr><tr><td>413</td><td>0.206639</td><td>0.766618</td><td>0.0267426</td><td>1</td></tr><tr><td>414</td><td>0.377993</td><td>0.622007</td><td>0</td><td>1</td></tr><tr><td>415</td><td>0.0078099</td><td>0.99219</td><td>0</td><td>1</td></tr><tr><td>416</td><td>0.0972019</td><td>0.902798</td><td>0</td><td>1</td></tr><tr><td>417</td><td>0.866142</td><td>0.133858</td><td>0</td><td>-1</td></tr><tr><td>418</td><td>0.291149</td><td>0.708851</td><td>0</td><td>0</td></tr><tr><td>419</td><td>0.0930103</td><td>0.90699</td><td>0</td><td>-1</td></tr><tr><td>420</td><td>0.0330281</td><td>0.374451</td><td>0.592521</td><td>2</td></tr><tr><td>421</td><td>1</td><td>0</td><td>0</td><td>0</td></tr><tr><td>422</td><td>0.304343</td><td>0.695657</td><td>0</td><td>-1</td></tr><tr><td>423</td><td>0.969423</td><td>0</td><td>0.0305766</td><td>-1</td></tr><tr><td>424</td><td>0.0197332</td><td>0.980267</td><td>0</td><td>1</td></tr><tr><td>425</td><td>0.0226288</td><td>0.655188</td><td>0.322183</td><td>1</td></tr><tr><td>426</td><td>1</td><td>0</td><td>0</td><td>0</td></tr><tr><td>427</td><td>0.0495371</td><td>0.950463</td><td>0</td><td>-1</td></tr><tr><td>428</td><td>0.714691</td><td>0.285309</td><td>0</td><td>1</td></tr><tr><td>429</td><td>0.902638</td><td>0.0973615</td><td>0</td><td>0</td></tr><tr><td>430</td><td>0.362469</td><td>0.637531</td><td>1.21362e-07</td><td>-1</td></tr><tr><td>431</td><td>0.330027</td><td>0.669973</td><td>0</td><td>0</td></tr><tr><td>432</td><td>0.191876</td><td>0.808124</td><td>0</td><td>1</td></tr><tr><td>433</td><td>0.115559</td><td>0.884441</td><td>0</td><td>1</td></tr><tr><td>434</td><td>0.0455908</td><td>0.954409</td><td>0</td><td>1</td></tr><tr><td>435</td><td>0.0668902</td><td>0.93311</td><td>0</td><td>1</td></tr><tr><td>436</td><td>0.326128</td><td>0.673872</td><td>0</td><td>0</td></tr><tr><td>437</td><td>0.0854284</td><td>0.901454</td><td>0.0131178</td><td>1</td></tr><tr><td>438</td><td>0.065283</td><td>0.418245</td><td>0.516472</td><td>1</td></tr><tr><td>439</td><td>0.0225623</td><td>0.977437</td><td>4.76186e-07</td><td>1</td></tr><tr><td>440</td><td>0.036976</td><td>0.963024</td><td>0</td><td>1</td></tr><tr><td>441</td><td>0.379128</td><td>0.620872</td><td>0</td><td>1</td></tr><tr><td>442</td><td>0.0763713</td><td>0.625396</td><td>0.298233</td><td>1</td></tr><tr><td>443</td><td>0.00483724</td><td>0.995163</td><td>0</td><td>1</td></tr><tr><td>444</td><td>0.0176473</td><td>0.948945</td><td>0.0334081</td><td>1</td></tr><tr><td>445</td><td>0.909768</td><td>0.0902315</td><td>0</td><td>0</td></tr><tr><td>446</td><td>0.274286</td><td>0.725714</td><td>1.30463e-14</td><td>0</td></tr><tr><td>447</td><td>0.0892937</td><td>0.742489</td><td>0.168217</td><td>2</td></tr><tr><td>448</td><td>0.0191421</td><td>0.980858</td><td>0</td><td>1</td></tr><tr><td>449</td><td>1</td><td>0</td><td>0</td><td>0</td></tr><tr><td>450</td><td>0.236737</td><td>0.763263</td><td>0</td><td>1</td></tr><tr><td>451</td><td>0.286832</td><td>0.713168</td><td>0</td><td>-1</td></tr><tr><td>452</td><td>0.0942994</td><td>0.905701</td><td>0</td><td>-1</td></tr><tr><td>453</td><td>0.996761</td><td>0.00323877</td><td>4.98861e-83</td><td>0</td></tr><tr><td>454</td><td>0.334417</td><td>0.643223</td><td>0.0223604</td><td>0</td></tr><tr><td>455</td><td>0.286474</td><td>0.634861</td><td>0.0786647</td><td>1</td></tr><tr><td>456</td><td>0.133102</td><td>0.866898</td><td>5.6743e-21</td><td>1</td></tr><tr><td>457</td><td>0.0256689</td><td>0.364497</td><td>0.609834</td><td>2</td></tr><tr><td>458</td><td>0.759003</td><td>0.240997</td><td>0</td><td>-1</td></tr><tr><td>459</td><td>0.0559449</td><td>0.905172</td><td>0.0388826</td><td>1</td></tr><tr><td>460</td><td>0.0398204</td><td>0.96018</td><td>1.44853e-85</td><td>0</td></tr><tr><td>461</td><td>0.372287</td><td>0.627713</td><td>0</td><td>0</td></tr><tr><td>462</td><td>0.359201</td><td>0.640798</td><td>7.29017e-07</td><td>1</td></tr><tr><td>463</td><td>0.466596</td><td>0.519719</td><td>0.0136848</td><td>1</td></tr><tr><td>464</td><td>0.0415066</td><td>0.958493</td><td>0</td><td>-1</td></tr><tr><td>465</td><td>0.242879</td><td>0.594069</td><td>0.163052</td><td>2</td></tr><tr><td>466</td><td>0.505693</td><td>0.494307</td><td>0</td><td>1</td></tr><tr><td>467</td><td>0.435318</td><td>0.55111</td><td>0.0135725</td><td>0</td></tr><tr><td>468</td><td>0.119842</td><td>0.827379</td><td>0.0527792</td><td>1</td></tr><tr><td>469</td><td>0.999432</td><td>0.000568486</td><td>0</td><td>0</td></tr><tr><td>470</td><td>0.276941</td><td>0.723059</td><td>0</td><td>1</td></tr><tr><td>471</td><td>0.029847</td><td>0.970153</td><td>0</td><td>1</td></tr><tr><td>472</td><td>0.680631</td><td>0.319369</td><td>0</td><td>0</td></tr><tr><td>473</td><td>0.0447629</td><td>0.955236</td><td>1.36229e-06</td><td>1</td></tr><tr><td>474</td><td>0.438634</td><td>0.561366</td><td>0</td><td>0</td></tr><tr><td>475</td><td>0.383701</td><td>0.616299</td><td>0</td><td>1</td></tr><tr><td>476</td><td>0.422905</td><td>0.577095</td><td>0</td><td>1</td></tr><tr><td>477</td><td>0.138338</td><td>0.861662</td><td>0</td><td>0</td></tr><tr><td>478</td><td>0.0355458</td><td>0.478573</td><td>0.485881</td><td>-1</td></tr><tr><td>479</td><td>0.0708212</td><td>0.929179</td><td>0</td><td>-1</td></tr><tr