<!DOCTYPE HTML PUBLIC "-//W3C//DTD HTML 4.01 Transitional//EN">

<html>
<head>
<script src="http://transp-or.epfl.ch/biogeme/sorttable.js"></script>
<meta http-equiv='Content-Type' content='text/html; charset=utf-8' />
<title>Model5_simulation_PT_sales.html - Report from biogeme 2.6a [Mon Apr 24 10:21:29 BST 2017]</title>
<meta name="keywords" content="biogeme, discrete choice, random utility">
<meta name="description" content="Report from biogeme 2.6a [Mon Apr 24 10:21:29 BST 2017]">
<meta name="author" content="Michel Bierlaire">
<style type=text/css>
<!--table
.biostyle
	{font-size:10.0pt;
	font-weight:400;
	font-style:normal;
	font-family:Courier;}
.boundstyle
	{font-size:10.0pt;
	font-weight:400;
	font-style:normal;
	font-family:Courier;
        color:red}
-->
</style>
</head>

<body bgcolor="#ffffff">
<p>biogeme 2.6a [Mon Apr 24 10:21:29 BST 2017]</p>
<p>Home page: <a href='http://biogeme.epfl.ch' target='_blank'>http://biogeme.epfl.ch</a></p>
<p>Submit questions to <a href='https://groups.google.com/d/forum/biogeme' target='_blank'>https://groups.google.com/d/forum/biogeme</a></p>
<p><a href='http://people.epfl.ch/michel.bierlaire'>Michel Bierlaire</a>, <a href='http://transp-or.epfl.ch'>Transport and Mobility Laboratory</a>, <a href='http://www.epfl.ch'>Ecole Polytechnique F&eacute;d&eacute;rale de Lausanne (EPFL)</a></p>
<p>This file has automatically been generated on
Sat Nov 11 16:36:01 2017</p>
<p>If you drag this HTML file into the Calc application of <a href='http://www.openoffice.org/' target='_blank'>OpenOffice</a>, or the spreadsheet of <a href='https://www.libreoffice.org/' target='_blank'>LibreOffice</a>, you will be able to perform additional calculations.</p><table><tr class=biostyle><td align=right><strong>Report file</strong>:	</td><td>Model5_simulation_PT_sales.html</td></tr><tr class=biostyle><td align=right><strong>Sample file</strong>:	</td><td>__bin_data.dat</td></tr></table><h1>Simulation report</h1>

<p>Number of draws for Monte-Carlo: 1000</p>
<p>Type of draws: MLHS</p>
<h2>Aggregate values</h2><table border='1'>
<tr><th></th><th>01 Prob. PT</th><th>02 Prob. PM</th><th>03 Prob. SM</th><th>Choice</th></tr><tr><th>Total</th><td>642.893</td><td>1302.46</td><td>92.6425</td><td>1017</td></tr><tr><th>Average</th><td>0.315453</td><td>0.63909</td><td>0.0454576</td><td>0.499019</td></tr><tr><th>Non zeros</th><td>2038</td><td>1952</td><td>707</td><td>1569</td></tr><tr><th>Non zeros average</th><td>0.315453</td><td>0.667246</td><td>0.131036</td><td>0.648184</td></tr><tr><th>Minimum</th><td>9.1315e-09</td><td>0</td><td>0</td><td>-1</td></tr><tr><th>Maximum</th><td>1</td><td>1</td><td>0.896</td><td>2</td></tr></table><h2>Detailed records</h2><table border='1'>
<tr><th>Row</th><th>01 Prob. PT</th><th>02 Prob. PM</th><th>03 Prob. SM</th><th>Choice</th></tr><tr><td>1</td><td>1</td><td>0</td><td>0</td><td>0</td></tr><tr><td>2</td><td>0.177238</td><td>0.796755</td><td>0.0260071</td><td>1</td></tr><tr><td>3</td><td>0.25551</td><td>0.74449</td><td>0</td><td>1</td></tr><tr><td>4</td><td>0.0920122</td><td>0.907988</td><td>0</td><td>1</td></tr><tr><td>5</td><td>0.178124</td><td>0.821876</td><td>2.8066e-07</td><td>1</td></tr><tr><td>6</td><td>0.0208441</td><td>0.976783</td><td>0.0023726</td><td>1</td></tr><tr><td>7</td><td>0.169366</td><td>0.830634</td><td>0</td><td>1</td></tr><tr><td>8</td><td>0.923227</td><td>0.0767729</td><td>0</td><td>0</td></tr><tr><td>9</td><td>0.0877895</td><td>0.856595</td><td>0.0556154</td><td>1</td></tr><tr><td>10</td><td>0.0268951</td><td>0.973105</td><td>0</td><td>1</td></tr><tr><td>11</td><td>0.125356</td><td>0.869761</td><td>0.00488366</td><td>-1</td></tr><tr><td>12</td><td>0.0996371</td><td>0.900363</td><td>0</td><td>1</td></tr><tr><td>13</td><td>0.173593</td><td>0.797633</td><td>0.0287741</td><td>1</td></tr><tr><td>14</td><td>0.0829794</td><td>0.861764</td><td>0.0552562</td><td>1</td></tr><tr><td>15</td><td>0.604398</td><td>0.395602</td><td>0</td><td>1</td></tr><tr><td>16</td><td>0.0473355</td><td>0.671314</td><td>0.28135</td><td>2</td></tr><tr><td>17</td><td>0.116725</td><td>0.883275</td><td>0</td><td>0</td></tr><tr><td>18</td><td>0.177679</td><td>0.822321</td><td>0</td><td>1</td></tr><tr><td>19</td><td>0.490821</td><td>0.486487</td><td>0.0226919</td><td>-1</td></tr><tr><td>20</td><td>0.0404105</td><td>0.95959</td><td>0</td><td>1</td></tr><tr><td>21</td><td>0.960962</td><td>0.0390376</td><td>2.01734e-49</td><td>0</td></tr><tr><td>22</td><td>0.89545</td><td>0.10455</td><td>3.56154e-14</td><td>0</td></tr><tr><td>23</td><td>0.118261</td><td>0.881739</td><td>0</td><td>-1</td></tr><tr><td>24</td><td>0.339226</td><td>0.660774</td><td>0</td><td>1</td></tr><tr><td>25</td><td>0.8421</td><td>0.1579</td><td>0</td><td>0</td></tr><tr><td>26</td><td>0.0393175</td><td>0.960682</td><td>0</td><td>-1</td></tr><tr><td>27</td><td>0.844134</td><td>0.155866</td><td>0</td><td>0</td></tr><tr><td>28</td><td>0.0433638</td><td>0.67587</td><td>0.280766</td><td>2</td></tr><tr><td>29</td><td>0.16167</td><td>0.83833</td><td>7.56382e-14</td><td>-1</td></tr><tr><td>30</td><td>0.796984</td><td>0.203016</td><td>0</td><td>1</td></tr><tr><td>31</td><td>0.0788297</td><td>0.586631</td><td>0.334539</td><td>1</td></tr><tr><td>32</td><td>0.065336</td><td>0.934664</td><td>0</td><td>1</td></tr><tr><td>33</td><td>0.179396</td><td>0.820604</td><td>0</td><td>0</td></tr><tr><td>34</td><td>0.853199</td><td>0.146801</td><td>0</td><td>1</td></tr><tr><td>35</td><td>0.309096</td><td>0.690904</td><td>0</td><td>-1</td></tr><tr><td>36</td><td>0.473582</td><td>0.526418</td><td>0</td><td>0</td></tr><tr><td>37</td><td>0.626731</td><td>0.373269</td><td>0</td><td>0</td></tr><tr><td>38</td><td>0.28748</td><td>0.681651</td><td>0.0308696</td><td>0</td></tr><tr><td>39</td><td>0.43876</td><td>0.56124</td><td>0</td><td>1</td></tr><tr><td>40</td><td>0.094859</td><td>0.905141</td><td>0</td><td>-1</td></tr><tr><td>41</td><td>0.419572</td><td>0.580428</td><td>0</td><td>1</td></tr><tr><td>42</td><td>0.200218</td><td>0.799782</td><td>0</td><td>1</td></tr><tr><td>43</td><td>0.0542676</td><td>0.945732</td><td>0</td><td>-1</td></tr><tr><td>44</td><td>0.00349661</td><td>0.996503</td><td>0</td><td>-1</td></tr><tr><td>45</td><td>0.127929</td><td>0.872071</td><td>0</td><td>0</td></tr><tr><td>46</td><td>0.00341269</td><td>0.996587</td><td>0</td><td>1</td></tr><tr><td>47</td><td>1</td><td>0</td><td>0</td><td>0</td></tr><tr><td>48</td><td>0.0269947</td><td>0.973005</td><td>0</td><td>1</td></tr><tr><td>49</td><td>0.288223</td><td>0.711777</td><td>0</td><td>1</td></tr><tr><td>50</td><td>0.031706</td><td>0.968294</td><td>0</td><td>1</td></tr><tr><td>51</td><td>0.10436</td><td>0.89564</td><td>0</td><td>1</td></tr><tr><td>52</td><td>0.975928</td><td>0.0240717</td><td>0</td><td>0</td></tr><tr><td>53</td><td>0.0341115</td><td>0.965888</td><td>0</td><td>1</td></tr><tr><td>54</td><td>1</td><td>0</td><td>0</td><td>0</td></tr><tr><td>55</td><td>0.963234</td><td>0.0367663</td><td>0</td><td>-1</td></tr><tr><td>56</td><td>0.158735</td><td>0.841265</td><td>0</td><td>1</td></tr><tr><td>57</td><td>0.053492</td><td>0.946508</td><td>0</td><td>2</td></tr><tr><td>58</td><td>0.761341</td><td>0.238659</td><td>0</td><td>-1</td></tr><tr><td>59</td><td>0.180456</td><td>0.616945</td><td>0.202599</td><td>1</td></tr><tr><td>60</td><td>0.456165</td><td>0.542932</td><td>0.000903122</td><td>1</td></tr><tr><td>61</td><td>0.0634983</td><td>0.905805</td><td>0.0306972</td><td>-1</td></tr><tr><td>62</td><td>0.0159943</td><td>0.37325</td><td>0.610755</td><td>2</td></tr><tr><td>63</td><td>0.0106398</td><td>0.52138</td><td>0.46798</td><td>1</td></tr><tr><td>64</td><td>0.108571</td><td>0.891429</td><td>0</td><td>1</td></tr><tr><td>65</td><td>0.192114</td><td>0.807886</td><td>0</td><td>1</td></tr><tr><td>66</td><td>0.040762</td><td>0.726543</td><td>0.232695</td><td>2</td></tr><tr><td>67</td><td>0.00842251</td><td>0.67349</td><td>0.318087</td><td>1</td></tr><tr><td>68</td><td>0.166655</td><td>0.75981</td><td>0.0735351</td><td>2</td></tr><tr><td>69</td><td>0.468314</td><td>0.531686</td><td>0</td><td>1</td></tr><tr><td>70</td><td>0.330166</td><td>0.669834</td><td>0</td><td>1</td></tr><tr><td>71</td><td>0.0909146</td><td>0.909085</td><td>0</td><td>2</td></tr><tr><td>72</td><td>0.366697</td><td>0.633303</td><td>0</td><td>-1</td></tr><tr><td>73</td><td>0.129749</td><td>0.870251</td><td>0</td><td>1</td></tr><tr><td>74</td><td>0.157373</td><td>0.49317</td><td>0.349457</td><td>2</td></tr><tr><td>75</td><td>0.203223</td><td>0.587562</td><td>0.209215</td><td>1</td></tr><tr><td>76</td><td>0.173672</td><td>0.826328</td><td>0</td><td>0</td></tr><tr><td>77</td><td>0.00903921</td><td>0.384772</td><td>0.606189</td><td>1</td></tr><tr><td>78</td><td>0.0563357</td><td>0.943664</td><td>0</td><td>1</td></tr><tr><td>79</td><td>0.0913664</td><td>0.851216</td><td>0.0574171</td><td>1</td></tr><tr><td>80</td><td>0.0872644</td><td>0.882852</td><td>0.0298833</td><td>1</td></tr><tr><td>81</td><td>0.0812727</td><td>0.918727</td><td>0</td><td>1</td></tr><tr><td>82</td><td>0.367022</td><td>0.632978</td><td>0</td><td>0</td></tr><tr><td>83</td><td>0.231338</td><td>0.768662</td><td>0</td><td>-1</td></tr><tr><td>84</td><td>0.196833</td><td>0.782025</td><td>0.0211427</td><td>1</td></tr><tr><td>85</td><td>0.0282886</td><td>0.971711</td><td>0</td><td>1</td></tr><tr><td>86</td><td>0.22853</td><td>0.675106</td><td>0.0963638</td><td>-1</td></tr><tr><td>87</td><td>0.44579</td><td>0.55421</td><td>0</td><td>1</td></tr><tr><td>88</td><td>0.829151</td><td>0.170849</td><td>1.22652e-11</td><td>0</td></tr><tr><td>89</td><td>0.837083</td><td>0.162917</td><td>0</td><td>0</td></tr><tr><td>90</td><td>0.185823</td><td>0.814177</td><td>0</td><td>1</td></tr><tr><td>91</td><td>0.83781</td><td>0.16219</td><td>0</td><td>0</td></tr><tr><td>92</td><td>0.125829</td><td>0.874171</td><td>4.2482e-33</td><td>0</td></tr><tr><td>93</td><td>0.0331666</td><td>0.966833</td><td>0</td><td>1</td></tr><tr><td>94</td><td>0.391199</td><td>0.608801</td><td>0</td><td>-1</td></tr><tr><td>95</td><td>0.250886</td><td>0.693022</td><td>0.0560922</td><td>1</td></tr><tr><td>96</td><td>0.0265241</td><td>0.973476</td><td>0</td><td>1</td></tr><tr><td>97</td><td>0.982169</td><td>0.0178306</td><td>0</td><td>0</td></tr><tr><td>98</td><td>0.107135</td><td>0.892865</td><td>0</td><td>1</td></tr><tr><td>99</td><td>0.27033</td><td>0.72967</td><td>0</td><td>1</td></tr><tr><td>100</td><td>0.932018</td><td>0</td><td>0.0679818</td><td>-1</td></tr><tr><td>101</td><td>0.488197</td><td>0.511114</td><td>0.000688787</td><td>0</td></tr><tr><td>102</td><td>0.804439</td><td>0.195561</td><td>0</td><td>0</td></tr><tr><td>103</td><td>0.0463507</td><td>0.610231</td><td>0.343418</td><td>2</td></tr><tr><td>104</td><td>0.207583</td><td>0.792417</td><td>0</td><td>1</td></tr><tr><td>105</td><td>0.734198</td><td>0.265802</td><td>0</td><td>0</td></tr><tr><td>106</td><td>0.0177238</td><td>0.982276</td><td>1.56368e-76</td><td>1</td></tr><tr><td>107</td><td>0.159536</td><td>0.768111</td><td>0.0723527</td><td>1</td></tr><tr><td>108</td><td>0.0837302</td><td>0.916138</td><td>0.000131855</td><td>0</td></tr><tr><td>109</td><td>0.0794103</td><td>0.92059</td><td>6.74203e-24</td><td>-1</td></tr><tr><td>110</td><td>0.924823</td><td>0.075177</td><td>1.51228e-69</td><td>-1</td></tr><tr><td>111</td><td>0.916271</td><td>0.0837286</td><td>0</td><td>0</td></tr><tr><td>112</td><td>0.822053</td><td>0.177947</td><td>0</td><td>0</td></tr><tr><td>113</td><td>0.833981</td><td>0.166019</td><td>0</td><td>1</td></tr><tr><td>114</td><td>0.00445089</td><td>0.995462</td><td>8.68424e-05</td><td>1</td></tr><tr><td>115</td><td>0.191945</td><td>0.808055</td><td>4.45107e-08</td><td>1</td></tr><tr><td>116</td><td>0.100554</td><td>0.899371</td><td>7.42536e-05</td><td>1</td></tr><tr><td>117</td><td>0.564739</td><td>0.435261</td><td>0</td><td>1</td></tr><tr><td>118</td><td>0.996276</td><td>0.00372397</td><td>0</td><td>-1</td></tr><tr><td>119</td><td>0.288657</td><td>0.711343</td><td>0</td><td>-1</td></tr><tr><td>120</td><td>0.127068</td><td>0.834822</td><td>0.0381104</td><td>1</td></tr><tr><td>121</td><td>0.34168</td><td>0.65832</td><td>0</td><td>1</td></tr><tr><td>122</td><td>0.926633</td><td>0.0733665</td><td>0</td><td>0</td></tr><tr><td>123</td><td>0.162236</td><td>0.837764</td><td>0</td><td>1</td></tr><tr><td>124</td><td>0.241005</td><td>0.758995</td><td>0</td><td>1</td></tr><tr><td>125</td><td>0.370414</td><td>0.629586</td><td>6.83053e-10</td><td>1</td></tr><tr><td>126</td><td>0.111257</td><td>0.888743</td><td>0</td><td>1</td></tr><tr><td>127</td><td>0.471041</td><td>0.528959</td><td>0</td><td>1</td></tr><tr><td>128</td><td>0.193072</td><td>0.627868</td><td>0.17906</td><td>1</td></tr><tr><td>129</td><td>0.174238</td><td>0.825762</td><td>0</td><td>1</td></tr><tr><td>130</td><td>0.791508</td><td>0.208492</td><td>0</td><td>0</td></tr><tr><td>131</td><td>0.0442578</td><td>0.955742</td><td>0</td><td>-1</td></tr><tr><td>132</td><td>0.140274</td><td>0.859726</td><td>1.52699e-08</td><td>0</td></tr><tr><td>133</td><td>0.681462</td><td>0.318538</td><td>0</td><td>1</td></tr><tr><td>134</td><td>0.115734</td><td>0.81763</td><td>0.066636</td><td>1</td></tr><tr><td>135</td><td>0.025554</td><td>0.974446</td><td>0</td><td>1</td></tr><tr><td>136</td><td>0.202379</td><td>0.797621</td><td>0</td><td>1</td></tr><tr><td>137</td><td>0.0714932</td><td>0.585245</td><td>0.343262</td><td>2</td></tr><tr><td>138</td><td>0.353093</td><td>0.646907</td><td>0</td><td>0</td></tr><tr><td>139</td><td>0.327326</td><td>0.672674</td><td>3.23364e-19</td><td>1</td></tr><tr><td>140</td><td>0.0567997</td><td>0.9432</td><td>0</td><td>1</td></tr><tr><td>141</td><td>0.0831572</td><td>0.916843</td><td>0</td><td>1</td></tr><tr><td>142</td><td>0.961518</td><td>0.0384816</td><td>0</td><td>-1</td></tr><tr><td>143</td><td>0.983698</td><td>0</td><td>0.016302</td><td>0</td></tr><tr><td>144</td><td>0.814265</td><td>0.185735</td><td>0</td><td>0</td></tr><tr><td>145</td><td>0.376282</td><td>0.623718</td><td>0</td><td>-1</td></tr><tr><td>146</td><td>9.1315e-09</td><td>1</td><td>0</td><td>1</td></tr><tr><td>147</td><td>0.175278</td><td>0.824722</td><td>0</td><td>1</td></tr><tr><td>148</td><td>0.423546</td><td>0.576454</td><td>0</td><td>0</td></tr><tr><td>149</td><td>0.124089</td><td>0.875911</td><td>7.49973e-21</td><td>1</td></tr><tr><td>150</td><td>0.12283</td><td>0.87717</td><td>0</td><td>1</td></tr><tr><td>151</td><td>0.963371</td><td>0.0366295</td><td>0</td><td>0</td></tr><tr><td>152</td><td>1</td><td>0</td><td>0</td><td>0</td></tr><tr><td>153</td><td>0.000437884</td><td>0.999562</td><td>0</td><td>1</td></tr><tr><td>154</td><td>0.60339</td><td>0.39661</td><td>0</td><td>-1</td></tr><tr><td>155</td><td>0.098412</td><td>0.901588</td><td>0</td><td>-1</td></tr><tr><td>156</td><td>0.862926</td><td>0.137074</td><td>0</td><td>0</td></tr><tr><td>157</td><td>0.308123</td><td>0.637112</td><td>0.054765</td><td>1</td></tr><tr><td>158</td><td>0.0836461</td><td>0.916354</td><td>0</td><td>1</td></tr><tr><td>159</td><td>0.233248</td><td>0.751838</td><td>0.0149144</td><td>0</td></tr><tr><td>160</td><td>0.150558</td><td>0.839906</td><td>0.00953685</td><td>-1</td></tr><tr><td>161</td><td>0.60634</td><td>0.39366</td><td>0</td><td>0</td></tr><tr><td>162</td><td>0.864168</td><td>0.135832</td><td>0</td><td>0</td></tr><tr><td>163</td><td>0.260609</td><td>0.739391</td><td>0</td><td>-1</td></tr><tr><td>164</td><td>0.8504</td><td>0.1496</td><td>0</td><td>0</td></tr><tr><td>165</td><td>0.174173</td><td>0.825827</td><td>0</td><td>0</td></tr><tr><td>166</td><td>0.330554</td><td>0.669446</td><td>6.10618e-14</td><td>0</td></tr><tr><td>167</td><td>0.341539</td><td>0.658461</td><td>0</td><td>0</td></tr><tr><td>168</td><td>0.0649367</td><td>0.935063</td><td>0</td><td>1</td></tr><tr><td>169</td><td>0.562591</td><td>0.437409</td><td>0</td><td>0</td></tr><tr><td>170</td><td>0.0953874</td><td>0.835614</td><td>0.0689985</td><td>1</td></tr><tr><td>171</td><td>0.0495147</td><td>0.343148</td><td>0.607337</td><td>2</td></tr><tr><td>172</td><td>0.110813</td><td>0.889187</td><td>0</td><td>1</td></tr><tr><td>173</td><td>0.17409</td><td>0.82591</td><td>0</td><td>1</td></tr><tr><td>174</td><td>0.455916</td><td>0.539952</td><td>0.00413246</td><td>0</td></tr><tr><td>175</td><td>0.275744</td><td>0.724256</td><td>0</td><td>2</td></tr><tr><td>176</td><td>0.0536269</td><td>0.946373</td><td>0</td><td>1</td></tr><tr><td>177</td><td>0.189196</td><td>0.810804</td><td>0</td><td>1</td></tr><tr><td>178</td><td>1</td><td>0</td><td>0</td><td>0</td></tr><tr><td>179</td><td>0.429376</td><td>0.570624</td><td>0</td><td>-1</td></tr><tr><td>180</td><td>0.971898</td><td>0.0281023</td><td>0</td><td>0</td></tr><tr><td>181</td><td>0.0414093</td><td>0.958591</td><td>0</td><td>1</td></tr><tr><td>182</td><td>0.275651</td><td>0.724349</td><td>0</td><td>-1</td></tr><tr><td>183</td><td>0.118258</td><td>0.831732</td><td>0.0500096</td><td>1</td></tr><tr><td>184</td><td>0.039392</td><td>0.916689</td><td>0.0439194</td><td>1</td></tr><tr><td>185</td><td>0.247262</td><td>0.748887</td><td>0.00385086</td><td>1</td></tr><tr><td>186</td><td>0.182322</td><td>0.75441</td><td>0.0632677</td><td>1</td></tr><tr><td>187</td><td>0.45208</td><td>0.54792</td><td>0</td><td>1</td></tr><tr><td>188</td><td>0.126353</td><td>0.873595</td><td>5.16342e-05</td><td>1</td></tr><tr><td>189</td><td>0.161874</td><td>0.838126</td><td>0</td><td>1</td></tr><tr><td>190</td><td>0.369914</td><td>0.630086</td><td>0</td><td>1</td></tr><tr><td>191</td><td>0.999309</td><td>0.000690943</td><td>0</td><td>-1</td></tr><tr><td>192</td><td>1</td><td>0</td><td>8.22401e-50</td><td>-1</td></tr><tr><td>193</td><td>0.239358</td><td>0.760642</td><td>0</td><td>1</td></tr><tr><td>194</td><td>0.00470986</td><td>0.99529</td><td>0</td><td>1</td></tr><tr><td>195</td><td>0.117641</td><td>0.882359</td><td>0</td><td>1</td></tr><tr><td>196</td><td>0.0694183</td><td>0.930582</td><td>0</td><td>1</td></tr><tr><td>197</td><td>0.33456</td><td>0.66544</td><td>0</td><td>1</td></tr><tr><td>198</td><td>0.473086</td><td>0.526914</td><td>0</td><td>-1</td></tr><tr><td>199</td><td>0.148353</td><td>0.851647</td><td>0</td><td>1</td></tr><tr><td>200</td><td>0.10342</td><td>0.858248</td><td>0.0383317</td><td>1</td></tr><tr><td>201</td><td>0.285395</td><td>0.714605</td><td>0</td><td>1</td></tr><tr><td>202</td><td>0.0111377</td><td>0.988862</td><td>0</td><td>1</td></tr><tr><td>203</td><td>0.331835</td><td>0.668165</td><td>0</td><td>1</td></tr><tr><td>204</td><td>0.711667</td><td>0.287478</td><td>0.000855392</td><td>0</td></tr><tr><td>205</td><td>0.5752</td><td>0.4248</td><td>0</td><td>0</td></tr><tr><td>206</td><td>0.243786</td><td>0.756214</td><td>0</td><td>1</td></tr><tr><td>207</td><td>0.181876</td><td>0.796589</td><td>0.0215344</td><td>1</td></tr><tr><td>208</td><td>0.289652</td><td>0.710348</td><td>0</td><td>1</td></tr><tr><td>209</td><td>0.0455468</td><td>0.434932</td><td>0.519522</td><td>2</td></tr><tr><td>210</td><td>0.103931</td><td>0.886918</td><td>0.00915082</td><td>1</td></tr><tr><td>211</td><td>0.202982</td><td>0.797018</td><td>0</td><td>1</td></tr><tr><td>212</td><td>0.0557254</td><td>0.944275</td><td>0</td><td>1</td></tr><tr><td>213</td><td>0.583129</td><td>0.416871</td><td>4.18359e-08</td><td>0</td></tr><tr><td>214</td><td>0.269551</td><td>0.730449</td><td>0</td><td>-1</td></tr><tr><td>215</td><td>0.4872</td><td>0.5128</td><td>0</td><td>1</td></tr><tr><td>216</td><td>0.075598</td><td>0.924402</td><td>0</td><td>1</td></tr><tr><td>217</td><td>0.131344</td><td>0.868252</td><td>0.000403847</td><td>-1</td></tr><tr><td>218</td><td>0.432733</td><td>0.567267</td><td>0</td><td>2</td></tr><tr><td>219</td><td>0.240553</td><td>0.759447</td><td>0</td><td>1</td></tr><tr><td>220</td><td>0.00316089</td><td>0.996839</td><td>1.1532e-14</td><td>1</td></tr><tr><td>221</td><td>0.0274292</td><td>0.970754</td><td>0.00181675</td><td>1</td></tr><tr><td>222</td><td>0.277558</td><td>0.722442</td><td>0</td><td>1</td></tr><tr><td>223</td><td>0.0281489</td><td>0.581981</td><td>0.38987</td><td>1</td></tr><tr><td>224</td><td>0.383457</td><td>0.616543</td><td>0</td><td>1</td></tr><tr><td>225</td><td>0.197083</td><td>0.802917</td><td>0</td><td>1</td></tr><tr><td>226</td><td>0.0073523</td><td>0.992648</td><td>0</td><td>1</td></tr><tr><td>227</td><td>0.839856</td><td>0.160144</td><td>6.3726e-18</td><td>0</td></tr><tr><td>228</td><td>0.0633061</td><td>0.936694</td><td>0</td><td>1</td></tr><tr><td>229</td><td>0.161475</td><td>0.768344</td><td>0.0701802</td><td>1</td></tr><tr><td>230</td><td>0.282001</td><td>0.717999</td><td>6.50768e-08</td><td>1</td></tr><tr><td>231</td><td>1</td><td>0</td><td>5.5e-18</td><td>0</td></tr><tr><td>232</td><td>0.000462785</td><td>0.999537</td><td>2.40043e-27</td><td>1</td></tr><tr><td>233</td><td>0.391107</td><td>0.596479</td><td>0.0124133</td><td>0</td></tr><tr><td>234</td><td>0.334721</td><td>0.665279</td><td>0</td><td>2</td></tr><tr><td>235</td><td>0.402502</td><td>0.597498</td><td>0</td><td>1</td></tr><tr><td>236</td><td>0.185401</td><td>0.814599</td><td>0</td><td>1</td></tr><tr><td>237</td><td>0.168485</td><td>0.831515</td><td>0</td><td>1</td></tr><tr><td>238</td><td>0.214017</td><td>0.785983</td><td>2.06778e-14</td><td>-1</td></tr><tr><td>239</td><td>0.27726</td><td>0.699678</td><td>0.0230623</td><td>1</td></tr><tr><td>240</td><td>0.343071</td><td>0.656929</td><td>1.17928e-07</td><td>0</td></tr><tr><td>241</td><td>0.93019</td><td>0.0698101</td><td>0</td><td>-1</td></tr><tr><td>242</td><td>0.053615</td><td>0.946385</td><td>0</td><td>-1</td></tr><tr><td>243</td><td>0.0829716</td><td>0.917028</td><td>0</td><td>-1</td></tr><tr><td>244</td><td>0.193578</td><td>0.806422</td><td>0</td><td>1</td></tr><tr><td>245</td><td>0.0353478</td><td>0.964652</td><td>1.73628e-17</td><td>1</td></tr><tr><td>246</td><td>0.11488</td><td>0.88512</td><td>0</td><td>0</td></tr><tr><td>247</td><td>0.040308</td><td>0.934361</td><td>0.0253311</td><td>1</td></tr><tr><td>248</td><td>0.808392</td><td>0.191608</td><td>0</td><td>0</td></tr><tr><td>249</td><td>0.0759975</td><td>0.907995</td><td>0.0160078</td><td>-1</td></tr><tr><td>250</td><td>0.27851</td><td>0.72149</td><td>0</td><td>1</td></tr><tr><td>251</td><td>0.12723</td><td>0.788708</td><td>0.0840623</td><td>1</td></tr><tr><td>252</td><td>0.0099315</td><td>0.990069</td><td>0</td><td>1</td></tr><tr><td>253</td><td>0.0769251</td><td>0.445781</td><td>0.477293</td><td>1</td></tr><tr><td>254</td><td>0.0696335</td><td>0.872514</td><td>0.0578523</td><td>1</td></tr><tr><td>255</td><td>0.180215</td><td>0.375304</td><td>0.44448</td><td>2</td></tr><tr><td>256</td><td>0.26946</td><td>0.73054</td><td>0</td><td>1</td></tr><tr><td>257</td><td>0.127437</td><td>0.872513</td><td>4.94098e-05</td><td>1</td></tr><tr><td>258</td><td>0.0276406</td><td>0.972359</td><td>0</td><td>1</td></tr><tr><td>259</td><td>0.223963</td><td>0.776037</td><td>0</td><td>0</td></tr><tr><td>260</td><td>0.0253423</td><td>0.764548</td><td>0.21011</td><td>1</td></tr><tr><td>261</td><td>0.315881</td><td>0.684119</td><td>0</td><td>1</td></tr><tr><td>262</td><td>0.0123989</td><td>0.987601</td><td>3.59253e-12</td><td>1</td></tr><tr><td>263</td><td>1</td><td>0</td><td>7.16912e-54</td><td>-1</td></tr><tr><td>264</td><td>0.909625</td><td>0.0903752</td><td>0</td><td>0</td></tr><tr><td>265</td><td>0.244817</td><td>0.695675</td><td>0.0595073</td><td>1</td></tr><tr><td>266</td><td>0.0253698</td><td>0.97463</td><td>0</td><td>1</td></tr><tr><td>267</td><td>0.317708</td><td>0.675093</td><td>0.00719894</td><td>1</td></tr><tr><td>268</td><td>0.100135</td><td>0.899865</td><td>0</td><td>1</td></tr><tr><td>269</td><td>0.578228</td><td>0.421772</td><td>0</td><td>0</td></tr><tr><td>270</td><td>0.43948</td><td>0.56052</td><td>0</td><td>1</td></tr><tr><td>271</td><td>0.036618</td><td>0.416182</td><td>0.5472</td><td>-1</td></tr><tr><td>272</td><td>0.00962452</td><td>0.990375</td><td>0</td><td>-1</td></tr><tr><td>273</td><td>0.947653</td><td>0.0523471</td><td>0</td><td>0</td></tr><tr><td>274</td><td>0.527141</td><td>0.472859</td><td>0</td><td>1</td></tr><tr><td>275</td><td>0.242034</td><td>0.757966</td><td>0</td><td>1</td></tr><tr><td>276</td><td>0.965125</td><td>0.0348754</td><td>0</td><td>0</td></tr><tr><td>277</td><td>0.0799102</td><td>0.92009</td><td>0</td><td>1</td></tr><tr><td>278</td><td>0.532723</td><td>0.467277</td><td>0</td><td>-1</td></tr><tr><td>279</td><td>0.994224</td><td>0.00577576</td><td>0</td><td>-1</td></tr><tr><td>280</td><td>0.19047</td><td>0.80953</td><td>0</td><td>1</td></tr><tr><td>281</td><td>0.208343</td><td>0.791657</td><td>0</td><td>1</td></tr><tr><td>282</td><td>0.0794343</td><td>0.920566</td><td>0</td><td>-1</td></tr><tr><td>283</td><td>0.231628</td><td>0.608537</td><td>0.159835</td><td>-1</td></tr><tr><td>284</td><td>0.146863</td><td>0.558904</td><td>0.294233</td><td>1</td></tr><tr><td>285</td><td>0.173309</td><td>0.826121</td><td>0.000569949</td><td>1</td></tr><tr><td>286</td><td>0.416028</td><td>0.583972</td><td>5.97111e-11</td><td>1</td></tr><tr><td>287</td><td>0.514211</td><td>0.485789</td><td>0</td><td>1</td></tr><tr><td>288</td><td>0.0533549</td><td>0.946645</td><td>0</td><td>-1</td></tr><tr><td>289</td><td>0.112065</td><td>0.887935</td><td>0</td><td>1</td></tr><tr><td>290</td><td>0.129348</td><td>0.500276</td><td>0.370376</td><td>2</td></tr><tr><td>291</td><td>0.201986</td><td>0.798014</td><td>0</td><td>1</td></tr><tr><td>292</td><td>0.286944</td><td>0.713056</td><td>0</td><td>1</td></tr><tr><td>293</td><td>0.00943621</td><td>0.990564</td><td>3.96673e-09</td><td>1</td></tr><tr><td>294</td><td>0.312586</td><td>0.687414</td><td>0</td><td>1</td></tr><tr><td>295</td><td>0.595933</td><td>0.404067</td><td>0</td><td>1</td></tr><tr><td>296</td><td>0.134006</td><td>0.854308</td><td>0.0116863</td><td>-1</td></tr><tr><td>297</td><td>0.225208</td><td>0.774792</td><td>0</td><td>1</td></tr><tr><td>298</td><td>0.420274</td><td>0.579726</td><td>0</td><td>1</td></tr><tr><td>299</td><td>0.00160235</td><td>0.998398</td><td>0</td><td>1</td></tr><tr><td>300</td><td>0.168965</td><td>0.831035</td><td>0</td><td>1</td></tr><tr><td>301</td><td>0.392015</td><td>0.607985</td><td>0</td><td>1</td></tr><tr><td>302</td><td>0.260273</td><td>0.695112</td><td>0.044615</td><td>1</td></tr><tr><td>303</td><td>0.0764655</td><td>0.923534</td><td>0</td><td>1</td></tr><tr><td>304</td><td>0.387698</td><td>0.612302</td><td>0</td><td>0</td></tr><tr><td>305</td><td>0.271918</td><td>0.728082</td><td>0</td><td>0</td></tr><tr><td>306</td><td>0.0531143</td><td>0.946886</td><td>0</td><td>1</td></tr><tr><td>307</td><td>0.0293245</td><td>0.950867</td><td>0.0198084</td><td>1</td></tr><tr><td>308</td><td>0.328033</td><td>0.671967</td><td>0</td><td>0</td></tr><tr><td>309</td><td>0.684982</td><td>0.315018</td><td>0</td><td>0</td></tr><tr><td>310</td><td>0.186686</td><td>0.813314</td><td>0</td><td>1</td></tr><tr><td>311</td><td>0.797634</td><td>0.202366</td><td>0</td><td>0</td></tr><tr><td>312</td><td>0.152049</td><td>0.847951</td><td>0</td><td>1</td></tr><tr><td>313</td><td>0.731599</td><td>0.268401</td><td>0</td><td>0</td></tr><tr><td>314</td><td>0.256652</td><td>0.743348</td><td>0</td><td>1</td></tr><tr><td>315</td><td>0.0752357</td><td>0.924764</td><td>0</td><td>-1</td></tr><tr><td>316</td><td>0.208113</td><td>0.720939</td><td>0.0709478</td><td>1</td></tr><tr><td>317</td><td>1</td><td>0</td><td>0</td><td>0</td></tr><tr><td>318</td><td>0.0132598</td><td>0.364887</td><td>0.621853</td><td>2</td></tr><tr><td>319</td><td>0.334965</td><td>0.665035</td><td>0</td><td>-1</td></tr><tr><td>320</td><td>0.0166811</td><td>0.373552</td><td>0.609767</td><td>2</td></tr><tr><td>321</td><td>0.0387131</td><td>0.961287</td><td>6.6825e-08</td><td>1</td></tr><tr><td>322</td><td>0.259443</td><td>0.740557</td><td>0</td><td>1</td></tr><tr><td>323</td><td>1</td><td>0</td><td>0</td><td>-1</td></tr><tr><td>324</td><td>0.0111038</td><td>0.988896</td><td>0</td><td>1</td></tr><tr><td>325</td><td>0.0125572</td><td>0.987443</td><td>0</td><td>1</td></tr><tr><td>326</td><td>0.048397</td><td>0.951603</td><td>0</td><td>1</td></tr><tr><td>327</td><td>0.053935</td><td>0.946065</td><td>0</td><td>-1</td></tr><tr><td>328</td><td>0.483758</td><td>0.516242</td><td>0</td><td>1</td></tr><tr><td>329</td><td>0.963371</td><td>0.0366295</td><td>0</td><td>0</td></tr><tr><td>330</td><td>0.561819</td><td>0.438181</td><td>0</td><td>1</td></tr><tr><td>331</td><td>0.0134022</td><td>0.907261</td><td>0.0793369</td><td>1</td></tr><tr><td>332</td><td>0.496594</td><td>0.503406</td><td>0</td><td>1</td></tr><tr><td>333</td><td>0.956833</td><td>0.043167</td><td>0</td><td>0</td></tr><tr><td>334</td><td>0.0619336</td><td>0.938066</td><td>0</td><td>1</td></tr><tr><td>335</td><td>0.144911</td><td>0.855089</td><td>0</td><td>1</td></tr><tr><td>336</td><td>0.0943792</td><td>0.905621</td><td>0</td><td>1</td></tr><tr><td>337</td><td>0.105419</td><td>0.760761</td><td>0.133821</td><td>1</td></tr><tr><td>338</td><td>0.339876</td><td>0.660124</td><td>0</td><td>1</td></tr><tr><td>339</td><td>0.288054</td><td>0.711946</td><td>0</td><td>1</td></tr><tr><td>340</td><td>0.556698</td><td>0.443302</td><td>0</td><td>0</td></tr><tr><td>341</td><td>0.207149</td><td>0.792851</td><td>0</td><td>1</td></tr><tr><td>342</td><td>0.886031</td><td>0.113969</td><td>1.16008e-18</td><td>-1</td></tr><tr><td>343</td><td>0.390072</td><td>0.609928</td><td>0</td><td>1</td></tr><tr><td>344</td><td>0.415006</td><td>0.584994</td><td>0</td><td>1</td></tr><tr><td>345</td><td>0.635541</td><td>0.364459</td><td>0</td><td>-1</td></tr><tr><td>346</td><td>0.0753495</td><td>0.881678</td><td>0.0429724</td><td>0</td></tr><tr><td>347</td><td>0.330198</td><td>0.652774</td><td>0.0170279</td><td>1</td></tr><tr><td>348</td><td>0.246636</td><td>0.74947</td><td>0.003894</td><td>1</td></tr><tr><td>349</td><td>0.206333</td><td>0.735436</td><td>0.0582311</td><td>1</td></tr><tr><td>350</td><td>0.244855</td><td>0.755145</td><td>0</td><td>1</td></tr><tr><td>351</td><td>0.979886</td><td>0.0201136</td><td>0</td><td>0</td></tr><tr><td>352</td><td>0.0483709</td><td>0.850575</td><td>0.101055</td><td>1</td></tr><tr><td>353</td><td>0.000845413</td><td>0.999155</td><td>1.83447e-08</td><td>-1</td></tr><tr><td>354</td><td>0.0690178</td><td>0.853861</td><td>0.0771207</td><td>1</td></tr><tr><td>355</td><td>0.217927</td><td>0.746658</td><td>0.0354153</td><td>0</td></tr><tr><td>356</td><td>0.108189</td><td>0.891752</td><td>5.81507e-05</td><td>1</td></tr><tr><td>357</td><td>0.161976</td><td>0.838024</td><td>0</td><td>1</td></tr><tr><td>358</td><td>0.457662</td><td>0.542338</td><td>0</td><td>1</td></tr><tr><td>359</td><td>0.422095</td><td>0.577905</td><td>0</td><td>-1</td></tr><tr><td>360</td><td>0.35015</td><td>0.64985</td><td>0</td><td>1</td></tr><tr><td>361</td><td>0.224833</td><td>0.775167</td><td>0</td><td>-1</td></tr><tr><td>362</td><td>0.0511872</td><td>0.948813</td><td>0</td><td>1</td></tr><tr><td>363</td><td>0.307517</td><td>0.692483</td><td>8.13765e-56</td><td>1</td></tr><tr><td>364</td><td>0.190514</td><td>0.809486</td><td>0</td><td>1</td></tr><tr><td>365</td><td>0.510201</td><td>0.489799</td><td>8.65769e-23</td><td>0</td></tr><tr><td>366</td><td>0.0611548</td><td>0.938845</td><td>0</td><td>1</td></tr><tr><td>367</td><td>0.28084</td><td>0.71846</td><td>0.000700326</td><td>-1</td></tr><tr><td>368</td><td>0.0919237</td><td>0.908076</td><td>0</td><td>1</td></tr><tr><td>369</td><td>0.444327</td><td>0.555673</td><td>0</td><td>1</td></tr><tr><td>370</td><td>0.18873</td><td>0.806355</td><td>0.00491449</td><td>1</td></tr><tr><td>371</td><td>0.118636</td><td>0.858703</td><td>0.0226606</td><td>1</td></tr><tr><td>372</td><td>0.156949</td><td>0.843051</td><td>0</td><td>1</td></tr><tr><td>373</td><td>0.841208</td><td>0.158792</td><td>0</td><td>-1</td></tr><tr><td>374</td><td>0.0859748</td><td>0.914025</td><td>0</td><td>-1</td></tr><tr><td>375</td><td>0.00519295</td><td>0.994807</td><td>0</td><td>1</td></tr><tr><td>376</td><td>0.0388595</td><td>0.912939</td><td>0.0482016</td><td>-1</td></tr><tr><td>377</td><td>0.347113</td><td>0.652887</td><td>0</td><td>0</td></tr><tr><td>378</td><td>0.173446</td><td>0.826554</td><td>0</td><td>1</td></tr><tr><td>379</td><td>0.273251</td><td>0.726749</td><td>0</td><td>1</td></tr><tr><td>380</td><td>0.0646115</td><td>0.935388</td><td>0</td><td>1</td></tr><tr><td>381</td><td>0.261053</td><td>0.738947</td><td>0</td><td>1</td></tr><tr><td>382</td><td>0.0759975</td><td>0.907995</td><td>0.0160078</td><td>1</td></tr><tr><td>383</td><td>0.422351</td><td>0.577649</td><td>0</td><td>1</td></tr><tr><td>384</td><td>0.33176</td><td>0.66824</td><td>0</td><td>1</td></tr><tr><td>385</td><td>0.988868</td><td>0.0111322</td><td>0</td><td>0</td></tr><tr><td>386</td><td>0.299378</td><td>0.700622</td><td>0</td><td>1</td></tr><tr><td>387</td><td>0.0521202</td><td>0.94788</td><td>0</td><td>1</td></tr><tr><td>388</td><td>0.0610362</td><td>0.938964</td><td>0</td><td>-1</td></tr><tr><td>389</td><td>0.00734977</td><td>0.99265</td><td>0</td><td>1</td></tr><tr><td>390</td><td>0.0176642</td><td>0.982336</td><td>0</td><td>1</td></tr><tr><td>391</td><td>0.180946</td><td>0.819054</td><td>0</td><td>-1</td></tr><tr><td>392</td><td>0.144123</td><td>0.855877</td><td>1.82534e-08</td><td>1</td></tr><tr><td>393</td><td>0.383644</td><td>0.616356</td><td>0</td><td>1</td></tr><tr><td>394</td><td>0.0968226</td><td>0.240479</td><td>0.662698</td><td>2</td></tr><tr><td>395</td><td>0.507163</td><td>0.492837</td><td>0</td><td>1</td></tr><tr><td>396</td><td>0.2364</td><td>0.7636</td><td>0</td><td>1</td></tr><tr><td>397</td><td>0.26392</td><td>0.73608</td><td>0</td><td>1</td></tr><tr><td>398</td><td>0.113318</td><td>0.886682</td><td>0</td><td>1</td></tr><tr><td>399</td><td>0.132114</td><td>0.867886</td><td>0</td><td>1</td></tr><tr><td>400</td><td>0.179029</td><td>0.702444</td><td>0.118527</td><td>1</td></tr><tr><td>401</td><td>0.0985847</td><td>0.730261</td><td>0.171155</td><td>0</td></tr><tr><td>402</td><td>0.164674</td><td>0.811269</td><td>0.0240569</td><td>2</td></tr><tr><td>403</td><td>0.298124</td><td>0.701876</td><td>0</td><td>1</td></tr><tr><td>404</td><td>0.316008</td><td>0.683992</td><td>0</td><td>-1</td></tr><tr><td>405</td><td>0.228164</td><td>0.771836</td><td>0</td><td>1</td></tr><tr><td>406</td><td>0.0123043</td><td>0.987696</td><td>0</td><td>1</td></tr><tr><td>407</td><td>0.106519</td><td>0.893481</td><td>0</td><td>1</td></tr><tr><td>408</td><td>0.0476728</td><td>0.952327</td><td>0</td><td>1</td></tr><tr><td>409</td><td>0.157206</td><td>0.842792</td><td>2.51778e-06</td><td>1</td></tr><tr><td>410</td><td>0.0516016</td><td>0.948398</td><td>0</td><td>1</td></tr><tr><td>411</td><td>0.31437</td><td>0.68563</td><td>0</td><td>1</td></tr><tr><td>412</td><td>0.58403</td><td>0.41597</td><td>0</td><td>1</td></tr><tr><td>413</td><td>0.223047</td><td>0.750763</td><td>0.0261896</td><td>1</td></tr><tr><td>414</td><td>0.39553</td><td>0.60447</td><td>0</td><td>1</td></tr><tr><td>415</td><td>0.00914881</td><td>0.990851</td><td>0</td><td>1</td></tr><tr><td>416</td><td>0.106637</td><td>0.893363</td><td>0</td><td>1</td></tr><tr><td>417</td><td>0.866142</td><td>0.133858</td><td>0</td><td>-1</td></tr><tr><td>418</td><td>0.311631</td><td>0.688369</td><td>0</td><td>0</td></tr><tr><td>419</td><td>0.104245</td><td>0.895755</td><td>0</td><td>-1</td></tr><tr><td>420</td><td>0.0372459</td><td>0.372817</td><td>0.589937</td><td>2</td></tr><tr><td>421</td><td>1</td><td>0</td><td>0</td><td>0</td></tr><tr><td>422</td><td>0.320223</td><td>0.679777</td><td>0</td><td>-1</td></tr><tr><td>423</td><td>0.970667</td><td>0</td><td>0.0293327</td><td>-1</td></tr><tr><td>424</td><td>0.0838282</td><td>0.916172</td><td>0</td><td>1</td></tr><tr><td>425</td><td>0.0235954</td><td>0.654541</td><td>0.321864</td><td>1</td></tr><tr><td>426</td><td>1</td><td>0</td><td>0</td><td>0</td></tr><tr><td>427</td><td>0.0606451</td><td>0.939355</td><td>0</td><td>-1</td></tr><tr><td>428</td><td>0.73487</td><td>0.26513</td><td>0</td><td>1</td></tr><tr><td>429</td><td>0.902638</td><td>0.0973615</td><td>0</td><td>0</td></tr><tr><td>430</td><td>0.407589</td><td>0.592411</td><td>1.12773e-07</td><td>-1</td></tr><tr><td>431</td><td>0.359916</td><td>0.640084</td><td>0</td><td>0</td></tr><tr><td>432</td><td>0.224886</td><td>0.775114</td><td>0</td><td>1</td></tr><tr><td>433</td><td>0.123335</td><td>0.876665</td><td>0</td><td>1</td></tr><tr><td>434</td><td>0.0480214</td><td>0.951979</td><td>0</td><td>1</td></tr><tr><td>435</td><td>0.0740221</td><td>0.925978</td><td>0</td><td>1</td></tr><tr><td>436</td><td>0.349189</td><td>0.650811</td><td>0</td><td>0</td></tr><tr><td>437</td><td>0.0897831</td><td>0.897161</td><td>0.0130554</td><td>1</td></tr><tr><td>438</td><td>0.0679448</td><td>0.417054</td><td>0.515001</td><td>1</td></tr><tr><td>439</td><td>0.0390052</td><td>0.960994</td><td>4.68176e-07</td><td>1</td></tr><tr><td>440</td><td>0.0512107</td><td>0.948789</td><td>0</td><td>1</td></tr><tr><td>441</td><td>0.393894</td><td>0.606106</td><td>0</td><td>1</td></tr><tr><td>442</td><td>0.0794468</td><td>0.623314</td><td>0.29724</td><td>1</td></tr><tr><td>443</td><td>0.00530837</td><td>0.994692</td><td>0</td><td>1</td></tr><tr><td>444</td><td>0.01949</td><td>0.947165</td><td>0.0333454</td><td>1</td></tr><tr><td>445</td><td>0.909768</td><td>0.0902315</td><td>0</td><td>0</td></tr><tr><td>446</td><td>0.385328</td><td>0.614672</td><td>1.10501e-14</td><td>0</td></tr><tr><td>447</td><td>0.0892937</td><td>0.742489</td><td>0.168217</td><td>2</td></tr><tr><td>448</td><td>0.0236935</td><td>0.976306</td><td>0</td><td>1</td></tr><tr><td>449</td><td>1</td><td>0</td><td>0</td><td>0</td></tr><tr><td>450</td><td>0.275229</td><td>0.724771</td><td>0</td><td>1</td></tr><tr><td>451</td><td>0.302194</td><td>0.697806</td><td>0</td><td>-1</td></tr><tr><td>452</td><td>0.102586</td><td>0.897414</td><td>0</td><td>-1</td></tr><tr><td>453</td><td>0.996761</td><td>0.00323877</td><td>4.98861e-83</td><td>0</td></tr><tr><td>454</td><td>0.347535</td><td>0.630545</td><td>0.0219197</td><td>0</td></tr><tr><td>455</td><td>0.302647</td><td>0.620471</td><td>0.0768817</td><td>1</td></tr><tr><td>456</td><td>0.250611</td><td>0.749389</td><td>4.90514e-21</td><td>1</td></tr><tr><td>457</td><td>0.0267617</td><td>0.364089</td><td>0.60915</td><td>2</td></tr><tr><td>458</td><td>0.905044</td><td>0.0949563</td><td>0</td><td>-1</td></tr><tr><td>459</td><td>0.0586781</td><td>0.902552</td><td>0.03877</td><td>1</td></tr><tr><td>460</td><td>0.243163</td><td>0.756837</td><td>1.14177e-85</td><td>0</td></tr><tr><td>461</td><td>0.416881</td><td>0.583119</td><td>0</td><td>0</td></tr><tr><td>462</td><td>0.398561</td><td>0.601439</td><td>6.84239e-07</td><td>1</td></tr><tr><td>463</td><td>0.481151</td><td>0.505538</td><td>0.0133114</td><td>1</td></tr><tr><td>464</td><td>0.0529218</td><td>0.947078</td><td>0</td><td>-1</td></tr><tr><td>465</td><td>0.250839</td><td>0.587823</td><td>0.161338</td><td>2</td></tr><tr><td>466</td><td>0.533861</td><td>0.466139</td><td>0</td><td>1</td></tr><tr><td>467</td><td>0.466143</td><td>0.521025</td><td>0.0128316</td><td>0</td></tr><tr><td>468</td><td>0.128735</td><td>0.81902</td><td>0.0522459</td><td>1</td></tr><tr><td>469</td><td>0.999432</td><td>0.000568486</td><td>0</td><td>0</td></tr><tr><td>470</td><td>0.33465</td><td>0.66535</td><td>0</td><td>1</td></tr><tr><td>471</td><td>0.0367103</td><td>0.96329</td><td>0</td><td>1</td></tr><tr><td>472</td><td>0.696487</td><td>0.303513</td><td>0</td><td>0</td></tr><tr><td>473</td><td>0.134951</td><td>0.865048</td><td>1.23367e-06</td><td>1</td></tr><tr><td>474</td><td>0.456918</td><td>0.543082</td><td>0</td><td>0</td></tr><tr><td>475</td><td>0.541989</td><td>0.458011</td><td>0</td><td>1</td></tr><tr><td>476</td><td>0.433387</td><td>0.566613</td><td>0</td><td>1</td></tr><tr><td>477</td><td>0.152853</td><td>0.847147</td><td>0</td><td>0</td></tr><tr><td>478</td><td>0.0370431</td><td>0.47783</td><td>0.485127</td><td>-1</td></tr><tr><td>479</td><td>0.0909835</td><td>0.909016</td><td>0</td><td>-1</td></tr><tr><td>480</td><td>0.348129</td><td>0.651871</td><td>0</td><