<!DOCTYPE HTML PUBLIC "-//W3C//DTD HTML 4.01 Transitional//EN">

<html>
<head>
<script src="http://transp-or.epfl.ch/biogeme/sorttable.js"></script>
<meta http-equiv='Content-Type' content='text/html; charset=utf-8' />
<title>Model5_simulation_PT_sales.html - Report from biogeme 2.6a [Mon Apr 24 10:21:29 BST 2017]</title>
<meta name="keywords" content="biogeme, discrete choice, random utility">
<meta name="description" content="Report from biogeme 2.6a [Mon Apr 24 10:21:29 BST 2017]">
<meta name="author" content="Michel Bierlaire">
<style type=text/css>
<!--table
.biostyle
	{font-size:10.0pt;
	font-weight:400;
	font-style:normal;
	font-family:Courier;}
.boundstyle
	{font-size:10.0pt;
	font-weight:400;
	font-style:normal;
	font-family:Courier;
        color:red}
-->
</style>
</head>

<body bgcolor="#ffffff">
<p>biogeme 2.6a [Mon Apr 24 10:21:29 BST 2017]</p>
<p>Home page: <a href='http://biogeme.epfl.ch' target='_blank'>http://biogeme.epfl.ch</a></p>
<p>Submit questions to <a href='https://groups.google.com/d/forum/biogeme' target='_blank'>https://groups.google.com/d/forum/biogeme</a></p>
<p><a href='http://people.epfl.ch/michel.bierlaire'>Michel Bierlaire</a>, <a href='http://transp-or.epfl.ch'>Transport and Mobility Laboratory</a>, <a href='http://www.epfl.ch'>Ecole Polytechnique F&eacute;d&eacute;rale de Lausanne (EPFL)</a></p>
<p>This file has automatically been generated on
Sat Nov 11 16:37:07 2017</p>
<p>If you drag this HTML file into the Calc application of <a href='http://www.openoffice.org/' target='_blank'>OpenOffice</a>, or the spreadsheet of <a href='https://www.libreoffice.org/' target='_blank'>LibreOffice</a>, you will be able to perform additional calculations.</p><table><tr class=biostyle><td align=right><strong>Report file</strong>:	</td><td>Model5_simulation_PT_sales.html</td></tr><tr class=biostyle><td align=right><strong>Sample file</strong>:	</td><td>__bin_data.dat</td></tr></table><h1>Simulation report</h1>

<p>Number of draws for Monte-Carlo: 1000</p>
<p>Type of draws: MLHS</p>
<h2>Aggregate values</h2><table border='1'>
<tr><th></th><th>01 Prob. PT</th><th>02 Prob. PM</th><th>03 Prob. SM</th><th>Choice</th></tr><tr><th>Total</th><td>547.404</td><td>1396.95</td><td>93.6445</td><td>1017</td></tr><tr><th>Average</th><td>0.268599</td><td>0.685452</td><td>0.0459492</td><td>0.499019</td></tr><tr><th>Non zeros</th><td>2038</td><td>1952</td><td>707</td><td>1569</td></tr><tr><th>Non zeros average</th><td>0.268599</td><td>0.715651</td><td>0.132453</td><td>0.648184</td></tr><tr><th>Minimum</th><td>6.28442e-09</td><td>0</td><td>0</td><td>-1</td></tr><tr><th>Maximum</th><td>1</td><td>1</td><td>0.995933</td><td>2</td></tr></table><h2>Detailed records</h2><table border='1'>
<tr><th>Row</th><th>01 Prob. PT</th><th>02 Prob. PM</th><th>03 Prob. SM</th><th>Choice</th></tr><tr><td>1</td><td>1</td><td>0</td><td>0</td><td>0</td></tr><tr><td>2</td><td>0.121437</td><td>0.850792</td><td>0.027771</td><td>1</td></tr><tr><td>3</td><td>0.19839</td><td>0.80161</td><td>0</td><td>1</td></tr><tr><td>4</td><td>0.0349971</td><td>0.965003</td><td>0</td><td>1</td></tr><tr><td>5</td><td>0.145489</td><td>0.854511</td><td>2.91805e-07</td><td>1</td></tr><tr><td>6</td><td>0.0185896</td><td>0.979032</td><td>0.00237807</td><td>1</td></tr><tr><td>7</td><td>0.146617</td><td>0.853383</td><td>0</td><td>1</td></tr><tr><td>8</td><td>0.923227</td><td>0.0767729</td><td>0</td><td>0</td></tr><tr><td>9</td><td>0.0788775</td><td>0.864964</td><td>0.0561587</td><td>1</td></tr><tr><td>10</td><td>0.0116027</td><td>0.988397</td><td>0</td><td>1</td></tr><tr><td>11</td><td>0.116264</td><td>0.878801</td><td>0.00493442</td><td>-1</td></tr><tr><td>12</td><td>0.0646322</td><td>0.935368</td><td>0</td><td>1</td></tr><tr><td>13</td><td>0.16165</td><td>0.80916</td><td>0.0291899</td><td>1</td></tr><tr><td>14</td><td>0.0718756</td><td>0.872199</td><td>0.0559253</td><td>1</td></tr><tr><td>15</td><td>0.397258</td><td>0.602742</td><td>0</td><td>1</td></tr><tr><td>16</td><td>0.0436203</td><td>0.673932</td><td>0.282447</td><td>2</td></tr><tr><td>17</td><td>0.0901471</td><td>0.909853</td><td>0</td><td>0</td></tr><tr><td>18</td><td>0.138481</td><td>0.861519</td><td>0</td><td>1</td></tr><tr><td>19</td><td>0.46945</td><td>0.506905</td><td>0.0236443</td><td>-1</td></tr><tr><td>20</td><td>0.0372176</td><td>0.962782</td><td>0</td><td>1</td></tr><tr><td>21</td><td>0.960962</td><td>0.0390376</td><td>2.01734e-49</td><td>0</td></tr><tr><td>22</td><td>0.89545</td><td>0.10455</td><td>3.56154e-14</td><td>0</td></tr><tr><td>23</td><td>0.0900853</td><td>0.909915</td><td>0</td><td>-1</td></tr><tr><td>24</td><td>0.3069</td><td>0.6931</td><td>0</td><td>1</td></tr><tr><td>25</td><td>0.676951</td><td>0.323049</td><td>0</td><td>0</td></tr><tr><td>26</td><td>0.0163189</td><td>0.983681</td><td>0</td><td>-1</td></tr><tr><td>27</td><td>0.704339</td><td>0.295661</td><td>0</td><td>0</td></tr><tr><td>28</td><td>0.0387701</td><td>0.679116</td><td>0.282114</td><td>2</td></tr><tr><td>29</td><td>0.0591434</td><td>0.940857</td><td>8.48886e-14</td><td>-1</td></tr><tr><td>30</td><td>0.544982</td><td>0.455018</td><td>0</td><td>1</td></tr><tr><td>31</td><td>0.0707568</td><td>0.591772</td><td>0.337471</td><td>1</td></tr><tr><td>32</td><td>0.0169256</td><td>0.983074</td><td>0</td><td>1</td></tr><tr><td>33</td><td>0.151506</td><td>0.848494</td><td>0</td><td>0</td></tr><tr><td>34</td><td>0.812159</td><td>0.187841</td><td>0</td><td>1</td></tr><tr><td>35</td><td>0.198456</td><td>0.801544</td><td>0</td><td>-1</td></tr><tr><td>36</td><td>0.444594</td><td>0.555406</td><td>0</td><td>0</td></tr><tr><td>37</td><td>0.626731</td><td>0.373269</td><td>0</td><td>0</td></tr><tr><td>38</td><td>0.270264</td><td>0.698121</td><td>0.0316155</td><td>0</td></tr><tr><td>39</td><td>0.116207</td><td>0.883793</td><td>0</td><td>1</td></tr><tr><td>40</td><td>0.0575015</td><td>0.942498</td><td>0</td><td>-1</td></tr><tr><td>41</td><td>0.419572</td><td>0.580428</td><td>0</td><td>1</td></tr><tr><td>42</td><td>0.154948</td><td>0.845052</td><td>0</td><td>1</td></tr><tr><td>43</td><td>0.0289747</td><td>0.971025</td><td>0</td><td>-1</td></tr><tr><td>44</td><td>0.00272771</td><td>0.997272</td><td>0</td><td>-1</td></tr><tr><td>45</td><td>0.108494</td><td>0.891506</td><td>0</td><td>0</td></tr><tr><td>46</td><td>0.00161929</td><td>0.998381</td><td>0</td><td>1</td></tr><tr><td>47</td><td>1</td><td>0</td><td>0</td><td>0</td></tr><tr><td>48</td><td>0.0187358</td><td>0.981264</td><td>0</td><td>1</td></tr><tr><td>49</td><td>0.0329421</td><td>0.967058</td><td>0</td><td>1</td></tr><tr><td>50</td><td>0.00933548</td><td>0.990665</td><td>0</td><td>1</td></tr><tr><td>51</td><td>0.0872092</td><td>0.912791</td><td>0</td><td>1</td></tr><tr><td>52</td><td>0.975928</td><td>0.0240717</td><td>0</td><td>0</td></tr><tr><td>53</td><td>0.0296721</td><td>0.970328</td><td>0</td><td>1</td></tr><tr><td>54</td><td>1</td><td>0</td><td>0</td><td>0</td></tr><tr><td>55</td><td>0.963234</td><td>0.0367663</td><td>0</td><td>-1</td></tr><tr><td>56</td><td>0.102856</td><td>0.897144</td><td>0</td><td>1</td></tr><tr><td>57</td><td>0.0482352</td><td>0.951765</td><td>0</td><td>2</td></tr><tr><td>58</td><td>0.761341</td><td>0.238659</td><td>0</td><td>-1</td></tr><tr><td>59</td><td>0.0256199</td><td>0.733504</td><td>0.240876</td><td>1</td></tr><tr><td>60</td><td>0.402813</td><td>0.596196</td><td>0.000991721</td><td>1</td></tr><tr><td>61</td><td>0.0552504</td><td>0.913782</td><td>0.0309675</td><td>-1</td></tr><tr><td>62</td><td>0.0159943</td><td>0.37325</td><td>0.610755</td><td>2</td></tr><tr><td>63</td><td>0.00947829</td><td>0.521992</td><td>0.468529</td><td>1</td></tr><tr><td>64</td><td>0.0684077</td><td>0.931592</td><td>0</td><td>1</td></tr><tr><td>65</td><td>0.160005</td><td>0.839995</td><td>0</td><td>1</td></tr><tr><td>66</td><td>0.0364334</td><td>0.729821</td><td>0.233745</td><td>2</td></tr><tr><td>67</td><td>0.00842251</td><td>0.67349</td><td>0.318087</td><td>1</td></tr><tr><td>68</td><td>0.147113</td><td>0.777628</td><td>0.0752595</td><td>2</td></tr><tr><td>69</td><td>0.431724</td><td>0.568276</td><td>0</td><td>1</td></tr><tr><td>70</td><td>0.283859</td><td>0.716141</td><td>0</td><td>1</td></tr><tr><td>71</td><td>0.0763335</td><td>0.923666</td><td>0</td><td>2</td></tr><tr><td>72</td><td>0.261761</td><td>0.738239</td><td>0</td><td>-1</td></tr><tr><td>73</td><td>0.0569909</td><td>0.943009</td><td>0</td><td>1</td></tr><tr><td>74</td><td>0.146348</td><td>0.499623</td><td>0.35403</td><td>2</td></tr><tr><td>75</td><td>0.189709</td><td>0.597528</td><td>0.212763</td><td>1</td></tr><tr><td>76</td><td>0.0712322</td><td>0.928768</td><td>0</td><td>0</td></tr><tr><td>77</td><td>0.00830356</td><td>0.385058</td><td>0.606639</td><td>1</td></tr><tr><td>78</td><td>0.0111586</td><td>0.988841</td><td>0</td><td>1</td></tr><tr><td>79</td><td>0.084502</td><td>0.857647</td><td>0.0578509</td><td>1</td></tr><tr><td>80</td><td>0.0664022</td><td>0.903031</td><td>0.0305664</td><td>1</td></tr><tr><td>81</td><td>0.0252063</td><td>0.974794</td><td>0</td><td>1</td></tr><tr><td>82</td><td>0.305474</td><td>0.694526</td><td>0</td><td>0</td></tr><tr><td>83</td><td>0.129075</td><td>0.870925</td><td>0</td><td>-1</td></tr><tr><td>84</td><td>0.173374</td><td>0.804865</td><td>0.0217603</td><td>1</td></tr><tr><td>85</td><td>0.015978</td><td>0.984022</td><td>0</td><td>1</td></tr><tr><td>86</td><td>0.188781</td><td>0.70989</td><td>0.101329</td><td>-1</td></tr><tr><td>87</td><td>0.350987</td><td>0.649013</td><td>0</td><td>1</td></tr><tr><td>88</td><td>0.829151</td><td>0.170849</td><td>1.22652e-11</td><td>0</td></tr><tr><td>89</td><td>0.837083</td><td>0.162917</td><td>0</td><td>0</td></tr><tr><td>90</td><td>0.159198</td><td>0.840802</td><td>0</td><td>1</td></tr><tr><td>91</td><td>0.83781</td><td>0.16219</td><td>0</td><td>0</td></tr><tr><td>92</td><td>0.0190965</td><td>0.980904</td><td>4.76689e-33</td><td>0</td></tr><tr><td>93</td><td>0.0076368</td><td>0.992363</td><td>0</td><td>1</td></tr><tr><td>94</td><td>0.338939</td><td>0.661061</td><td>0</td><td>-1</td></tr><tr><td>95</td><td>0.235138</td><td>0.707591</td><td>0.0572714</td><td>1</td></tr><tr><td>96</td><td>0.0181273</td><td>0.981873</td><td>0</td><td>1</td></tr><tr><td>97</td><td>0.982169</td><td>0.0178306</td><td>0</td><td>0</td></tr><tr><td>98</td><td>0.0704612</td><td>0.929539</td><td>0</td><td>1</td></tr><tr><td>99</td><td>0.242163</td><td>0.757837</td><td>0</td><td>1</td></tr><tr><td>100</td><td>0.926388</td><td>0</td><td>0.0736122</td><td>-1</td></tr><tr><td>101</td><td>0.488197</td><td>0.511114</td><td>0.000688787</td><td>0</td></tr><tr><td>102</td><td>0.766476</td><td>0.233524</td><td>0</td><td>0</td></tr><tr><td>103</td><td>0.0365034</td><td>0.616532</td><td>0.346964</td><td>2</td></tr><tr><td>104</td><td>0.106245</td><td>0.893755</td><td>0</td><td>1</td></tr><tr><td>105</td><td>0.734198</td><td>0.265802</td><td>0</td><td>0</td></tr><tr><td>106</td><td>0.000305257</td><td>0.999695</td><td>1.59141e-76</td><td>1</td></tr><tr><td>107</td><td>0.144495</td><td>0.781858</td><td>0.0736476</td><td>1</td></tr><tr><td>108</td><td>0.0627323</td><td>0.937133</td><td>0.000134877</td><td>0</td></tr><tr><td>109</td><td>0.0426121</td><td>0.957388</td><td>7.01152e-24</td><td>-1</td></tr><tr><td>110</td><td>0.924823</td><td>0.075177</td><td>1.51228e-69</td><td>-1</td></tr><tr><td>111</td><td>0.916271</td><td>0.0837286</td><td>0</td><td>0</td></tr><tr><td>112</td><td>0.822053</td><td>0.177947</td><td>0</td><td>0</td></tr><tr><td>113</td><td>0.607009</td><td>0.392991</td><td>0</td><td>1</td></tr><tr><td>114</td><td>0.00358232</td><td>0.996331</td><td>8.69182e-05</td><td>1</td></tr><tr><td>115</td><td>0.122736</td><td>0.877264</td><td>4.8323e-08</td><td>1</td></tr><tr><td>116</td><td>0.08609</td><td>0.913835</td><td>7.54477e-05</td><td>1</td></tr><tr><td>117</td><td>0.526158</td><td>0.473842</td><td>0</td><td>1</td></tr><tr><td>118</td><td>0.936866</td><td>0.0631335</td><td>0</td><td>-1</td></tr><tr><td>119</td><td>0.196564</td><td>0.803436</td><td>0</td><td>-1</td></tr><tr><td>120</td><td>0.117869</td><td>0.843619</td><td>0.038512</td><td>1</td></tr><tr><td>121</td><td>0.150577</td><td>0.849423</td><td>0</td><td>1</td></tr><tr><td>122</td><td>0.926633</td><td>0.0733665</td><td>0</td><td>0</td></tr><tr><td>123</td><td>0.143123</td><td>0.856877</td><td>0</td><td>1</td></tr><tr><td>124</td><td>0.109021</td><td>0.890979</td><td>0</td><td>1</td></tr><tr><td>125</td><td>0.207505</td><td>0.792495</td><td>8.59796e-10</td><td>1</td></tr><tr><td>126</td><td>0.054752</td><td>0.945248</td><td>0</td><td>1</td></tr><tr><td>127</td><td>0.422024</td><td>0.577976</td><td>0</td><td>1</td></tr><tr><td>128</td><td>0.180081</td><td>0.637976</td><td>0.181943</td><td>1</td></tr><tr><td>129</td><td>0.127233</td><td>0.872767</td><td>0</td><td>1</td></tr><tr><td>130</td><td>0.791508</td><td>0.208492</td><td>0</td><td>0</td></tr><tr><td>131</td><td>0.0158104</td><td>0.98419</td><td>0</td><td>-1</td></tr><tr><td>132</td><td>0.140274</td><td>0.859726</td><td>1.52699e-08</td><td>0</td></tr><tr><td>133</td><td>0.662593</td><td>0.337407</td><td>0</td><td>1</td></tr><tr><td>134</td><td>0.107255</td><td>0.82547</td><td>0.067275</td><td>1</td></tr><tr><td>135</td><td>0.0118967</td><td>0.988103</td><td>0</td><td>1</td></tr><tr><td>136</td><td>0.178977</td><td>0.821023</td><td>0</td><td>1</td></tr><tr><td>137</td><td>0.0660133</td><td>0.588699</td><td>0.345287</td><td>2</td></tr><tr><td>138</td><td>0.308345</td><td>0.691655</td><td>0</td><td>0</td></tr><tr><td>139</td><td>0.124525</td><td>0.875475</td><td>4.20853e-19</td><td>1</td></tr><tr><td>140</td><td>0.0324965</td><td>0.967503</td><td>0</td><td>1</td></tr><tr><td>141</td><td>0.0632089</td><td>0.936791</td><td>0</td><td>1</td></tr><tr><td>142</td><td>0.961518</td><td>0.0384816</td><td>0</td><td>-1</td></tr><tr><td>143</td><td>0.981646</td><td>0</td><td>0.0183543</td><td>0</td></tr><tr><td>144</td><td>0.814265</td><td>0.185735</td><td>0</td><td>0</td></tr><tr><td>145</td><td>0.159058</td><td>0.840942</td><td>0</td><td>-1</td></tr><tr><td>146</td><td>6.28442e-09</td><td>1</td><td>0</td><td>1</td></tr><tr><td>147</td><td>0.156448</td><td>0.843552</td><td>0</td><td>1</td></tr><tr><td>148</td><td>0.371404</td><td>0.628596</td><td>0</td><td>0</td></tr><tr><td>149</td><td>0.0543068</td><td>0.945693</td><td>8.09722e-21</td><td>1</td></tr><tr><td>150</td><td>0.0950111</td><td>0.904989</td><td>0</td><td>1</td></tr><tr><td>151</td><td>0.963371</td><td>0.0366295</td><td>0</td><td>0</td></tr><tr><td>152</td><td>1</td><td>0</td><td>0</td><td>0</td></tr><tr><td>153</td><td>1.99239e-05</td><td>0.99998</td><td>0</td><td>1</td></tr><tr><td>154</td><td>0.60339</td><td>0.39661</td><td>0</td><td>-1</td></tr><tr><td>155</td><td>0.0626544</td><td>0.937346</td><td>0</td><td>-1</td></tr><tr><td>156</td><td>0.862926</td><td>0.137074</td><td>0</td><td>0</td></tr><tr><td>157</td><td>0.277516</td><td>0.665296</td><td>0.0571877</td><td>1</td></tr><tr><td>158</td><td>0.0773123</td><td>0.922688</td><td>0</td><td>1</td></tr><tr><td>159</td><td>0.218285</td><td>0.76651</td><td>0.0152055</td><td>0</td></tr><tr><td>160</td><td>0.13171</td><td>0.858542</td><td>0.00974845</td><td>-1</td></tr><tr><td>161</td><td>0.60634</td><td>0.39366</td><td>0</td><td>0</td></tr><tr><td>162</td><td>0.864168</td><td>0.135832</td><td>0</td><td>0</td></tr><tr><td>163</td><td>0.260609</td><td>0.739391</td><td>0</td><td>-1</td></tr><tr><td>164</td><td>0.8504</td><td>0.1496</td><td>0</td><td>0</td></tr><tr><td>165</td><td>0.0867289</td><td>0.913271</td><td>0</td><td>0</td></tr><tr><td>166</td><td>0.250696</td><td>0.749304</td><td>6.83459e-14</td><td>0</td></tr><tr><td>167</td><td>0.309096</td><td>0.690904</td><td>0</td><td>0</td></tr><tr><td>168</td><td>0.00284639</td><td>0.997154</td><td>0</td><td>1</td></tr><tr><td>169</td><td>0.480221</td><td>0.519779</td><td>0</td><td>0</td></tr><tr><td>170</td><td>0.0716949</td><td>0.857499</td><td>0.0708057</td><td>1</td></tr><tr><td>171</td><td>0.0446302</td><td>0.344912</td><td>0.610458</td><td>2</td></tr><tr><td>172</td><td>0.0994701</td><td>0.90053</td><td>0</td><td>1</td></tr><tr><td>173</td><td>0.153837</td><td>0.846163</td><td>0</td><td>1</td></tr><tr><td>174</td><td>0.434767</td><td>0.56094</td><td>0.00429309</td><td>0</td></tr><tr><td>175</td><td>0.147807</td><td>0.852193</td><td>0</td><td>2</td></tr><tr><td>176</td><td>0.0375343</td><td>0.962466</td><td>0</td><td>1</td></tr><tr><td>177</td><td>0.102346</td><td>0.897654</td><td>0</td><td>1</td></tr><tr><td>178</td><td>1</td><td>0</td><td>0</td><td>0</td></tr><tr><td>179</td><td>0.289179</td><td>0.710821</td><td>0</td><td>-1</td></tr><tr><td>180</td><td>0.971898</td><td>0.0281023</td><td>0</td><td>0</td></tr><tr><td>181</td><td>0.0297572</td><td>0.970243</td><td>0</td><td>1</td></tr><tr><td>182</td><td>0.247118</td><td>0.752882</td><td>0</td><td>-1</td></tr><tr><td>183</td><td>0.106615</td><td>0.842715</td><td>0.05067</td><td>1</td></tr><tr><td>184</td><td>0.0349401</td><td>0.920937</td><td>0.0441229</td><td>1</td></tr><tr><td>185</td><td>0.196379</td><td>0.79951</td><td>0.00411117</td><td>1</td></tr><tr><td>186</td><td>0.160248</td><td>0.774776</td><td>0.0649757</td><td>1</td></tr><tr><td>187</td><td>0.133561</td><td>0.866439</td><td>0</td><td>1</td></tr><tr><td>188</td><td>0.113623</td><td>0.886325</td><td>5.23866e-05</td><td>1</td></tr><tr><td>189</td><td>0.147627</td><td>0.852373</td><td>0</td><td>1</td></tr><tr><td>190</td><td>0.272853</td><td>0.727147</td><td>0</td><td>1</td></tr><tr><td>191</td><td>0.999309</td><td>0.000690943</td><td>0</td><td>-1</td></tr><tr><td>192</td><td>1</td><td>0</td><td>3.48511e-49</td><td>-1</td></tr><tr><td>193</td><td>0.196976</td><td>0.803024</td><td>0</td><td>1</td></tr><tr><td>194</td><td>0.00324616</td><td>0.996754</td><td>0</td><td>1</td></tr><tr><td>195</td><td>0.0653098</td><td>0.93469</td><td>0</td><td>1</td></tr><tr><td>196</td><td>0.0510472</td><td>0.948953</td><td>0</td><td>1</td></tr><tr><td>197</td><td>0.236806</td><td>0.763194</td><td>0</td><td>1</td></tr><tr><td>198</td><td>0.415495</td><td>0.584505</td><td>0</td><td>-1</td></tr><tr><td>199</td><td>0.117922</td><td>0.882078</td><td>0</td><td>1</td></tr><tr><td>200</td><td>0.0944057</td><td>0.866877</td><td>0.0387171</td><td>1</td></tr><tr><td>201</td><td>0.262189</td><td>0.737811</td><td>0</td><td>1</td></tr><tr><td>202</td><td>0.00883859</td><td>0.991161</td><td>0</td><td>1</td></tr><tr><td>203</td><td>0.287781</td><td>0.712219</td><td>0</td><td>1</td></tr><tr><td>204</td><td>0.661494</td><td>0.337502</td><td>0.00100424</td><td>0</td></tr><tr><td>205</td><td>0.5752</td><td>0.4248</td><td>0</td><td>0</td></tr><tr><td>206</td><td>0.217561</td><td>0.782439</td><td>0</td><td>1</td></tr><tr><td>207</td><td>0.16948</td><td>0.808659</td><td>0.0218607</td><td>1</td></tr><tr><td>208</td><td>0.209951</td><td>0.790049</td><td>0</td><td>1</td></tr><tr><td>209</td><td>0.0413443</td><td>0.436847</td><td>0.521809</td><td>2</td></tr><tr><td>210</td><td>0.089345</td><td>0.901355</td><td>0.00929977</td><td>1</td></tr><tr><td>211</td><td>0.159283</td><td>0.840717</td><td>0</td><td>1</td></tr><tr><td>212</td><td>0.0390291</td><td>0.960971</td><td>0</td><td>1</td></tr><tr><td>213</td><td>0.537132</td><td>0.462868</td><td>4.64519e-08</td><td>0</td></tr><tr><td>214</td><td>0.241438</td><td>0.758562</td><td>0</td><td>-1</td></tr><tr><td>215</td><td>0.307019</td><td>0.692981</td><td>0</td><td>1</td></tr><tr><td>216</td><td>0.0487632</td><td>0.951237</td><td>0</td><td>1</td></tr><tr><td>217</td><td>0.0962652</td><td>0.903315</td><td>0.000420155</td><td>-1</td></tr><tr><td>218</td><td>0.378373</td><td>0.621627</td><td>0</td><td>2</td></tr><tr><td>219</td><td>0.166737</td><td>0.833263</td><td>0</td><td>1</td></tr><tr><td>220</td><td>0.000642461</td><td>0.999358</td><td>1.15611e-14</td><td>1</td></tr><tr><td>221</td><td>0.0242951</td><td>0.973882</td><td>0.00182261</td><td>1</td></tr><tr><td>222</td><td>0.238141</td><td>0.761859</td><td>0</td><td>1</td></tr><tr><td>223</td><td>0.0281489</td><td>0.581981</td><td>0.38987</td><td>1</td></tr><tr><td>224</td><td>0.338606</td><td>0.661394</td><td>0</td><td>1</td></tr><tr><td>225</td><td>0.131556</td><td>0.868444</td><td>0</td><td>1</td></tr><tr><td>226</td><td>0.000190802</td><td>0.999809</td><td>0</td><td>1</td></tr><tr><td>227</td><td>0.839856</td><td>0.160144</td><td>6.3726e-18</td><td>0</td></tr><tr><td>228</td><td>0.00752611</td><td>0.992474</td><td>0</td><td>1</td></tr><tr><td>229</td><td>0.150214</td><td>0.778663</td><td>0.0711227</td><td>1</td></tr><tr><td>230</td><td>0.138265</td><td>0.861735</td><td>7.81046e-08</td><td>1</td></tr><tr><td>231</td><td>1</td><td>0</td><td>8.94665e-18</td><td>0</td></tr><tr><td>232</td><td>6.16501e-05</td><td>0.999938</td><td>2.40139e-27</td><td>1</td></tr><tr><td>233</td><td>0.304894</td><td>0.680935</td><td>0.0141709</td><td>0</td></tr><tr><td>234</td><td>0.272352</td><td>0.727648</td><td>0</td><td>2</td></tr><tr><td>235</td><td>0.402502</td><td>0.597498</td><td>0</td><td>1</td></tr><tr><td>236</td><td>0.164094</td><td>0.835906</td><td>0</td><td>1</td></tr><tr><td>237</td><td>0.132774</td><td>0.867226</td><td>0</td><td>1</td></tr><tr><td>238</td><td>0.214017</td><td>0.785983</td><td>2.06778e-14</td><td>-1</td></tr><tr><td>239</td><td>0.248617</td><td>0.727406</td><td>0.0239763</td><td>1</td></tr><tr><td>240</td><td>0.286118</td><td>0.713882</td><td>1.28152e-07</td><td>0</td></tr><tr><td>241</td><td>0.93019</td><td>0.0698101</td><td>0</td><td>-1</td></tr><tr><td>242</td><td>0.0211218</td><td>0.978878</td><td>0</td><td>-1</td></tr><tr><td>243</td><td>0.0630648</td><td>0.936935</td><td>0</td><td>-1</td></tr><tr><td>244</td><td>0.171528</td><td>0.828472</td><td>0</td><td>1</td></tr><tr><td>245</td><td>0.0124083</td><td>0.987592</td><td>1.77757e-17</td><td>1</td></tr><tr><td>246</td><td>0.100675</td><td>0.899325</td><td>0</td><td>0</td></tr><tr><td>247</td><td>0.0266434</td><td>0.947665</td><td>0.0256918</td><td>1</td></tr><tr><td>248</td><td>0.734824</td><td>0.265176</td><td>0</td><td>0</td></tr><tr><td>249</td><td>0.0701985</td><td>0.913693</td><td>0.0161083</td><td>-1</td></tr><tr><td>250</td><td>0.245432</td><td>0.754568</td><td>0</td><td>1</td></tr><tr><td>251</td><td>0.111691</td><td>0.80275</td><td>0.0855589</td><td>1</td></tr><tr><td>252</td><td>0.00210998</td><td>0.99789</td><td>0</td><td>1</td></tr><tr><td>253</td><td>0.0710608</td><td>0.448614</td><td>0.480326</td><td>1</td></tr><tr><td>254</td><td>0.0642863</td><td>0.877529</td><td>0.0581848</td><td>1</td></tr><tr><td>255</td><td>0.167909</td><td>0.380938</td><td>0.451153</td><td>2</td></tr><tr><td>256</td><td>0.228759</td><td>0.771241</td><td>0</td><td>1</td></tr><tr><td>257</td><td>0.102926</td><td>0.897023</td><td>5.07978e-05</td><td>1</td></tr><tr><td>258</td><td>0.00116707</td><td>0.998833</td><td>0</td><td>1</td></tr><tr><td>259</td><td>0.201805</td><td>0.798195</td><td>0</td><td>0</td></tr><tr><td>260</td><td>0.0233111</td><td>0.766141</td><td>0.210548</td><td>1</td></tr><tr><td>261</td><td>0.284821</td><td>0.715179</td><td>0</td><td>1</td></tr><tr><td>262</td><td>0.0044384</td><td>0.995562</td><td>3.62148e-12</td><td>1</td></tr><tr><td>263</td><td>1</td><td>0</td><td>3.97407e-53</td><td>-1</td></tr><tr><td>264</td><td>0.909625</td><td>0.0903752</td><td>0</td><td>0</td></tr><tr><td>265</td><td>0.218513</td><td>0.719907</td><td>0.0615801</td><td>1</td></tr><tr><td>266</td><td>0.0092297</td><td>0.99077</td><td>0</td><td>1</td></tr><tr><td>267</td><td>0.299442</td><td>0.693166</td><td>0.00739166</td><td>1</td></tr><tr><td>268</td><td>0.0597368</td><td>0.940263</td><td>0</td><td>1</td></tr><tr><td>269</td><td>0.467991</td><td>0.532009</td><td>0</td><td>0</td></tr><tr><td>270</td><td>0.418507</td><td>0.581493</td><td>0</td><td>1</td></tr><tr><td>271</td><td>0.0337142</td><td>0.417437</td><td>0.548849</td><td>-1</td></tr><tr><td>272</td><td>0.00634241</td><td>0.993658</td><td>0</td><td>-1</td></tr><tr><td>273</td><td>0.947653</td><td>0.0523471</td><td>0</td><td>0</td></tr><tr><td>274</td><td>0.486302</td><td>0.513698</td><td>0</td><td>1</td></tr><tr><td>275</td><td>0.160913</td><td>0.839087</td><td>0</td><td>1</td></tr><tr><td>276</td><td>0.965125</td><td>0.0348754</td><td>0</td><td>0</td></tr><tr><td>277</td><td>0.0535696</td><td>0.94643</td><td>0</td><td>1</td></tr><tr><td>278</td><td>0.470043</td><td>0.529957</td><td>0</td><td>-1</td></tr><tr><td>279</td><td>0.993711</td><td>0.00628888</td><td>0</td><td>-1</td></tr><tr><td>280</td><td>0.169247</td><td>0.830753</td><td>0</td><td>1</td></tr><tr><td>281</td><td>0.0729969</td><td>0.927003</td><td>0</td><td>1</td></tr><tr><td>282</td><td>0.0181389</td><td>0.981861</td><td>0</td><td>-1</td></tr><tr><td>283</td><td>0.231628</td><td>0.608537</td><td>0.159835</td><td>-1</td></tr><tr><td>284</td><td>0.129282</td><td>0.570422</td><td>0.300297</td><td>1</td></tr><tr><td>285</td><td>0.144263</td><td>0.855147</td><td>0.000589974</td><td>1</td></tr><tr><td>286</td><td>0.323855</td><td>0.676145</td><td>6.91358e-11</td><td>1</td></tr><tr><td>287</td><td>0.291325</td><td>0.708675</td><td>0</td><td>1</td></tr><tr><td>288</td><td>0.0110399</td><td>0.98896</td><td>0</td><td>-1</td></tr><tr><td>289</td><td>0.103101</td><td>0.896899</td><td>0</td><td>1</td></tr><tr><td>290</td><td>0.111254</td><td>0.510672</td><td>0.378074</td><td>2</td></tr><tr><td>291</td><td>0.133295</td><td>0.866705</td><td>0</td><td>1</td></tr><tr><td>292</td><td>0.230395</td><td>0.769605</td><td>0</td><td>1</td></tr><tr><td>293</td><td>0.0017697</td><td>0.99823</td><td>3.99743e-09</td><td>1</td></tr><tr><td>294</td><td>0.252775</td><td>0.747225</td><td>0</td><td>1</td></tr><tr><td>295</td><td>0.536257</td><td>0.463743</td><td>0</td><td>1</td></tr><tr><td>296</td><td>0.124377</td><td>0.863807</td><td>0.0118162</td><td>-1</td></tr><tr><td>297</td><td>0.177792</td><td>0.822208</td><td>0</td><td>1</td></tr><tr><td>298</td><td>0.374639</td><td>0.625361</td><td>0</td><td>1</td></tr><tr><td>299</td><td>0.00110331</td><td>0.998897</td><td>0</td><td>1</td></tr><tr><td>300</td><td>0.1492</td><td>0.8508</td><td>0</td><td>1</td></tr><tr><td>301</td><td>0.299133</td><td>0.700867</td><td>0</td><td>1</td></tr><tr><td>302</td><td>0.244128</td><td>0.710283</td><td>0.0455887</td><td>1</td></tr><tr><td>303</td><td>0.0593105</td><td>0.940689</td><td>0</td><td>1</td></tr><tr><td>304</td><td>0.303507</td><td>0.696493</td><td>0</td><td>0</td></tr><tr><td>305</td><td>0.154323</td><td>0.845677</td><td>0</td><td>0</td></tr><tr><td>306</td><td>0.0338397</td><td>0.96616</td><td>0</td><td>1</td></tr><tr><td>307</td><td>0.0269829</td><td>0.953161</td><td>0.0198562</td><td>1</td></tr><tr><td>308</td><td>0.186609</td><td>0.813391</td><td>0</td><td>0</td></tr><tr><td>309</td><td>0.684982</td><td>0.315018</td><td>0</td><td>0</td></tr><tr><td>310</td><td>0.115071</td><td>0.884929</td><td>0</td><td>1</td></tr><tr><td>311</td><td>0.797634</td><td>0.202366</td><td>0</td><td>0</td></tr><tr><td>312</td><td>0.138524</td><td>0.861476</td><td>0</td><td>1</td></tr><tr><td>313</td><td>0.671444</td><td>0.328556</td><td>0</td><td>0</td></tr><tr><td>314</td><td>0.222654</td><td>0.777346</td><td>0</td><td>1</td></tr><tr><td>315</td><td>0.0408937</td><td>0.959106</td><td>0</td><td>-1</td></tr><tr><td>316</td><td>0.187145</td><td>0.740029</td><td>0.0728264</td><td>1</td></tr><tr><td>317</td><td>1</td><td>0</td><td>0</td><td>0</td></tr><tr><td>318</td><td>0.0121849</td><td>0.365284</td><td>0.622531</td><td>2</td></tr><tr><td>319</td><td>0.22776</td><td>0.77224</td><td>0</td><td>-1</td></tr><tr><td>320</td><td>0.0153331</td><td>0.374064</td><td>0.610603</td><td>2</td></tr><tr><td>321</td><td>0.0213093</td><td>0.978691</td><td>6.80348e-08</td><td>1</td></tr><tr><td>322</td><td>0.232744</td><td>0.767256</td><td>0</td><td>1</td></tr><tr><td>323</td><td>1</td><td>0</td><td>0</td><td>-1</td></tr><tr><td>324</td><td>0.00682901</td><td>0.993171</td><td>0</td><td>1</td></tr><tr><td>325</td><td>0.0068285</td><td>0.993172</td><td>0</td><td>1</td></tr><tr><td>326</td><td>0.0188581</td><td>0.981142</td><td>0</td><td>1</td></tr><tr><td>327</td><td>0.0243709</td><td>0.975629</td><td>0</td><td>-1</td></tr><tr><td>328</td><td>0.446976</td><td>0.553024</td><td>0</td><td>1</td></tr><tr><td>329</td><td>0.963371</td><td>0.0366295</td><td>0</td><td>0</td></tr><tr><td>330</td><td>0.22069</td><td>0.77931</td><td>0</td><td>1</td></tr><tr><td>331</td><td>0.0121279</td><td>0.908433</td><td>0.0794394</td><td>1</td></tr><tr><td>332</td><td>0.420405</td><td>0.579595</td><td>0</td><td>1</td></tr><tr><td>333</td><td>0.531177</td><td>0.468823</td><td>0</td><td>0</td></tr><tr><td>334</td><td>0.0534819</td><td>0.946518</td><td>0</td><td>1</td></tr><tr><td>335</td><td>0.0821553</td><td>0.917845</td><td>0</td><td>1</td></tr><tr><td>336</td><td>0.076221</td><td>0.923779</td><td>0</td><td>1</td></tr><tr><td>337</td><td>0.0976117</td><td>0.7674</td><td>0.134989</td><td>1</td></tr><tr><td>338</td><td>0.320935</td><td>0.679065</td><td>0</td><td>1</td></tr><tr><td>339</td><td>0.232744</td><td>0.767256</td><td>0</td><td>1</td></tr><tr><td>340</td><td>0.556698</td><td>0.443302</td><td>0</td><td>0</td></tr><tr><td>341</td><td>0.143574</td><td>0.856426</td><td>0</td><td>1</td></tr><tr><td>342</td><td>0.886031</td><td>0.113969</td><td>1.16008e-18</td><td>-1</td></tr><tr><td>343</td><td>0.355508</td><td>0.644492</td><td>0</td><td>1</td></tr><tr><td>344</td><td>0.338439</td><td>0.661561</td><td>0</td><td>1</td></tr><tr><td>345</td><td>0.635541</td><td>0.364459</td><td>0</td><td>-1</td></tr><tr><td>346</td><td>0.0695963</td><td>0.887164</td><td>0.0432398</td><td>0</td></tr><tr><td>347</td><td>0.26076</td><td>0.720447</td><td>0.0187932</td><td>1</td></tr><tr><td>348</td><td>0.195848</td><td>0.799995</td><td>0.00415651</td><td>1</td></tr><tr><td>349</td><td>0.192662</td><td>0.748104</td><td>0.0592341</td><td>1</td></tr><tr><td>350</td><td>0.144286</td><td>0.855714</td><td>0</td><td>1</td></tr><tr><td>351</td><td>0.979886</td><td>0.0201136</td><td>0</td><td>0</td></tr><tr><td>352</td><td>0.0410702</td><td>0.8571</td><td>0.10183</td><td>1</td></tr><tr><td>353</td><td>7.45767e-05</td><td>0.999925</td><td>1.83588e-08</td><td>-1</td></tr><tr><td>354</td><td>0.0609845</td><td>0.861229</td><td>0.0777862</td><td>1</td></tr><tr><td>355</td><td>0.193771</td><td>0.76972</td><td>0.0365092</td><td>0</td></tr><tr><td>356</td><td>0.0732695</td><td>0.92667</td><td>6.04276e-05</td><td>1</td></tr><tr><td>357</td><td>0.0710973</td><td>0.928903</td><td>0</td><td>1</td></tr><tr><td>358</td><td>0.428855</td><td>0.571145</td><td>0</td><td>1</td></tr><tr><td>359</td><td>0.372743</td><td>0.627257</td><td>0</td><td>-1</td></tr><tr><td>360</td><td>0.267449</td><td>0.732551</td><td>0</td><td>1</td></tr><tr><td>361</td><td>0.189725</td><td>0.810275</td><td>0</td><td>-1</td></tr><tr><td>362</td><td>0.0334579</td><td>0.966542</td><td>0</td><td>1</td></tr><tr><td>363</td><td>0.0760617</td><td>0.923938</td><td>1.08576e-55</td><td>1</td></tr><tr><td>364</td><td>0.0834487</td><td>0.916551</td><td>0</td><td>1</td></tr><tr><td>365</td><td>0.232022</td><td>0.767978</td><td>1.35748e-22</td><td>0</td></tr><tr><td>366</td><td>0.0501434</td><td>0.949857</td><td>0</td><td>1</td></tr><tr><td>367</td><td>0.225114</td><td>0.774132</td><td>0.000754593</td><td>-1</td></tr><tr><td>368</td><td>0.00985225</td><td>0.990148</td><td>0</td><td>1</td></tr><tr><td>369</td><td>0.00841095</td><td>0.991589</td><td>0</td><td>1</td></tr><tr><td>370</td><td>0.10867</td><td>0.88593</td><td>0.00539947</td><td>1</td></tr><tr><td>371</td><td>0.109971</td><td>0.867146</td><td>0.0228834</td><td>1</td></tr><tr><td>372</td><td>0.133781</td><td>0.866219</td><td>0</td><td>1</td></tr><tr><td>373</td><td>0.219683</td><td>0.780317</td><td>0</td><td>-1</td></tr><tr><td>374</td><td>0.0859748</td><td>0.914025</td><td>0</td><td>-1</td></tr><tr><td>375</td><td>0.00168551</td><td>0.998314</td><td>0</td><td>1</td></tr><tr><td>376</td><td>0.0357846</td><td>0.91586</td><td>0.0483558</td><td>-1</td></tr><tr><td>377</td><td>0.299491</td><td>0.700509</td><td>0</td><td>0</td></tr><tr><td>378</td><td>0.144382</td><td>0.855618</td><td>0</td><td>1</td></tr><tr><td>379</td><td>0.244882</td><td>0.755118</td><td>0</td><td>1</td></tr><tr><td>380</td><td>0.0474476</td><td>0.952552</td><td>0</td><td>1</td></tr><tr><td>381</td><td>0.180146</td><td>0.819854</td><td>0</td><td>1</td></tr><tr><td>382</td><td>0.0701985</td><td>0.913693</td><td>0.0161083</td><td>1</td></tr><tr><td>383</td><td>0.352301</td><td>0.647699</td><td>0</td><td>1</td></tr><tr><td>384</td><td>0.33176</td><td>0.66824</td><td>0</td><td>1</td></tr><tr><td>385</td><td>0.850038</td><td>0.149962</td><td>0</td><td>0</td></tr><tr><td>386</td><td>0.255741</td><td>0.744259</td><td>0</td><td>1</td></tr><tr><td>387</td><td>0.0200493</td><td>0.979951</td><td>0</td><td>1</td></tr><tr><td>388</td><td>0.0489464</td><td>0.951054</td><td>0</td><td>-1</td></tr><tr><td>389</td><td>0.000304249</td><td>0.999696</td><td>0</td><td>1</td></tr><tr><td>390</td><td>0.00417651</td><td>0.995823</td><td>0</td><td>1</td></tr><tr><td>391</td><td>0.117943</td><td>0.882057</td><td>0</td><td>-1</td></tr><tr><td>392</td><td>0.0816762</td><td>0.918324</td><td>1.95853e-08</td><td>1</td></tr><tr><td>393</td><td>0.275971</td><td>0.724029</td><td>0</td><td>1</td></tr><tr><td>394</td><td>0.0828456</td><td>0.244201</td><td>0.672954</td><td>2</td></tr><tr><td>395</td><td>0.479929</td><td>0.520071</td><td>0</td><td>1</td></tr><tr><td>396</td><td>0.210748</td><td>0.789252</td><td>0</td><td>1</td></tr><tr><td>397</td><td>0.246177</td><td>0.753823</td><td>0</td><td>1</td></tr><tr><td>398</td><td>0.0958585</td><td>0.904141</td><td>0</td><td>1</td></tr><tr><td>399</td><td>0.0788227</td><td>0.921177</td><td>0</td><td>1</td></tr><tr><td>400</td><td>0.158312</td><td>0.720171</td><td>0.121518</td><td>1</td></tr><tr><td>401</td><td>0.0886834</td><td>0.738282</td><td>0.173035</td><td>0</td></tr><tr><td>402</td><td>0.153231</td><td>0.822383</td><td>0.0243865</td><td>2</td></tr><tr><td>403</td><td>0.298124</td><td>0.701876</td><td>0</td><td>1</td></tr><tr><td>404</td><td>0.297798</td><td>0.702202</td><td>0</td><td>-1</td></tr><tr><td>405</td><td>0.126211</td><td>0.873789</td><td>0</td><td>1</td></tr><tr><td>406</td><td>0.00792997</td><td>0.99207</td><td>0</td><td>1</td></tr><tr><td>407</td><td>0.0592376</td><td>0.940762</td><td>0</td><td>1</td></tr><tr><td>408</td><td>0.0315936</td><td>0.968406</td><td>0</td><td>1</td></tr><tr><td>409</td><td>0.106892</td><td>0.893105</td><td>2.66808e-06</td><td>1</td></tr><tr><td>410</td><td>0.00892934</td><td>0.991071</td><td>0</td><td>1</td></tr><tr><td>411</td><td>0.197415</td><td>0.802585</td><td>0</td><td>1</td></tr><tr><td>412</td><td>0.373564</td><td>0.626436</td><td>0</td><td>1</td></tr><tr><td>413</td><td>0.191142</td><td>0.781593</td><td>0.027265</td><td>1</td></tr><tr><td>414</td><td>0.360769</td><td>0.639231</td><td>0</td><td>1</td></tr><tr><td>415</td><td>0.00666562</td><td>0.993334</td><td>0</td><td>1</td></tr><tr><td>416</td><td>0.088519</td><td>0.911481</td><td>0</td><td>1</td></tr><tr><td>417</td><td>0.866142</td><td>0.133858</td><td>0</td><td>-1</td></tr><tr><td>418</td><td>0.271482</td><td>0.728518</td><td>0</td><td>0</td></tr><tr><td>419</td><td>0.0828743</td><td>0.917126</td><td>0</td><td>-1</td></tr><tr><td>420</td><td>0.0292735</td><td>0.375905</td><td>0.594822</td><td>2</td></tr><tr><td>421</td><td>1</td><td>0</td><td>0</td><td>0</td></tr><tr><td>422</td><td>0.288916</td><td>0.711084</td><td>0</td><td>-1</td></tr><tr><td>423</td><td>0.968128</td><td>0</td><td>0.0318715</td><td>-1</td></tr><tr><td>424</td><td>0.00440935</td><td>0.995591</td><td>0</td><td>1</td></tr><tr><td>425</td><td>0.021701</td><td>0.65581</td><td>0.322489</td><td>1</td></tr><tr><td>426</td><td>1</td><td>0</td><td>0</td><td>0</td></tr><tr><td>427</td><td>0.0403762</td><td>0.959624</td><td>0</td><td>-1</td></tr><tr><td>428</td><td>0.693615</td><td>0.306385</td><td>0</td><td>1</td></tr><tr><td>429</td><td>0.902638</td><td>0.0973615</td><td>0</td><td>0</td></tr><tr><td>430</td><td>0.319649</td><td>0.680351</td><td>1.29513e-07</td><td>-1</td></tr><tr><td>431</td><td>0.30145</td><td>0.69855</td><td>0</td><td>0</td></tr><tr><td>432</td><td>0.162694</td><td>0.837306</td><td>0</td><td>1</td></tr><tr><td>433</td><td>0.108213</td><td>0.891787</td><td>0</td><td>1</td></tr><tr><td>434</td><td>0.0432776</td><td>0.956722</td><td>0</td><td>1</td></tr><tr><td>435</td><td>0.0604007</td><td>0.939599</td><td>0</td><td>1</td></tr><tr><td>436</td><td>0.303879</td><td>0.696121</td><td>0</td><td>0</td></tr><tr><td>437</td><td>0.081266</td><td>0.905556</td><td>0.0131775</td><td>1</td></tr><tr><td>438</td><td>0.0627185</td><td>0.419392</td><td>0.517889</td><td>1</td></tr><tr><td>439</td><td>0.0129576</td><td>0.987042</td><td>4.80866e-07</td><td>1</td></tr><tr><td>440</td><td>0.0265871</td><td>0.973413</td><td>0</td><td>1</td></tr><tr><td>441</td><td>0.364583</td><td>0.635417</td><td>0</td><td>1</td></tr><tr><td>442</td><td>0.0734055</td><td>0.627404</td><td>0.29919</td><td>1</td></tr><tr><td>443</td><td>0.00440774</td><td>0.995592</td><td>0</td><td>1</td></tr><tr><td>444</td><td>0.0159759</td><td>0.950559</td><td>0.0334649</td><td>1</td></tr><tr><td>445</td><td>0.909768</td><td>0.0902315</td><td>0</td><td>0</td></tr><tr><td>446</td><td>0.185582</td><td>0.814418</td><td>1.46409e-14</td><td>0</td></tr><tr><td>447</td><td>0.0892937</td><td>0.742489</td><td>0.168217</td><td>2</td></tr><tr><td>448</td><td>0.0154511</td><td>0.984549</td><td>0</td><td>1</td></tr><tr><td>449</td><td>1</td><td>0</td><td>0</td><td>0</td></tr><tr><td>450</td><td>0.202128</td><td>0.797872</td><td>0</td><td>1</td></tr><tr><td>451</td><td>0.271945</td><td>0.728055</td><td>0</td><td>-1</td></tr><tr><td>452</td><td>0.0866179</td><td>0.913382</td><td>0</td><td>-1</td></tr><tr><td>453</td><td>0.996761</td><td>0.00323877</td><td>4.98861e-83</td><td>0</td></tr><tr><td>454</td><td>0.321549</td><td>0.655658</td><td>0.0227927</td><td>0</td></tr><tr><td>455</td><td>0.27083</td><td>0.64878</td><td>0.0803894</td><td>1</td></tr><tr><td>456</td><td>0.06585</td><td>0.93415</td><td>6.11449e-21</td><td>1</td></tr><tr><td>457</td><td>0.0246195</td><td>0.36489</td><td>0.610491</td><td>2</td></tr><tr><td>458</td><td>0.509967</td><td>0.490033</td><td>0</td><td>-1</td></tr><tr><td>459</td><td>0.0533318</td><td>0.907678</td><td>0.0389902</td><td>1</td></tr><tr><td>460</td><td>0.00532466</td><td>0.994675</td><td>1.50057e-85</td><td>0</td></tr><tr><td>461</td><td>0.329765</td><td>0.670235</td><td>0</td><td>0</td></tr><tr><td>462</td><td>0.32165</td><td>0.678349</td><td>7.71738e-07</td><td>1</td></tr><tr><td>463</td><td>0.452097</td><td>0.533846</td><td>0.0140568</td><td>1</td></tr><tr><td>464</td><td>0.0324693</td><td>0.967531</td><td>0</td><td>-1</td></tr><tr><td>465</td><td>0.235093</td><td>0.600178</td><td>0.164729</td><td>2</td></tr><tr><td>466</td><td>0.47749</td><td>0.52251</td><td>0</td><td>1</td></tr><tr><td>467</td><td>0.404985</td><td>0.580714</td><td>0.0143016</td><td>0</td></tr><tr><td>468</td><td>0.111484</td><td>0.835235</td><td>0.0532803</td><td>1</td></tr><tr><td>469</td><td>0.999432</td><td>0.000568486</td><td>0</td><td>0</td></tr><tr><td>470</td><td>0.225806</td><td>0.774194</td><td>0</td><td>1</td></tr><tr><td>471</td><td>0.0242345</td><td>0.975765</td><td>0</td><td>1</td></tr><tr><td>472</td><td>0.664345</td><td>0.335655</td><td>0</td><td>0</td></tr><tr><td>473</td><td>0.0138806</td><td>0.986118</td><td>1.40634e-06</td><td>1</td></tr><tr><td>474</td><td>0.420514</td><td>0.579486</td><td>0</td><td>0</td></tr><tr><td>475</td><td>0.246737</td><td>0.753263</td><td>0</td><td>1</td></tr><tr><td>476</td><td>0.412492</td><td>0.587508</td><td>0</td><td>1</td></tr><tr><td>477</td><td>0.124998</td><td>0.875002</td><td>0</td><td>0</td></tr><tr><td>478</td><td>0.0341068</td><td>0.479287</td><td>0.486606</td><td>-1</td></tr><tr><td>479</td><td>0.054857