<!DOCTYPE HTML PUBLIC "-//W3C//DTD HTML 4.01 Transitional//EN">

<html>
<head>
<script src="http://transp-or.epfl.ch/biogeme/sorttable.js"></script>
<meta http-equiv='Content-Type' content='text/html; charset=utf-8' />
<title>Model5_simulation_PT_sales.html - Report from biogeme 2.6a [Mon Apr 24 10:21:29 BST 2017]</title>
<meta name="keywords" content="biogeme, discrete choice, random utility">
<meta name="description" content="Report from biogeme 2.6a [Mon Apr 24 10:21:29 BST 2017]">
<meta name="author" content="Michel Bierlaire">
<style type=text/css>
<!--table
.biostyle
	{font-size:10.0pt;
	font-weight:400;
	font-style:normal;
	font-family:Courier;}
.boundstyle
	{font-size:10.0pt;
	font-weight:400;
	font-style:normal;
	font-family:Courier;
        color:red}
-->
</style>
</head>

<body bgcolor="#ffffff">
<p>biogeme 2.6a [Mon Apr 24 10:21:29 BST 2017]</p>
<p>Home page: <a href='http://biogeme.epfl.ch' target='_blank'>http://biogeme.epfl.ch</a></p>
<p>Submit questions to <a href='https://groups.google.com/d/forum/biogeme' target='_blank'>https://groups.google.com/d/forum/biogeme</a></p>
<p><a href='http://people.epfl.ch/michel.bierlaire'>Michel Bierlaire</a>, <a href='http://transp-or.epfl.ch'>Transport and Mobility Laboratory</a>, <a href='http://www.epfl.ch'>Ecole Polytechnique F&eacute;d&eacute;rale de Lausanne (EPFL)</a></p>
<p>This file has automatically been generated on
Sat Nov 11 16:36:51 2017</p>
<p>If you drag this HTML file into the Calc application of <a href='http://www.openoffice.org/' target='_blank'>OpenOffice</a>, or the spreadsheet of <a href='https://www.libreoffice.org/' target='_blank'>LibreOffice</a>, you will be able to perform additional calculations.</p><table><tr class=biostyle><td align=right><strong>Report file</strong>:	</td><td>Model5_simulation_PT_sales.html</td></tr><tr class=biostyle><td align=right><strong>Sample file</strong>:	</td><td>__bin_data.dat</td></tr></table><h1>Simulation report</h1>

<p>Number of draws for Monte-Carlo: 1000</p>
<p>Type of draws: MLHS</p>
<h2>Aggregate values</h2><table border='1'>
<tr><th></th><th>01 Prob. PT</th><th>02 Prob. PM</th><th>03 Prob. SM</th><th>Choice</th></tr><tr><th>Total</th><td>557.608</td><td>1386.85</td><td>93.5376</td><td>1017</td></tr><tr><th>Average</th><td>0.273605</td><td>0.680498</td><td>0.0458968</td><td>0.499019</td></tr><tr><th>Non zeros</th><td>2038</td><td>1952</td><td>707</td><td>1569</td></tr><tr><th>Non zeros average</th><td>0.273605</td><td>0.710479</td><td>0.132302</td><td>0.648184</td></tr><tr><th>Minimum</th><td>6.58491e-09</td><td>0</td><td>0</td><td>-1</td></tr><tr><th>Maximum</th><td>1</td><td>1</td><td>0.993834</td><td>2</td></tr></table><h2>Detailed records</h2><table border='1'>
<tr><th>Row</th><th>01 Prob. PT</th><th>02 Prob. PM</th><th>03 Prob. SM</th><th>Choice</th></tr><tr><td>1</td><td>1</td><td>0</td><td>0</td><td>0</td></tr><tr><td>2</td><td>0.12748</td><td>0.84494</td><td>0.0275799</td><td>1</td></tr><tr><td>3</td><td>0.204969</td><td>0.795031</td><td>0</td><td>1</td></tr><tr><td>4</td><td>0.0396038</td><td>0.960396</td><td>0</td><td>1</td></tr><tr><td>5</td><td>0.149279</td><td>0.850721</td><td>2.9051e-07</td><td>1</td></tr><tr><td>6</td><td>0.0188578</td><td>0.978765</td><td>0.00237742</td><td>1</td></tr><tr><td>7</td><td>0.149316</td><td>0.850684</td><td>0</td><td>1</td></tr><tr><td>8</td><td>0.923227</td><td>0.0767729</td><td>0</td><td>0</td></tr><tr><td>9</td><td>0.0799445</td><td>0.863962</td><td>0.0560936</td><td>1</td></tr><tr><td>10</td><td>0.0128966</td><td>0.987103</td><td>0</td><td>1</td></tr><tr><td>11</td><td>0.117369</td><td>0.877703</td><td>0.00492826</td><td>-1</td></tr><tr><td>12</td><td>0.0682838</td><td>0.931716</td><td>0</td><td>1</td></tr><tr><td>13</td><td>0.163106</td><td>0.807755</td><td>0.0291392</td><td>1</td></tr><tr><td>14</td><td>0.0731848</td><td>0.870969</td><td>0.0558464</td><td>1</td></tr><tr><td>15</td><td>0.422673</td><td>0.577327</td><td>0</td><td>1</td></tr><tr><td>16</td><td>0.0440691</td><td>0.673616</td><td>0.282315</td><td>2</td></tr><tr><td>17</td><td>0.093144</td><td>0.906856</td><td>0</td><td>0</td></tr><tr><td>18</td><td>0.142952</td><td>0.857048</td><td>0</td><td>1</td></tr><tr><td>19</td><td>0.472117</td><td>0.504357</td><td>0.0235254</td><td>-1</td></tr><tr><td>20</td><td>0.037603</td><td>0.962397</td><td>0</td><td>1</td></tr><tr><td>21</td><td>0.960962</td><td>0.0390376</td><td>2.01734e-49</td><td>0</td></tr><tr><td>22</td><td>0.89545</td><td>0.10455</td><td>3.56154e-14</td><td>0</td></tr><tr><td>23</td><td>0.0932448</td><td>0.906755</td><td>0</td><td>-1</td></tr><tr><td>24</td><td>0.310847</td><td>0.689153</td><td>0</td><td>1</td></tr><tr><td>25</td><td>0.701942</td><td>0.298058</td><td>0</td><td>0</td></tr><tr><td>26</td><td>0.0182333</td><td>0.981767</td><td>0</td><td>-1</td></tr><tr><td>27</td><td>0.72526</td><td>0.27474</td><td>0</td><td>0</td></tr><tr><td>28</td><td>0.0393177</td><td>0.678729</td><td>0.281954</td><td>2</td></tr><tr><td>29</td><td>0.0674394</td><td>0.932561</td><td>8.41401e-14</td><td>-1</td></tr><tr><td>30</td><td>0.581469</td><td>0.418531</td><td>0</td><td>1</td></tr><tr><td>31</td><td>0.0717225</td><td>0.591157</td><td>0.33712</td><td>1</td></tr><tr><td>32</td><td>0.0201005</td><td>0.979899</td><td>0</td><td>1</td></tr><tr><td>33</td><td>0.154787</td><td>0.845213</td><td>0</td><td>0</td></tr><tr><td>34</td><td>0.817735</td><td>0.182265</td><td>0</td><td>1</td></tr><tr><td>35</td><td>0.210483</td><td>0.789517</td><td>0</td><td>-1</td></tr><tr><td>36</td><td>0.448201</td><td>0.551799</td><td>0</td><td>0</td></tr><tr><td>37</td><td>0.626731</td><td>0.373269</td><td>0</td><td>0</td></tr><tr><td>38</td><td>0.27238</td><td>0.696096</td><td>0.0315238</td><td>0</td></tr><tr><td>39</td><td>0.14112</td><td>0.85888</td><td>0</td><td>1</td></tr><tr><td>40</td><td>0.0612782</td><td>0.938722</td><td>0</td><td>-1</td></tr><tr><td>41</td><td>0.419572</td><td>0.580428</td><td>0</td><td>1</td></tr><tr><td>42</td><td>0.160113</td><td>0.839887</td><td>0</td><td>1</td></tr><tr><td>43</td><td>0.0313651</td><td>0.968635</td><td>0</td><td>-1</td></tr><tr><td>44</td><td>0.00281374</td><td>0.997186</td><td>0</td><td>-1</td></tr><tr><td>45</td><td>0.110773</td><td>0.889227</td><td>0</td><td>0</td></tr><tr><td>46</td><td>0.00177756</td><td>0.998222</td><td>0</td><td>1</td></tr><tr><td>47</td><td>1</td><td>0</td><td>0</td><td>0</td></tr><tr><td>48</td><td>0.0196141</td><td>0.980386</td><td>0</td><td>1</td></tr><tr><td>49</td><td>0.0443588</td><td>0.955641</td><td>0</td><td>1</td></tr><tr><td>50</td><td>0.0108911</td><td>0.989109</td><td>0</td><td>1</td></tr><tr><td>51</td><td>0.0892047</td><td>0.910795</td><td>0</td><td>1</td></tr><tr><td>52</td><td>0.975928</td><td>0.0240717</td><td>0</td><td>0</td></tr><tr><td>53</td><td>0.0301948</td><td>0.969805</td><td>0</td><td>1</td></tr><tr><td>54</td><td>1</td><td>0</td><td>0</td><td>0</td></tr><tr><td>55</td><td>0.963234</td><td>0.0367663</td><td>0</td><td>-1</td></tr><tr><td>56</td><td>0.108747</td><td>0.891253</td><td>0</td><td>1</td></tr><tr><td>57</td><td>0.0488644</td><td>0.951136</td><td>0</td><td>2</td></tr><tr><td>58</td><td>0.761341</td><td>0.238659</td><td>0</td><td>-1</td></tr><tr><td>59</td><td>0.0331569</td><td>0.727831</td><td>0.239013</td><td>1</td></tr><tr><td>60</td><td>0.409384</td><td>0.589635</td><td>0.000980809</td><td>1</td></tr><tr><td>61</td><td>0.0562235</td><td>0.912841</td><td>0.0309356</td><td>-1</td></tr><tr><td>62</td><td>0.0159943</td><td>0.37325</td><td>0.610755</td><td>2</td></tr><tr><td>63</td><td>0.0096163</td><td>0.52192</td><td>0.468464</td><td>1</td></tr><tr><td>64</td><td>0.0725501</td><td>0.92745</td><td>0</td><td>1</td></tr><tr><td>65</td><td>0.163767</td><td>0.836233</td><td>0</td><td>1</td></tr><tr><td>66</td><td>0.0369493</td><td>0.72943</td><td>0.23362</td><td>2</td></tr><tr><td>67</td><td>0.00842251</td><td>0.67349</td><td>0.318087</td><td>1</td></tr><tr><td>68</td><td>0.149448</td><td>0.775499</td><td>0.0750534</td><td>2</td></tr><tr><td>69</td><td>0.436265</td><td>0.563735</td><td>0</td><td>1</td></tr><tr><td>70</td><td>0.28943</td><td>0.71057</td><td>0</td><td>1</td></tr><tr><td>71</td><td>0.0780315</td><td>0.921968</td><td>0</td><td>2</td></tr><tr><td>72</td><td>0.273779</td><td>0.726221</td><td>0</td><td>-1</td></tr><tr><td>73</td><td>0.0633693</td><td>0.936631</td><td>0</td><td>1</td></tr><tr><td>74</td><td>0.14769</td><td>0.498837</td><td>0.353473</td><td>2</td></tr><tr><td>75</td><td>0.19136</td><td>0.59631</td><td>0.21233</td><td>1</td></tr><tr><td>76</td><td>0.0800327</td><td>0.919967</td><td>0</td><td>0</td></tr><tr><td>77</td><td>0.00839217</td><td>0.385023</td><td>0.606584</td><td>1</td></tr><tr><td>78</td><td>0.0137064</td><td>0.986294</td><td>0</td><td>1</td></tr><tr><td>79</td><td>0.0853337</td><td>0.856868</td><td>0.0577983</td><td>1</td></tr><tr><td>80</td><td>0.0687316</td><td>0.900778</td><td>0.0304901</td><td>1</td></tr><tr><td>81</td><td>0.0292728</td><td>0.970727</td><td>0</td><td>1</td></tr><tr><td>82</td><td>0.312852</td><td>0.687148</td><td>0</td><td>0</td></tr><tr><td>83</td><td>0.13936</td><td>0.86064</td><td>0</td><td>-1</td></tr><tr><td>84</td><td>0.176181</td><td>0.802132</td><td>0.0216864</td><td>1</td></tr><tr><td>85</td><td>0.0171669</td><td>0.982833</td><td>0</td><td>1</td></tr><tr><td>86</td><td>0.193444</td><td>0.70581</td><td>0.100746</td><td>-1</td></tr><tr><td>87</td><td>0.362373</td><td>0.637627</td><td>0</td><td>1</td></tr><tr><td>88</td><td>0.829151</td><td>0.170849</td><td>1.22652e-11</td><td>0</td></tr><tr><td>89</td><td>0.837083</td><td>0.162917</td><td>0</td><td>0</td></tr><tr><td>90</td><td>0.162349</td><td>0.837651</td><td>0</td><td>1</td></tr><tr><td>91</td><td>0.83781</td><td>0.16219</td><td>0</td><td>0</td></tr><tr><td>92</td><td>0.0243899</td><td>0.97561</td><td>4.74116e-33</td><td>0</td></tr><tr><td>93</td><td>0.00919114</td><td>0.990809</td><td>0</td><td>1</td></tr><tr><td>94</td><td>0.34529</td><td>0.65471</td><td>0</td><td>-1</td></tr><tr><td>95</td><td>0.237068</td><td>0.705805</td><td>0.0571268</td><td>1</td></tr><tr><td>96</td><td>0.0190138</td><td>0.980986</td><td>0</td><td>1</td></tr><tr><td>97</td><td>0.982169</td><td>0.0178306</td><td>0</td><td>0</td></tr><tr><td>98</td><td>0.0743154</td><td>0.925685</td><td>0</td><td>1</td></tr><tr><td>99</td><td>0.245572</td><td>0.754428</td><td>0</td><td>1</td></tr><tr><td>100</td><td>0.927114</td><td>0</td><td>0.0728856</td><td>-1</td></tr><tr><td>101</td><td>0.488197</td><td>0.511114</td><td>0.000688787</td><td>0</td></tr><tr><td>102</td><td>0.771489</td><td>0.228511</td><td>0</td><td>0</td></tr><tr><td>103</td><td>0.0376145</td><td>0.615821</td><td>0.346564</td><td>2</td></tr><tr><td>104</td><td>0.115995</td><td>0.884005</td><td>0</td><td>1</td></tr><tr><td>105</td><td>0.734198</td><td>0.265802</td><td>0</td><td>0</td></tr><tr><td>106</td><td>0.000508181</td><td>0.999492</td><td>1.59109e-76</td><td>1</td></tr><tr><td>107</td><td>0.146308</td><td>0.7802</td><td>0.0734915</td><td>1</td></tr><tr><td>108</td><td>0.0650602</td><td>0.934805</td><td>0.000134542</td><td>0</td></tr><tr><td>109</td><td>0.046117</td><td>0.953883</td><td>6.98586e-24</td><td>-1</td></tr><tr><td>110</td><td>0.924823</td><td>0.075177</td><td>1.51228e-69</td><td>-1</td></tr><tr><td>111</td><td>0.916271</td><td>0.0837286</td><td>0</td><td>0</td></tr><tr><td>112</td><td>0.822053</td><td>0.177947</td><td>0</td><td>0</td></tr><tr><td>113</td><td>0.641568</td><td>0.358432</td><td>0</td><td>1</td></tr><tr><td>114</td><td>0.0036809</td><td>0.996232</td><td>8.69096e-05</td><td>1</td></tr><tr><td>115</td><td>0.13004</td><td>0.86996</td><td>4.79206e-08</td><td>1</td></tr><tr><td>116</td><td>0.0877893</td><td>0.912135</td><td>7.53074e-05</td><td>1</td></tr><tr><td>117</td><td>0.531007</td><td>0.468993</td><td>0</td><td>1</td></tr><tr><td>118</td><td>0.95516</td><td>0.0448398</td><td>0</td><td>-1</td></tr><tr><td>119</td><td>0.206745</td><td>0.793255</td><td>0</td><td>-1</td></tr><tr><td>120</td><td>0.118987</td><td>0.84255</td><td>0.0384633</td><td>1</td></tr><tr><td>121</td><td>0.16857</td><td>0.83143</td><td>0</td><td>1</td></tr><tr><td>122</td><td>0.926633</td><td>0.0733665</td><td>0</td><td>0</td></tr><tr><td>123</td><td>0.145405</td><td>0.854595</td><td>0</td><td>1</td></tr><tr><td>124</td><td>0.12115</td><td>0.87885</td><td>0</td><td>1</td></tr><tr><td>125</td><td>0.22464</td><td>0.77536</td><td>8.41207e-10</td><td>1</td></tr><tr><td>126</td><td>0.0599569</td><td>0.940043</td><td>0</td><td>1</td></tr><tr><td>127</td><td>0.428088</td><td>0.571912</td><td>0</td><td>1</td></tr><tr><td>128</td><td>0.181667</td><td>0.636743</td><td>0.181591</td><td>1</td></tr><tr><td>129</td><td>0.132455</td><td>0.867545</td><td>0</td><td>1</td></tr><tr><td>130</td><td>0.791508</td><td>0.208492</td><td>0</td><td>0</td></tr><tr><td>131</td><td>0.0180072</td><td>0.981993</td><td>0</td><td>-1</td></tr><tr><td>132</td><td>0.140274</td><td>0.859726</td><td>1.52699e-08</td><td>0</td></tr><tr><td>133</td><td>0.664981</td><td>0.335019</td><td>0</td><td>1</td></tr><tr><td>134</td><td>0.108284</td><td>0.824519</td><td>0.0671974</td><td>1</td></tr><tr><td>135</td><td>0.0130966</td><td>0.986903</td><td>0</td><td>1</td></tr><tr><td>136</td><td>0.181783</td><td>0.818217</td><td>0</td><td>1</td></tr><tr><td>137</td><td>0.0666763</td><td>0.588281</td><td>0.345042</td><td>2</td></tr><tr><td>138</td><td>0.313767</td><td>0.686233</td><td>0</td><td>0</td></tr><tr><td>139</td><td>0.142276</td><td>0.857724</td><td>4.1232e-19</td><td>1</td></tr><tr><td>140</td><td>0.034871</td><td>0.965129</td><td>0</td><td>1</td></tr><tr><td>141</td><td>0.0654341</td><td>0.934566</td><td>0</td><td>1</td></tr><tr><td>142</td><td>0.961518</td><td>0.0384816</td><td>0</td><td>-1</td></tr><tr><td>143</td><td>0.981916</td><td>0</td><td>0.0180845</td><td>0</td></tr><tr><td>144</td><td>0.814265</td><td>0.185735</td><td>0</td><td>0</td></tr><tr><td>145</td><td>0.179422</td><td>0.820578</td><td>0</td><td>-1</td></tr><tr><td>146</td><td>6.58491e-09</td><td>1</td><td>0</td><td>1</td></tr><tr><td>147</td><td>0.158708</td><td>0.841292</td><td>0</td><td>1</td></tr><tr><td>148</td><td>0.377787</td><td>0.622213</td><td>0</td><td>0</td></tr><tr><td>149</td><td>0.060404</td><td>0.939596</td><td>8.04501e-21</td><td>1</td></tr><tr><td>150</td><td>0.0981523</td><td>0.901848</td><td>0</td><td>1</td></tr><tr><td>151</td><td>0.963371</td><td>0.0366295</td><td>0</td><td>0</td></tr><tr><td>152</td><td>1</td><td>0</td><td>0</td><td>0</td></tr><tr><td>153</td><td>2.93185e-05</td><td>0.999971</td><td>0</td><td>1</td></tr><tr><td>154</td><td>0.60339</td><td>0.39661</td><td>0</td><td>-1</td></tr><tr><td>155</td><td>0.0663526</td><td>0.933647</td><td>0</td><td>-1</td></tr><tr><td>156</td><td>0.862926</td><td>0.137074</td><td>0</td><td>0</td></tr><tr><td>157</td><td>0.281238</td><td>0.661869</td><td>0.0568931</td><td>1</td></tr><tr><td>158</td><td>0.0780793</td><td>0.921921</td><td>0</td><td>1</td></tr><tr><td>159</td><td>0.220116</td><td>0.764714</td><td>0.0151699</td><td>0</td></tr><tr><td>160</td><td>0.133951</td><td>0.856325</td><td>0.00972329</td><td>-1</td></tr><tr><td>161</td><td>0.60634</td><td>0.39366</td><td>0</td><td>0</td></tr><tr><td>162</td><td>0.864168</td><td>0.135832</td><td>0</td><td>0</td></tr><tr><td>163</td><td>0.260609</td><td>0.739391</td><td>0</td><td>-1</td></tr><tr><td>164</td><td>0.8504</td><td>0.1496</td><td>0</td><td>0</td></tr><tr><td>165</td><td>0.0949615</td><td>0.905039</td><td>0</td><td>0</td></tr><tr><td>166</td><td>0.259945</td><td>0.740055</td><td>6.75022e-14</td><td>0</td></tr><tr><td>167</td><td>0.313059</td><td>0.686941</td><td>0</td><td>0</td></tr><tr><td>168</td><td>0.00423598</td><td>0.995764</td><td>0</td><td>1</td></tr><tr><td>169</td><td>0.490551</td><td>0.509449</td><td>0</td><td>0</td></tr><tr><td>170</td><td>0.0743289</td><td>0.855066</td><td>0.0706048</td><td>1</td></tr><tr><td>171</td><td>0.0452147</td><td>0.344701</td><td>0.610085</td><td>2</td></tr><tr><td>172</td><td>0.100829</td><td>0.899171</td><td>0</td><td>1</td></tr><tr><td>173</td><td>0.156259</td><td>0.843741</td><td>0</td><td>1</td></tr><tr><td>174</td><td>0.437399</td><td>0.558327</td><td>0.0042731</td><td>0</td></tr><tr><td>175</td><td>0.160619</td><td>0.839381</td><td>0</td><td>2</td></tr><tr><td>176</td><td>0.0392585</td><td>0.960741</td><td>0</td><td>1</td></tr><tr><td>177</td><td>0.110869</td><td>0.889131</td><td>0</td><td>1</td></tr><tr><td>178</td><td>1</td><td>0</td><td>0</td><td>0</td></tr><tr><td>179</td><td>0.305233</td><td>0.694767</td><td>0</td><td>-1</td></tr><tr><td>180</td><td>0.971898</td><td>0.0281023</td><td>0</td><td>0</td></tr><tr><td>181</td><td>0.0310185</td><td>0.968982</td><td>0</td><td>1</td></tr><tr><td>182</td><td>0.250574</td><td>0.749426</td><td>0</td><td>-1</td></tr><tr><td>183</td><td>0.108013</td><td>0.841396</td><td>0.0505907</td><td>1</td></tr><tr><td>184</td><td>0.0354688</td><td>0.920432</td><td>0.0440988</td><td>1</td></tr><tr><td>185</td><td>0.20228</td><td>0.793639</td><td>0.00408098</td><td>1</td></tr><tr><td>186</td><td>0.162884</td><td>0.772344</td><td>0.0647717</td><td>1</td></tr><tr><td>187</td><td>0.159744</td><td>0.840256</td><td>0</td><td>1</td></tr><tr><td>188</td><td>0.115151</td><td>0.884797</td><td>5.22963e-05</td><td>1</td></tr><tr><td>189</td><td>0.14935</td><td>0.85065</td><td>0</td><td>1</td></tr><tr><td>190</td><td>0.284094</td><td>0.715906</td><td>0</td><td>1</td></tr><tr><td>191</td><td>0.999309</td><td>0.000690943</td><td>0</td><td>-1</td></tr><tr><td>192</td><td>1</td><td>0</td><td>2.90954e-49</td><td>-1</td></tr><tr><td>193</td><td>0.201948</td><td>0.798052</td><td>0</td><td>1</td></tr><tr><td>194</td><td>0.00340084</td><td>0.996599</td><td>0</td><td>1</td></tr><tr><td>195</td><td>0.0704165</td><td>0.929584</td><td>0</td><td>1</td></tr><tr><td>196</td><td>0.0530636</td><td>0.946936</td><td>0</td><td>1</td></tr><tr><td>197</td><td>0.247882</td><td>0.752118</td><td>0</td><td>1</td></tr><tr><td>198</td><td>0.422601</td><td>0.577399</td><td>0</td><td>-1</td></tr><tr><td>199</td><td>0.121408</td><td>0.878592</td><td>0</td><td>1</td></tr><tr><td>200</td><td>0.0954927</td><td>0.865837</td><td>0.0386706</td><td>1</td></tr><tr><td>201</td><td>0.265022</td><td>0.734978</td><td>0</td><td>1</td></tr><tr><td>202</td><td>0.00909802</td><td>0.990902</td><td>0</td><td>1</td></tr><tr><td>203</td><td>0.293095</td><td>0.706905</td><td>0</td><td>1</td></tr><tr><td>204</td><td>0.667999</td><td>0.331016</td><td>0.000984939</td><td>0</td></tr><tr><td>205</td><td>0.5752</td><td>0.4248</td><td>0</td><td>0</td></tr><tr><td>206</td><td>0.220725</td><td>0.779275</td><td>0</td><td>1</td></tr><tr><td>207</td><td>0.170992</td><td>0.807187</td><td>0.0218209</td><td>1</td></tr><tr><td>208</td><td>0.218966</td><td>0.781034</td><td>0</td><td>1</td></tr><tr><td>209</td><td>0.0418486</td><td>0.436617</td><td>0.521535</td><td>2</td></tr><tr><td>210</td><td>0.0910619</td><td>0.899656</td><td>0.00928224</td><td>1</td></tr><tr><td>211</td><td>0.164297</td><td>0.835703</td><td>0</td><td>1</td></tr><tr><td>212</td><td>0.0408191</td><td>0.959181</td><td>0</td><td>1</td></tr><tr><td>213</td><td>0.542933</td><td>0.457067</td><td>4.58698e-08</td><td>0</td></tr><tr><td>214</td><td>0.244841</td><td>0.755159</td><td>0</td><td>-1</td></tr><tr><td>215</td><td>0.327672</td><td>0.672328</td><td>0</td><td>1</td></tr><tr><td>216</td><td>0.0515438</td><td>0.948456</td><td>0</td><td>1</td></tr><tr><td>217</td><td>0.100143</td><td>0.899439</td><td>0.000418352</td><td>-1</td></tr><tr><td>218</td><td>0.385032</td><td>0.614968</td><td>0</td><td>2</td></tr><tr><td>219</td><td>0.174866</td><td>0.825134</td><td>0</td><td>1</td></tr><tr><td>220</td><td>0.000784183</td><td>0.999216</td><td>1.15595e-14</td><td>1</td></tr><tr><td>221</td><td>0.0246669</td><td>0.973511</td><td>0.00182191</td><td>1</td></tr><tr><td>222</td><td>0.242851</td><td>0.757149</td><td>0</td><td>1</td></tr><tr><td>223</td><td>0.0281489</td><td>0.581981</td><td>0.38987</td><td>1</td></tr><tr><td>224</td><td>0.344075</td><td>0.655925</td><td>0</td><td>1</td></tr><tr><td>225</td><td>0.138603</td><td>0.861397</td><td>0</td><td>1</td></tr><tr><td>226</td><td>0.000301408</td><td>0.999699</td><td>0</td><td>1</td></tr><tr><td>227</td><td>0.839856</td><td>0.160144</td><td>6.3726e-18</td><td>0</td></tr><tr><td>228</td><td>0.00986947</td><td>0.990131</td><td>0</td><td>1</td></tr><tr><td>229</td><td>0.151586</td><td>0.777406</td><td>0.0710079</td><td>1</td></tr><tr><td>230</td><td>0.152145</td><td>0.847855</td><td>7.68465e-08</td><td>1</td></tr><tr><td>231</td><td>1</td><td>0</td><td>8.41876e-18</td><td>0</td></tr><tr><td>232</td><td>7.93192e-05</td><td>0.999921</td><td>2.40135e-27</td><td>1</td></tr><tr><td>233</td><td>0.315092</td><td>0.670945</td><td>0.013963</td><td>0</td></tr><tr><td>234</td><td>0.279741</td><td>0.720259</td><td>0</td><td>2</td></tr><tr><td>235</td><td>0.402502</td><td>0.597498</td><td>0</td><td>1</td></tr><tr><td>236</td><td>0.166645</td><td>0.833355</td><td>0</td><td>1</td></tr><tr><td>237</td><td>0.13686</td><td>0.86314</td><td>0</td><td>1</td></tr><tr><td>238</td><td>0.214017</td><td>0.785983</td><td>2.06778e-14</td><td>-1</td></tr><tr><td>239</td><td>0.252087</td><td>0.724047</td><td>0.0238655</td><td>1</td></tr><tr><td>240</td><td>0.292923</td><td>0.707077</td><td>1.2693e-07</td><td>0</td></tr><tr><td>241</td><td>0.93019</td><td>0.0698101</td><td>0</td><td>-1</td></tr><tr><td>242</td><td>0.0237662</td><td>0.976234</td><td>0</td><td>-1</td></tr><tr><td>243</td><td>0.0652852</td><td>0.934715</td><td>0</td><td>-1</td></tr><tr><td>244</td><td>0.174172</td><td>0.825828</td><td>0</td><td>1</td></tr><tr><td>245</td><td>0.0141595</td><td>0.98584</td><td>1.77441e-17</td><td>1</td></tr><tr><td>246</td><td>0.102362</td><td>0.897638</td><td>0</td><td>0</td></tr><tr><td>247</td><td>0.028067</td><td>0.946279</td><td>0.0256542</td><td>1</td></tr><tr><td>248</td><td>0.744935</td><td>0.255065</td><td>0</td><td>0</td></tr><tr><td>249</td><td>0.0709004</td><td>0.913004</td><td>0.0160961</td><td>-1</td></tr><tr><td>250</td><td>0.249418</td><td>0.750582</td><td>0</td><td>1</td></tr><tr><td>251</td><td>0.113539</td><td>0.80108</td><td>0.085381</td><td>1</td></tr><tr><td>252</td><td>0.00256213</td><td>0.997438</td><td>0</td><td>1</td></tr><tr><td>253</td><td>0.0717706</td><td>0.448271</td><td>0.479959</td><td>1</td></tr><tr><td>254</td><td>0.0649332</td><td>0.876922</td><td>0.0581445</td><td>1</td></tr><tr><td>255</td><td>0.16941</td><td>0.380251</td><td>0.450339</td><td>2</td></tr><tr><td>256</td><td>0.233601</td><td>0.766399</td><td>0</td><td>1</td></tr><tr><td>257</td><td>0.105745</td><td>0.894205</td><td>5.06381e-05</td><td>1</td></tr><tr><td>258</td><td>0.00173826</td><td>0.998262</td><td>0</td><td>1</td></tr><tr><td>259</td><td>0.204482</td><td>0.795518</td><td>0</td><td>0</td></tr><tr><td>260</td><td>0.023556</td><td>0.765949</td><td>0.210495</td><td>1</td></tr><tr><td>261</td><td>0.288602</td><td>0.711398</td><td>0</td><td>1</td></tr><tr><td>262</td><td>0.00504854</td><td>0.994951</td><td>3.61927e-12</td><td>1</td></tr><tr><td>263</td><td>1</td><td>0</td><td>3.20822e-53</td><td>-1</td></tr><tr><td>264</td><td>0.909625</td><td>0.0903752</td><td>0</td><td>0</td></tr><tr><td>265</td><td>0.221687</td><td>0.716983</td><td>0.06133</td><td>1</td></tr><tr><td>266</td><td>0.0104814</td><td>0.989519</td><td>0</td><td>1</td></tr><tr><td>267</td><td>0.301693</td><td>0.69094</td><td>0.00736792</td><td>1</td></tr><tr><td>268</td><td>0.0637956</td><td>0.936204</td><td>0</td><td>1</td></tr><tr><td>269</td><td>0.481821</td><td>0.518179</td><td>0</td><td>0</td></tr><tr><td>270</td><td>0.421114</td><td>0.578886</td><td>0</td><td>1</td></tr><tr><td>271</td><td>0.0340646</td><td>0.417285</td><td>0.54865</td><td>-1</td></tr><tr><td>272</td><td>0.0066823</td><td>0.993318</td><td>0</td><td>-1</td></tr><tr><td>273</td><td>0.947653</td><td>0.0523471</td><td>0</td><td>0</td></tr><tr><td>274</td><td>0.491408</td><td>0.508592</td><td>0</td><td>1</td></tr><tr><td>275</td><td>0.169706</td><td>0.830294</td><td>0</td><td>1</td></tr><tr><td>276</td><td>0.965125</td><td>0.0348754</td><td>0</td><td>0</td></tr><tr><td>277</td><td>0.0563487</td><td>0.943651</td><td>0</td><td>1</td></tr><tr><td>278</td><td>0.477867</td><td>0.522133</td><td>0</td><td>-1</td></tr><tr><td>279</td><td>0.993778</td><td>0.00622235</td><td>0</td><td>-1</td></tr><tr><td>280</td><td>0.171793</td><td>0.828207</td><td>0</td><td>1</td></tr><tr><td>281</td><td>0.0838835</td><td>0.916116</td><td>0</td><td>1</td></tr><tr><td>282</td><td>0.0219086</td><td>0.978091</td><td>0</td><td>-1</td></tr><tr><td>283</td><td>0.231628</td><td>0.608537</td><td>0.159835</td><td>-1</td></tr><tr><td>284</td><td>0.131377</td><td>0.569049</td><td>0.299574</td><td>1</td></tr><tr><td>285</td><td>0.14766</td><td>0.851753</td><td>0.000587632</td><td>1</td></tr><tr><td>286</td><td>0.334816</td><td>0.665184</td><td>6.80151e-11</td><td>1</td></tr><tr><td>287</td><td>0.316321</td><td>0.683679</td><td>0</td><td>1</td></tr><tr><td>288</td><td>0.0134831</td><td>0.986517</td><td>0</td><td>-1</td></tr><tr><td>289</td><td>0.104186</td><td>0.895814</td><td>0</td><td>1</td></tr><tr><td>290</td><td>0.113388</td><td>0.509446</td><td>0.377166</td><td>2</td></tr><tr><td>291</td><td>0.140655</td><td>0.859345</td><td>0</td><td>1</td></tr><tr><td>292</td><td>0.237016</td><td>0.762984</td><td>0</td><td>1</td></tr><tr><td>293</td><td>0.00218273</td><td>0.997817</td><td>3.99577e-09</td><td>1</td></tr><tr><td>294</td><td>0.259823</td><td>0.740177</td><td>0</td><td>1</td></tr><tr><td>295</td><td>0.54381</td><td>0.45619</td><td>0</td><td>1</td></tr><tr><td>296</td><td>0.125547</td><td>0.862653</td><td>0.0118004</td><td>-1</td></tr><tr><td>297</td><td>0.183262</td><td>0.816738</td><td>0</td><td>1</td></tr><tr><td>298</td><td>0.38024</td><td>0.61976</td><td>0</td><td>1</td></tr><tr><td>299</td><td>0.001156</td><td>0.998844</td><td>0</td><td>1</td></tr><tr><td>300</td><td>0.151563</td><td>0.848437</td><td>0</td><td>1</td></tr><tr><td>301</td><td>0.310056</td><td>0.689944</td><td>0</td><td>1</td></tr><tr><td>302</td><td>0.246108</td><td>0.708422</td><td>0.0454693</td><td>1</td></tr><tr><td>303</td><td>0.0612394</td><td>0.938761</td><td>0</td><td>1</td></tr><tr><td>304</td><td>0.31347</td><td>0.68653</td><td>0</td><td>0</td></tr><tr><td>305</td><td>0.166371</td><td>0.833629</td><td>0</td><td>0</td></tr><tr><td>306</td><td>0.0358182</td><td>0.964182</td><td>0</td><td>1</td></tr><tr><td>307</td><td>0.0272654</td><td>0.952884</td><td>0.0198504</td><td>1</td></tr><tr><td>308</td><td>0.201361</td><td>0.798639</td><td>0</td><td>0</td></tr><tr><td>309</td><td>0.684982</td><td>0.315018</td><td>0</td><td>0</td></tr><tr><td>310</td><td>0.122504</td><td>0.877496</td><td>0</td><td>1</td></tr><tr><td>311</td><td>0.797634</td><td>0.202366</td><td>0</td><td>0</td></tr><tr><td>312</td><td>0.140158</td><td>0.859842</td><td>0</td><td>1</td></tr><tr><td>313</td><td>0.679337</td><td>0.320663</td><td>0</td><td>0</td></tr><tr><td>314</td><td>0.226722</td><td>0.773278</td><td>0</td><td>1</td></tr><tr><td>315</td><td>0.0441815</td><td>0.955819</td><td>0</td><td>-1</td></tr><tr><td>316</td><td>0.189674</td><td>0.737726</td><td>0.0725998</td><td>1</td></tr><tr><td>317</td><td>1</td><td>0</td><td>0</td><td>0</td></tr><tr><td>318</td><td>0.0123144</td><td>0.365236</td><td>0.622449</td><td>2</td></tr><tr><td>319</td><td>0.239741</td><td>0.760259</td><td>0</td><td>-1</td></tr><tr><td>320</td><td>0.0154956</td><td>0.374002</td><td>0.610502</td><td>2</td></tr><tr><td>321</td><td>0.0229729</td><td>0.977027</td><td>6.79192e-08</td><td>1</td></tr><tr><td>322</td><td>0.235974</td><td>0.764026</td><td>0</td><td>1</td></tr><tr><td>323</td><td>1</td><td>0</td><td>0</td><td>-1</td></tr><tr><td>324</td><td>0.00725761</td><td>0.992742</td><td>0</td><td>1</td></tr><tr><td>325</td><td>0.0073701</td><td>0.99263</td><td>0</td><td>1</td></tr><tr><td>326</td><td>0.0212454</td><td>0.978755</td><td>0</td><td>1</td></tr><tr><td>327</td><td>0.0269475</td><td>0.973052</td><td>0</td><td>-1</td></tr><tr><td>328</td><td>0.451551</td><td>0.548449</td><td>0</td><td>1</td></tr><tr><td>329</td><td>0.963371</td><td>0.0366295</td><td>0</td><td>0</td></tr><tr><td>330</td><td>0.254857</td><td>0.745143</td><td>0</td><td>1</td></tr><tr><td>331</td><td>0.0122804</td><td>0.908292</td><td>0.0794271</td><td>1</td></tr><tr><td>332</td><td>0.429798</td><td>0.570202</td><td>0</td><td>1</td></tr><tr><td>333</td><td>0.621655</td><td>0.378345</td><td>0</td><td>0</td></tr><tr><td>334</td><td>0.0544756</td><td>0.945524</td><td>0</td><td>1</td></tr><tr><td>335</td><td>0.0883761</td><td>0.911624</td><td>0</td><td>1</td></tr><tr><td>336</td><td>0.0783021</td><td>0.921698</td><td>0</td><td>1</td></tr><tr><td>337</td><td>0.0985586</td><td>0.766594</td><td>0.134847</td><td>1</td></tr><tr><td>338</td><td>0.323272</td><td>0.676728</td><td>0</td><td>1</td></tr><tr><td>339</td><td>0.239235</td><td>0.760765</td><td>0</td><td>1</td></tr><tr><td>340</td><td>0.556698</td><td>0.443302</td><td>0</td><td>0</td></tr><tr><td>341</td><td>0.15053</td><td>0.84947</td><td>0</td><td>1</td></tr><tr><td>342</td><td>0.886031</td><td>0.113969</td><td>1.16008e-18</td><td>-1</td></tr><tr><td>343</td><td>0.359755</td><td>0.640245</td><td>0</td><td>1</td></tr><tr><td>344</td><td>0.347649</td><td>0.652351</td><td>0</td><td>1</td></tr><tr><td>345</td><td>0.635541</td><td>0.364459</td><td>0</td><td>-1</td></tr><tr><td>346</td><td>0.0702926</td><td>0.8865</td><td>0.0432074</td><td>0</td></tr><tr><td>347</td><td>0.268906</td><td>0.712508</td><td>0.0185861</td><td>1</td></tr><tr><td>348</td><td>0.201737</td><td>0.794137</td><td>0.00412607</td><td>1</td></tr><tr><td>349</td><td>0.194332</td><td>0.746556</td><td>0.0591116</td><td>1</td></tr><tr><td>350</td><td>0.154674</td><td>0.845326</td><td>0</td><td>1</td></tr><tr><td>351</td><td>0.979886</td><td>0.0201136</td><td>0</td><td>0</td></tr><tr><td>352</td><td>0.0419216</td><td>0.856339</td><td>0.101739</td><td>1</td></tr><tr><td>353</td><td>0.000101028</td><td>0.999899</td><td>1.83584e-08</td><td>-1</td></tr><tr><td>354</td><td>0.0619387</td><td>0.860354</td><td>0.0777071</td><td>1</td></tr><tr><td>355</td><td>0.196675</td><td>0.766947</td><td>0.0363776</td><td>0</td></tr><tr><td>356</td><td>0.0769875</td><td>0.922952</td><td>6.01852e-05</td><td>1</td></tr><tr><td>357</td><td>0.0791348</td><td>0.920865</td><td>0</td><td>1</td></tr><tr><td>358</td><td>0.432434</td><td>0.567566</td><td>0</td><td>1</td></tr><tr><td>359</td><td>0.378791</td><td>0.621209</td><td>0</td><td>-1</td></tr><tr><td>360</td><td>0.277088</td><td>0.722912</td><td>0</td><td>1</td></tr><tr><td>361</td><td>0.193873</td><td>0.806127</td><td>0</td><td>-1</td></tr><tr><td>362</td><td>0.0352987</td><td>0.964701</td><td>0</td><td>1</td></tr><tr><td>363</td><td>0.0922528</td><td>0.907747</td><td>1.06673e-55</td><td>1</td></tr><tr><td>364</td><td>0.0929891</td><td>0.907011</td><td>0</td><td>1</td></tr><tr><td>365</td><td>0.260723</td><td>0.739277</td><td>1.30674e-22</td><td>0</td></tr><tr><td>366</td><td>0.0514096</td><td>0.94859</td><td>0</td><td>1</td></tr><tr><td>367</td><td>0.231629</td><td>0.767623</td><td>0.000748248</td><td>-1</td></tr><tr><td>368</td><td>0.013123</td><td>0.986877</td><td>0</td><td>1</td></tr><tr><td>369</td><td>0.0147521</td><td>0.985248</td><td>0</td><td>1</td></tr><tr><td>370</td><td>0.116744</td><td>0.877906</td><td>0.00535057</td><td>1</td></tr><tr><td>371</td><td>0.111023</td><td>0.866121</td><td>0.0228564</td><td>1</td></tr><tr><td>372</td><td>0.13651</td><td>0.86349</td><td>0</td><td>1</td></tr><tr><td>373</td><td>0.288913</td><td>0.711087</td><td>0</td><td>-1</td></tr><tr><td>374</td><td>0.0859748</td><td>0.914025</td><td>0</td><td>-1</td></tr><tr><td>375</td><td>0.00194042</td><td>0.99806</td><td>0</td><td>1</td></tr><tr><td>376</td><td>0.0361557</td><td>0.915507</td><td>0.0483372</td><td>-1</td></tr><tr><td>377</td><td>0.305238</td><td>0.694762</td><td>0</td><td>0</td></tr><tr><td>378</td><td>0.14778</td><td>0.85222</td><td>0</td><td>1</td></tr><tr><td>379</td><td>0.248317</td><td>0.751683</td><td>0</td><td>1</td></tr><tr><td>380</td><td>0.0493293</td><td>0.950671</td><td>0</td><td>1</td></tr><tr><td>381</td><td>0.18908</td><td>0.81092</td><td>0</td><td>1</td></tr><tr><td>382</td><td>0.0709004</td><td>0.913004</td><td>0.0160961</td><td>1</td></tr><tr><td>383</td><td>0.360784</td><td>0.639216</td><td>0</td><td>1</td></tr><tr><td>384</td><td>0.33176</td><td>0.66824</td><td>0</td><td>1</td></tr><tr><td>385</td><td>0.888833</td><td>0.111167</td><td>0</td><td>0</td></tr><tr><td>386</td><td>0.260961</td><td>0.739039</td><td>0</td><td>1</td></tr><tr><td>387</td><td>0.0226269</td><td>0.977373</td><td>0</td><td>1</td></tr><tr><td>388</td><td>0.0503233</td><td>0.949677</td><td>0</td><td>-1</td></tr><tr><td>389</td><td>0.000453345</td><td>0.999547</td><td>0</td><td>1</td></tr><tr><td>390</td><td>0.00500584</td><td>0.994994</td><td>0</td><td>1</td></tr><tr><td>391</td><td>0.124631</td><td>0.875369</td><td>0</td><td>-1</td></tr><tr><td>392</td><td>0.0878642</td><td>0.912136</td><td>1.94533e-08</td><td>1</td></tr><tr><td>393</td><td>0.288387</td><td>0.711613</td><td>0</td><td>1</td></tr><tr><td>394</td><td>0.0844868</td><td>0.243764</td><td>0.67175</td><td>2</td></tr><tr><td>395</td><td>0.48333</td><td>0.51667</td><td>0</td><td>1</td></tr><tr><td>396</td><td>0.213839</td><td>0.786161</td><td>0</td><td>1</td></tr><tr><td>397</td><td>0.248351</td><td>0.751649</td><td>0</td><td>1</td></tr><tr><td>398</td><td>0.0979018</td><td>0.902098</td><td>0</td><td>1</td></tr><tr><td>399</td><td>0.0842122</td><td>0.915788</td><td>0</td><td>1</td></tr><tr><td>400</td><td>0.160791</td><td>0.718049</td><td>0.12116</td><td>1</td></tr><tr><td>401</td><td>0.0898701</td><td>0.737321</td><td>0.172809</td><td>0</td></tr><tr><td>402</td><td>0.154625</td><td>0.821029</td><td>0.0243463</td><td>2</td></tr><tr><td>403</td><td>0.298124</td><td>0.701876</td><td>0</td><td>1</td></tr><tr><td>404</td><td>0.300041</td><td>0.699959</td><td>0</td><td>-1</td></tr><tr><td>405</td><td>0.136418</td><td>0.863582</td><td>0</td><td>1</td></tr><tr><td>406</td><td>0.00837844</td><td>0.991622</td><td>0</td><td>1</td></tr><tr><td>407</td><td>0.0638438</td><td>0.936156</td><td>0</td><td>1</td></tr><tr><td>408</td><td>0.0332727</td><td>0.966727</td><td>0</td><td>1</td></tr><tr><td>409</td><td>0.112304</td><td>0.887693</td><td>2.65192e-06</td><td>1</td></tr><tr><td>410</td><td>0.0111548</td><td>0.988845</td><td>0</td><td>1</td></tr><tr><td>411</td><td>0.21004</td><td>0.78996</td><td>0</td><td>1</td></tr><tr><td>412</td><td>0.398932</td><td>0.601068</td><td>0</td><td>1</td></tr><tr><td>413</td><td>0.194931</td><td>0.777932</td><td>0.0271373</td><td>1</td></tr><tr><td>414</td><td>0.365043</td><td>0.634957</td><td>0</td><td>1</td></tr><tr><td>415</td><td>0.00693504</td><td>0.993065</td><td>0</td><td>1</td></tr><tr><td>416</td><td>0.0906217</td><td>0.909378</td><td>0</td><td>1</td></tr><tr><td>417</td><td>0.866142</td><td>0.133858</td><td>0</td><td>-1</td></tr><tr><td>418</td><td>0.27632</td><td>0.72368</td><td>0</td><td>0</td></tr><tr><td>419</td><td>0.0853099</td><td>0.91469</td><td>0</td><td>-1</td></tr><tr><td>420</td><td>0.0301714</td><td>0.375557</td><td>0.594272</td><td>2</td></tr><tr><td>421</td><td>1</td><td>0</td><td>0</td><td>0</td></tr><tr><td>422</td><td>0.292729</td><td>0.707271</td><td>0</td><td>-1</td></tr><tr><td>423</td><td>0.968457</td><td>0</td><td>0.0315429</td><td>-1</td></tr><tr><td>424</td><td>0.00642516</td><td>0.993575</td><td>0</td><td>1</td></tr><tr><td>425</td><td>0.0219294</td><td>0.655657</td><td>0.322413</td><td>1</td></tr><tr><td>426</td><td>1</td><td>0</td><td>0</td><td>0</td></tr><tr><td>427</td><td>0.0425016</td><td>0.957498</td><td>0</td><td>-1</td></tr><tr><td>428</td><td>0.698965</td><td>0.301035</td><td>0</td><td>1</td></tr><tr><td>429</td><td>0.902638</td><td>0.0973615</td><td>0</td><td>0</td></tr><tr><td>430</td><td>0.330106</td><td>0.669894</td><td>1.27522e-07</td><td>-1</td></tr><tr><td>431</td><td>0.308463</td><td>0.691537</td><td>0</td><td>0</td></tr><tr><td>432</td><td>0.169637</td><td>0.830363</td><td>0</td><td>1</td></tr><tr><td>433</td><td>0.11001</td><td>0.88999</td><td>0</td><td>1</td></tr><tr><td>434</td><td>0.0438451</td><td>0.956155</td><td>0</td><td>1</td></tr><tr><td>435</td><td>0.0619656</td><td>0.938034</td><td>0</td><td>1</td></tr><tr><td>436</td><td>0.309361</td><td>0.690639</td><td>0</td><td>0</td></tr><tr><td>437</td><td>0.0822889</td><td>0.904548</td><td>0.0131629</td><td>1</td></tr><tr><td>438</td><td>0.0633507</td><td>0.41911</td><td>0.51754</td><td>1</td></tr><tr><td>439</td><td>0.0148919</td><td>0.985108</td><td>4.79923e-07</td><td>1</td></tr><tr><td>440</td><td>0.0288817</td><td>0.971118</td><td>0</td><td>1</td></tr><tr><td>441</td><td>0.368198</td><td>0.631802</td><td>0</td><td>1</td></tr><tr><td>442</td><td>0.0741369</td><td>0.626909</td><td>0.298954</td><td>1</td></tr><tr><td>443</td><td>0.00451142</td><td>0.995489</td><td>0</td><td>1</td></tr><tr><td>444</td><td>0.0163785</td><td>0.95017</td><td>0.0334512</td><td>1</td></tr><tr><td>445</td><td>0.909768</td><td>0.0902315</td><td>0</td><td>0</td></tr><tr><td>446</td><td>0.205465</td><td>0.794535</td><td>1.42835e-14</td><td>0</td></tr><tr><td>447</td><td>0.0892937</td><td>0.742489</td><td>0.168217</td><td>2</td></tr><tr><td>448</td><td>0.0163023</td><td>0.983698</td><td>0</td><td>1</td></tr><tr><td>449</td><td>1</td><td>0</td><td>0</td><td>0</td></tr><tr><td>450</td><td>0.210411</td><td>0.789589</td><td>0</td><td>1</td></tr><tr><td>451</td><td>0.275621</td><td>0.724379</td><td>0</td><td>-1</td></tr><tr><td>452</td><td>0.0884834</td><td>0.911517</td><td>0</td><td>-1</td></tr><tr><td>453</td><td>0.996761</td><td>0.00323877</td><td>4.98861e-83</td><td>0</td></tr><tr><td>454</td><td>0.324742</td><td>0.652573</td><td>0.0226854</td><td>0</td></tr><tr><td>455</td><td>0.274691</td><td>0.645346</td><td>0.0799638</td><td>1</td></tr><tr><td>456</td><td>0.0788813</td><td>0.921119</td><td>6.0292e-21</td><td>1</td></tr><tr><td>457</td><td>0.0248779</td><td>0.364793</td><td>0.610329</td><td>2</td></tr><tr><td>458</td><td>0.578522</td><td>0.421478</td><td>0</td><td>-1</td></tr><tr><td>459</td><td>0.0539741</td><td>0.907062</td><td>0.0389638</td><td>1</td></tr><tr><td>460</td><td>0.00885186</td><td>0.991148</td><td>1.49525e-85</td><td>0</td></tr><tr><td>461</td><td>0.34017</td><td>0.65983</td><td>0</td><td>0</td></tr><tr><td>462</td><td>0.330847</td><td>0.669153</td><td>7.61275e-07</td><td>1</td></tr><tr><td>463</td><td>0.455715</td><td>0.530321</td><td>0.0139639</td><td>1</td></tr><tr><td>464</td><td>0.0345323</td><td>0.965468</td><td>0</td><td>-1</td></tr><tr><td>465</td><td>0.237023</td><td>0.598664</td><td>0.164313</td><td>2</td></tr><tr><td>466</td><td>0.484535</td><td>0.515465</td><td>0</td><td>1</td></tr><tr><td>467</td><td>0.41251</td><td>0.57337</td><td>0.0141207</td><td>0</td></tr><tr><td>468</td><td>0.113525</td><td>0.833317</td><td>0.053158</td><td>1</td></tr><tr><td>469</td><td>0.999432</td><td>0.000568486</td><td>0</td><td>0</td></tr><tr><td>470</td><td>0.237936</td><td>0.762064</td><td>0</td><td>1</td></tr><tr><td>471</td><td>0.0255328</td><td>0.974467</td><td>0</td><td>1</td></tr><tr><td>472</td><td>0.668455</td><td>0.331545</td><td>0</td><td>0</td></tr><tr><td>473</td><td>0.0186587</td><td>0.98134</td><td>1.39952e-06</td><td>1</td></tr><tr><td>474</td><td>0.425026</td><td>0.574974</td><td>0</td><td>0</td></tr><tr><td>475</td><td>0.277773</td><td>0.722227</td><td>0</td><td>1</td></tr><tr><td>476</td><td>0.415088</td><td>0.584912</td><td>0</td><td>1</td></tr><tr><td>477</td><td>0.128226</td><td>0.871774</td><td>0</td><td>0</td></tr><tr><td>478</td><td>0.0344612</td><td>0.479111</td><td>0.486427</td><td>-1</td></tr><tr><td>479</td><td>0.0584979</td><td>0.941502</td><td>0</td