<!DOCTYPE HTML PUBLIC "-//W3C//DTD HTML 4.01 Transitional//EN">

<html>
<head>
<script src="http://transp-or.epfl.ch/biogeme/sorttable.js"></script>
<meta http-equiv='Content-Type' content='text/html; charset=utf-8' />
<title>Model5_simulation_cost_increase.html - Report from biogeme 2.6a [Mon Apr 24 10:21:29 BST 2017]</title>
<meta name="keywords" content="biogeme, discrete choice, random utility">
<meta name="description" content="Report from biogeme 2.6a [Mon Apr 24 10:21:29 BST 2017]">
<meta name="author" content="Michel Bierlaire">
<style type=text/css>
<!--table
.biostyle
	{font-size:10.0pt;
	font-weight:400;
	font-style:normal;
	font-family:Courier;}
.boundstyle
	{font-size:10.0pt;
	font-weight:400;
	font-style:normal;
	font-family:Courier;
        color:red}
-->
</style>
</head>

<body bgcolor="#ffffff">
<p>biogeme 2.6a [Mon Apr 24 10:21:29 BST 2017]</p>
<p>Home page: <a href='http://biogeme.epfl.ch' target='_blank'>http://biogeme.epfl.ch</a></p>
<p>Submit questions to <a href='https://groups.google.com/d/forum/biogeme' target='_blank'>https://groups.google.com/d/forum/biogeme</a></p>
<p><a href='http://people.epfl.ch/michel.bierlaire'>Michel Bierlaire</a>, <a href='http://transp-or.epfl.ch'>Transport and Mobility Laboratory</a>, <a href='http://www.epfl.ch'>Ecole Polytechnique F&eacute;d&eacute;rale de Lausanne (EPFL)</a></p>
<p>This file has automatically been generated on
Sat Nov 11 15:23:58 2017</p>
<p>If you drag this HTML file into the Calc application of <a href='http://www.openoffice.org/' target='_blank'>OpenOffice</a>, or the spreadsheet of <a href='https://www.libreoffice.org/' target='_blank'>LibreOffice</a>, you will be able to perform additional calculations.</p><table><tr class=biostyle><td align=right><strong>Report file</strong>:	</td><td>Model5_simulation_cost_increase.html</td></tr><tr class=biostyle><td align=right><strong>Sample file</strong>:	</td><td>__bin_data.dat</td></tr></table><h1>Simulation report</h1>

<p>Number of draws for Monte-Carlo: 1000</p>
<p>Type of draws: MLHS</p>
<h2>Aggregate values</h2><table border='1'>
<tr><th></th><th>01 Prob. PT</th><th>02 Prob. PM</th><th>03 Prob. SM</th><th>Choice</th></tr><tr><th>Total</th><td>584.177</td><td>1360.44</td><td>93.3834</td><td>1017</td></tr><tr><th>Average</th><td>0.286643</td><td>0.667536</td><td>0.0458211</td><td>0.499019</td></tr><tr><th>Non zeros</th><td>2038</td><td>1952</td><td>707</td><td>1569</td></tr><tr><th>Non zeros average</th><td>0.286643</td><td>0.696946</td><td>0.132084</td><td>0.648184</td></tr><tr><th>Minimum</th><td>7.41564e-09</td><td>0</td><td>0</td><td>-1</td></tr><tr><th>Maximum</th><td>1</td><td>1</td><td>0.985876</td><td>2</td></tr></table><h2>Detailed records</h2><table border='1'>
<tr><th>Row</th><th>01 Prob. PT</th><th>02 Prob. PM</th><th>03 Prob. SM</th><th>Choice</th></tr><tr><td>1</td><td>1</td><td>0</td><td>0</td><td>0</td></tr><tr><td>2</td><td>0.140701</td><td>0.832055</td><td>0.0272441</td><td>1</td></tr><tr><td>3</td><td>0.219835</td><td>0.780165</td><td>0</td><td>1</td></tr><tr><td>4</td><td>0.0518176</td><td>0.948182</td><td>0</td><td>1</td></tr><tr><td>5</td><td>0.158897</td><td>0.841103</td><td>2.91123e-07</td><td>1</td></tr><tr><td>6</td><td>0.0195074</td><td>0.978104</td><td>0.00238856</td><td>1</td></tr><tr><td>7</td><td>0.156287</td><td>0.843713</td><td>0</td><td>1</td></tr><tr><td>8</td><td>0.924636</td><td>0.0753642</td><td>0</td><td>0</td></tr><tr><td>9</td><td>0.0822629</td><td>0.861677</td><td>0.0560598</td><td>1</td></tr><tr><td>10</td><td>0.0160825</td><td>0.983917</td><td>0</td><td>1</td></tr><tr><td>11</td><td>0.119992</td><td>0.875076</td><td>0.00493171</td><td>-1</td></tr><tr><td>12</td><td>0.0778537</td><td>0.922146</td><td>0</td><td>1</td></tr><tr><td>13</td><td>0.166563</td><td>0.80431</td><td>0.0291267</td><td>1</td></tr><tr><td>14</td><td>0.0761034</td><td>0.86804</td><td>0.0558566</td><td>1</td></tr><tr><td>15</td><td>0.480004</td><td>0.519996</td><td>0</td><td>1</td></tr><tr><td>16</td><td>0.0450416</td><td>0.672524</td><td>0.282434</td><td>2</td></tr><tr><td>17</td><td>0.101926</td><td>0.898074</td><td>0</td><td>0</td></tr><tr><td>18</td><td>0.152996</td><td>0.847004</td><td>0</td><td>1</td></tr><tr><td>19</td><td>0.478279</td><td>0.498393</td><td>0.0233277</td><td>-1</td></tr><tr><td>20</td><td>0.038663</td><td>0.961337</td><td>0</td><td>1</td></tr><tr><td>21</td><td>0.963938</td><td>0.0360623</td><td>2.02359e-49</td><td>0</td></tr><tr><td>22</td><td>0.897719</td><td>0.102281</td><td>3.57057e-14</td><td>0</td></tr><tr><td>23</td><td>0.102666</td><td>0.897334</td><td>0</td><td>-1</td></tr><tr><td>24</td><td>0.319902</td><td>0.680098</td><td>0</td><td>1</td></tr><tr><td>25</td><td>0.764327</td><td>0.235673</td><td>0</td><td>0</td></tr><tr><td>26</td><td>0.0232114</td><td>0.976789</td><td>0</td><td>-1</td></tr><tr><td>27</td><td>0.779034</td><td>0.220966</td><td>0</td><td>0</td></tr><tr><td>28</td><td>0.040494</td><td>0.677472</td><td>0.282034</td><td>2</td></tr><tr><td>29</td><td>0.0895598</td><td>0.91044</td><td>8.44296e-14</td><td>-1</td></tr><tr><td>30</td><td>0.66651</td><td>0.33349</td><td>0</td><td>1</td></tr><tr><td>31</td><td>0.0737116</td><td>0.589786</td><td>0.336502</td><td>1</td></tr><tr><td>32</td><td>0.0284752</td><td>0.971525</td><td>0</td><td>1</td></tr><tr><td>33</td><td>0.162746</td><td>0.837254</td><td>0</td><td>0</td></tr><tr><td>34</td><td>0.835202</td><td>0.164798</td><td>0</td><td>1</td></tr><tr><td>35</td><td>0.238401</td><td>0.761599</td><td>0</td><td>-1</td></tr><tr><td>36</td><td>0.457496</td><td>0.542504</td><td>0</td><td>0</td></tr><tr><td>37</td><td>0.629072</td><td>0.370928</td><td>0</td><td>0</td></tr><tr><td>38</td><td>0.277277</td><td>0.691312</td><td>0.0314109</td><td>0</td></tr><tr><td>39</td><td>0.204855</td><td>0.795145</td><td>0</td><td>1</td></tr><tr><td>40</td><td>0.0705628</td><td>0.929437</td><td>0</td><td>-1</td></tr><tr><td>41</td><td>0.420923</td><td>0.579077</td><td>0</td><td>1</td></tr><tr><td>42</td><td>0.171426</td><td>0.828574</td><td>0</td><td>1</td></tr><tr><td>43</td><td>0.0372734</td><td>0.962727</td><td>0</td><td>-1</td></tr><tr><td>44</td><td>0.00302274</td><td>0.996977</td><td>0</td><td>-1</td></tr><tr><td>45</td><td>0.116481</td><td>0.883519</td><td>0</td><td>0</td></tr><tr><td>46</td><td>0.00218817</td><td>0.997812</td><td>0</td><td>1</td></tr><tr><td>47</td><td>1</td><td>0</td><td>0</td><td>0</td></tr><tr><td>48</td><td>0.0216896</td><td>0.97831</td><td>0</td><td>1</td></tr><tr><td>49</td><td>0.0846635</td><td>0.915336</td><td>0</td><td>1</td></tr><tr><td>50</td><td>0.0152041</td><td>0.984796</td><td>0</td><td>1</td></tr><tr><td>51</td><td>0.0942958</td><td>0.905704</td><td>0</td><td>1</td></tr><tr><td>52</td><td>0.977807</td><td>0.0221927</td><td>0</td><td>0</td></tr><tr><td>53</td><td>0.0316511</td><td>0.968349</td><td>0</td><td>1</td></tr><tr><td>54</td><td>1</td><td>0</td><td>0</td><td>0</td></tr><tr><td>55</td><td>0.965715</td><td>0.0342851</td><td>0</td><td>-1</td></tr><tr><td>56</td><td>0.123891</td><td>0.876109</td><td>0</td><td>1</td></tr><tr><td>57</td><td>0.0505488</td><td>0.949451</td><td>0</td><td>2</td></tr><tr><td>58</td><td>0.770895</td><td>0.229105</td><td>0</td><td>-1</td></tr><tr><td>59</td><td>0.055203</td><td>0.710875</td><td>0.233922</td><td>1</td></tr><tr><td>60</td><td>0.424198</td><td>0.574839</td><td>0.000962404</td><td>1</td></tr><tr><td>61</td><td>0.0584248</td><td>0.910595</td><td>0.0309799</td><td>-1</td></tr><tr><td>62</td><td>0.0159995</td><td>0.373045</td><td>0.610955</td><td>2</td></tr><tr><td>63</td><td>0.00991317</td><td>0.521055</td><td>0.469032</td><td>1</td></tr><tr><td>64</td><td>0.0835286</td><td>0.916471</td><td>0</td><td>1</td></tr><tr><td>65</td><td>0.172288</td><td>0.827712</td><td>0</td><td>1</td></tr><tr><td>66</td><td>0.0380386</td><td>0.728373</td><td>0.233588</td><td>2</td></tr><tr><td>67</td><td>0.00842969</td><td>0.673212</td><td>0.318358</td><td>1</td></tr><tr><td>68</td><td>0.154696</td><td>0.770436</td><td>0.0748688</td><td>2</td></tr><tr><td>69</td><td>0.450975</td><td>0.549025</td><td>0</td><td>1</td></tr><tr><td>70</td><td>0.302096</td><td>0.697904</td><td>0</td><td>1</td></tr><tr><td>71</td><td>0.0824617</td><td>0.917538</td><td>0</td><td>2</td></tr><tr><td>72</td><td>0.30461</td><td>0.69539</td><td>0</td><td>-1</td></tr><tr><td>73</td><td>0.079098</td><td>0.920902</td><td>0</td><td>1</td></tr><tr><td>74</td><td>0.150474</td><td>0.497017</td><td>0.352509</td><td>2</td></tr><tr><td>75</td><td>0.194908</td><td>0.593405</td><td>0.211686</td><td>1</td></tr><tr><td>76</td><td>0.101224</td><td>0.898776</td><td>0</td><td>0</td></tr><tr><td>77</td><td>0.00857333</td><td>0.384873</td><td>0.606554</td><td>1</td></tr><tr><td>78</td><td>0.0213611</td><td>0.978639</td><td>0</td><td>1</td></tr><tr><td>79</td><td>0.0872624</td><td>0.854885</td><td>0.0578528</td><td>1</td></tr><tr><td>80</td><td>0.0738952</td><td>0.895661</td><td>0.030444</td><td>1</td></tr><tr><td>81</td><td>0.0407375</td><td>0.959262</td><td>0</td><td>1</td></tr><tr><td>82</td><td>0.329997</td><td>0.670003</td><td>0</td><td>0</td></tr><tr><td>83</td><td>0.167022</td><td>0.832978</td><td>0</td><td>-1</td></tr><tr><td>84</td><td>0.182438</td><td>0.795962</td><td>0.0215993</td><td>1</td></tr><tr><td>85</td><td>0.0200163</td><td>0.979984</td><td>0</td><td>1</td></tr><tr><td>86</td><td>0.203404</td><td>0.696865</td><td>0.0997313</td><td>-1</td></tr><tr><td>87</td><td>0.391071</td><td>0.608929</td><td>0</td><td>1</td></tr><tr><td>88</td><td>0.829323</td><td>0.170677</td><td>1.22678e-11</td><td>0</td></tr><tr><td>89</td><td>0.840738</td><td>0.159262</td><td>0</td><td>0</td></tr><tr><td>90</td><td>0.169314</td><td>0.830686</td><td>0</td><td>1</td></tr><tr><td>91</td><td>0.840431</td><td>0.159569</td><td>0</td><td>0</td></tr><tr><td>92</td><td>0.0420758</td><td>0.957924</td><td>4.96013e-33</td><td>0</td></tr><tr><td>93</td><td>0.013729</td><td>0.986271</td><td>0</td><td>1</td></tr><tr><td>94</td><td>0.361374</td><td>0.638626</td><td>0</td><td>-1</td></tr><tr><td>95</td><td>0.241473</td><td>0.701572</td><td>0.0569557</td><td>1</td></tr><tr><td>96</td><td>0.0212882</td><td>0.978712</td><td>0</td><td>1</td></tr><tr><td>97</td><td>0.98279</td><td>0.0172101</td><td>0</td><td>0</td></tr><tr><td>98</td><td>0.0838692</td><td>0.916131</td><td>0</td><td>1</td></tr><tr><td>99</td><td>0.255381</td><td>0.744619</td><td>0</td><td>1</td></tr><tr><td>100</td><td>0.928548</td><td>0</td><td>0.0714522</td><td>-1</td></tr><tr><td>101</td><td>0.489812</td><td>0.509497</td><td>0.000691065</td><td>0</td></tr><tr><td>102</td><td>0.783811</td><td>0.216189</td><td>0</td><td>0</td></tr><tr><td>103</td><td>0.0399755</td><td>0.613944</td><td>0.34608</td><td>2</td></tr><tr><td>104</td><td>0.139474</td><td>0.860526</td><td>0</td><td>1</td></tr><tr><td>105</td><td>0.735668</td><td>0.264332</td><td>0</td><td>0</td></tr><tr><td>106</td><td>0.00160266</td><td>0.998397</td><td>1.80982e-76</td><td>1</td></tr><tr><td>107</td><td>0.150389</td><td>0.776242</td><td>0.0733681</td><td>1</td></tr><tr><td>108</td><td>0.07047</td><td>0.929395</td><td>0.000134815</td><td>0</td></tr><tr><td>109</td><td>0.056049</td><td>0.943951</td><td>7.1959e-24</td><td>-1</td></tr><tr><td>110</td><td>0.932568</td><td>0.0674324</td><td>1.52494e-69</td><td>-1</td></tr><tr><td>111</td><td>0.919141</td><td>0.0808592</td><td>0</td><td>0</td></tr><tr><td>112</td><td>0.823754</td><td>0.176246</td><td>0</td><td>0</td></tr><tr><td>113</td><td>0.72404</td><td>0.27596</td><td>0</td><td>1</td></tr><tr><td>114</td><td>0.00391232</td><td>0.996</td><td>8.74747e-05</td><td>1</td></tr><tr><td>115</td><td>0.147493</td><td>0.852507</td><td>4.76149e-08</td><td>1</td></tr><tr><td>116</td><td>0.0921544</td><td>0.90777</td><td>7.57387e-05</td><td>1</td></tr><tr><td>117</td><td>0.54291</td><td>0.45709</td><td>0</td><td>1</td></tr><tr><td>118</td><td>0.982044</td><td>0.0179557</td><td>0</td><td>-1</td></tr><tr><td>119</td><td>0.235206</td><td>0.764794</td><td>0</td><td>-1</td></tr><tr><td>120</td><td>0.121626</td><td>0.83989</td><td>0.0384839</td><td>1</td></tr><tr><td>121</td><td>0.214274</td><td>0.785726</td><td>0</td><td>1</td></tr><tr><td>122</td><td>0.931384</td><td>0.068616</td><td>0</td><td>0</td></tr><tr><td>123</td><td>0.150782</td><td>0.849218</td><td>0</td><td>1</td></tr><tr><td>124</td><td>0.15128</td><td>0.84872</td><td>0</td><td>1</td></tr><tr><td>125</td><td>0.265532</td><td>0.734468</td><td>8.12145e-10</td><td>1</td></tr><tr><td>126</td><td>0.0723677</td><td>0.927632</td><td>0</td><td>1</td></tr><tr><td>127</td><td>0.446498</td><td>0.553502</td><td>0</td><td>1</td></tr><tr><td>128</td><td>0.185065</td><td>0.633866</td><td>0.181069</td><td>1</td></tr><tr><td>129</td><td>0.148476</td><td>0.851524</td><td>0</td><td>1</td></tr><tr><td>130</td><td>0.792782</td><td>0.207218</td><td>0</td><td>0</td></tr><tr><td>131</td><td>0.0239425</td><td>0.976058</td><td>0</td><td>-1</td></tr><tr><td>132</td><td>0.142228</td><td>0.857772</td><td>1.54826e-08</td><td>0</td></tr><tr><td>133</td><td>0.68397</td><td>0.31603</td><td>0</td><td>1</td></tr><tr><td>134</td><td>0.110532</td><td>0.822328</td><td>0.0671396</td><td>1</td></tr><tr><td>135</td><td>0.016062</td><td>0.983938</td><td>0</td><td>1</td></tr><tr><td>136</td><td>0.188431</td><td>0.811569</td><td>0</td><td>1</td></tr><tr><td>137</td><td>0.0680521</td><td>0.587245</td><td>0.344703</td><td>2</td></tr><tr><td>138</td><td>0.326965</td><td>0.673035</td><td>0</td><td>0</td></tr><tr><td>139</td><td>0.189305</td><td>0.810695</td><td>4.0339e-19</td><td>1</td></tr><tr><td>140</td><td>0.0408417</td><td>0.959158</td><td>0</td><td>1</td></tr><tr><td>141</td><td>0.0713</td><td>0.9287</td><td>0</td><td>1</td></tr><tr><td>142</td><td>0.964069</td><td>0.035931</td><td>0</td><td>-1</td></tr><tr><td>143</td><td>0.982443</td><td>0</td><td>0.0175565</td><td>0</td></tr><tr><td>144</td><td>0.81931</td><td>0.18069</td><td>0</td><td>0</td></tr><tr><td>145</td><td>0.238175</td><td>0.761825</td><td>0</td><td>-1</td></tr><tr><td>146</td><td>7.41564e-09</td><td>1</td><td>0</td><td>1</td></tr><tr><td>147</td><td>0.164101</td><td>0.835899</td><td>0</td><td>1</td></tr><tr><td>148</td><td>0.393694</td><td>0.606306</td><td>0</td><td>0</td></tr><tr><td>149</td><td>0.0771812</td><td>0.922819</td><td>8.20219e-21</td><td>1</td></tr><tr><td>150</td><td>0.105303</td><td>0.894697</td><td>0</td><td>1</td></tr><tr><td>151</td><td>0.966324</td><td>0.0336757</td><td>0</td><td>0</td></tr><tr><td>152</td><td>1</td><td>0</td><td>0</td><td>0</td></tr><tr><td>153</td><td>6.74322e-05</td><td>0.999933</td><td>0</td><td>1</td></tr><tr><td>154</td><td>0.62035</td><td>0.37965</td><td>0</td><td>-1</td></tr><tr><td>155</td><td>0.0753681</td><td>0.924632</td><td>0</td><td>-1</td></tr><tr><td>156</td><td>0.86385</td><td>0.13615</td><td>0</td><td>0</td></tr><tr><td>157</td><td>0.289426</td><td>0.65415</td><td>0.0564241</td><td>1</td></tr><tr><td>158</td><td>0.0804619</td><td>0.919538</td><td>0</td><td>1</td></tr><tr><td>159</td><td>0.224369</td><td>0.760495</td><td>0.0151354</td><td>0</td></tr><tr><td>160</td><td>0.138917</td><td>0.851385</td><td>0.00969875</td><td>-1</td></tr><tr><td>161</td><td>0.610015</td><td>0.389985</td><td>0</td><td>0</td></tr><tr><td>162</td><td>0.868706</td><td>0.131294</td><td>0</td><td>0</td></tr><tr><td>163</td><td>0.263054</td><td>0.736946</td><td>0</td><td>-1</td></tr><tr><td>164</td><td>0.855807</td><td>0.144193</td><td>0</td><td>0</td></tr><tr><td>165</td><td>0.116918</td><td>0.883082</td><td>0</td><td>0</td></tr><tr><td>166</td><td>0.284018</td><td>0.715982</td><td>6.69147e-14</td><td>0</td></tr><tr><td>167</td><td>0.322658</td><td>0.677342</td><td>0</td><td>0</td></tr><tr><td>168</td><td>0.00945358</td><td>0.990546</td><td>0</td><td>1</td></tr><tr><td>169</td><td>0.518832</td><td>0.481168</td><td>0</td><td>0</td></tr><tr><td>170</td><td>0.0800574</td><td>0.849592</td><td>0.0703509</td><td>1</td></tr><tr><td>171</td><td>0.0464165</td><td>0.344117</td><td>0.609467</td><td>2</td></tr><tr><td>172</td><td>0.104064</td><td>0.895936</td><td>0</td><td>1</td></tr><tr><td>173</td><td>0.161994</td><td>0.838006</td><td>0</td><td>1</td></tr><tr><td>174</td><td>0.443794</td><td>0.551962</td><td>0.00424374</td><td>0</td></tr><tr><td>175</td><td>0.193893</td><td>0.806107</td><td>0</td><td>2</td></tr><tr><td>176</td><td>0.0435576</td><td>0.956442</td><td>0</td><td>1</td></tr><tr><td>177</td><td>0.131365</td><td>0.868635</td><td>0</td><td>1</td></tr><tr><td>178</td><td>1</td><td>0</td><td>0</td><td>0</td></tr><tr><td>179</td><td>0.347691</td><td>0.652309</td><td>0</td><td>-1</td></tr><tr><td>180</td><td>0.972651</td><td>0.0273495</td><td>0</td><td>0</td></tr><tr><td>181</td><td>0.0342297</td><td>0.96577</td><td>0</td><td>1</td></tr><tr><td>182</td><td>0.258569</td><td>0.741431</td><td>0</td><td>-1</td></tr><tr><td>183</td><td>0.111148</td><td>0.838291</td><td>0.0505612</td><td>1</td></tr><tr><td>184</td><td>0.0366495</td><td>0.919181</td><td>0.0441697</td><td>1</td></tr><tr><td>185</td><td>0.215293</td><td>0.780673</td><td>0.00403388</td><td>1</td></tr><tr><td>186</td><td>0.168682</td><td>0.766801</td><td>0.0645168</td><td>1</td></tr><tr><td>187</td><td>0.242985</td><td>0.757015</td><td>0</td><td>1</td></tr><tr><td>188</td><td>0.119079</td><td>0.880868</td><td>5.24735e-05</td><td>1</td></tr><tr><td>189</td><td>0.15371</td><td>0.84629</td><td>0</td><td>1</td></tr><tr><td>190</td><td>0.313652</td><td>0.686348</td><td>0</td><td>1</td></tr><tr><td>191</td><td>0.999431</td><td>0.000568849</td><td>0</td><td>-1</td></tr><tr><td>192</td><td>1</td><td>0</td><td>2.02788e-49</td><td>-1</td></tr><tr><td>193</td><td>0.216414</td><td>0.783586</td><td>0</td><td>1</td></tr><tr><td>194</td><td>0.00374928</td><td>0.996251</td><td>0</td><td>1</td></tr><tr><td>195</td><td>0.0826695</td><td>0.917331</td><td>0</td><td>1</td></tr><tr><td>196</td><td>0.0583073</td><td>0.941693</td><td>0</td><td>1</td></tr><tr><td>197</td><td>0.272566</td><td>0.727434</td><td>0</td><td>1</td></tr><tr><td>198</td><td>0.439184</td><td>0.560816</td><td>0</td><td>-1</td></tr><tr><td>199</td><td>0.129174</td><td>0.870826</td><td>0</td><td>1</td></tr><tr><td>200</td><td>0.0981653</td><td>0.863075</td><td>0.0387598</td><td>1</td></tr><tr><td>201</td><td>0.27274</td><td>0.72726</td><td>0</td><td>1</td></tr><tr><td>202</td><td>0.00973496</td><td>0.990265</td><td>0</td><td>1</td></tr><tr><td>203</td><td>0.307269</td><td>0.692731</td><td>0</td><td>1</td></tr><tr><td>204</td><td>0.682765</td><td>0.316285</td><td>0.000949618</td><td>0</td></tr><tr><td>205</td><td>0.579414</td><td>0.420586</td><td>0</td><td>0</td></tr><tr><td>206</td><td>0.228177</td><td>0.771823</td><td>0</td><td>1</td></tr><tr><td>207</td><td>0.174478</td><td>0.803728</td><td>0.0217941</td><td>1</td></tr><tr><td>208</td><td>0.240681</td><td>0.759319</td><td>0</td><td>1</td></tr><tr><td>209</td><td>0.0429058</td><td>0.435742</td><td>0.521352</td><td>2</td></tr><tr><td>210</td><td>0.0949195</td><td>0.895802</td><td>0.00927897</td><td>1</td></tr><tr><td>211</td><td>0.176373</td><td>0.823627</td><td>0</td><td>1</td></tr><tr><td>212</td><td>0.0450313</td><td>0.954969</td><td>0</td><td>1</td></tr><tr><td>213</td><td>0.557981</td><td>0.442019</td><td>4.49899e-08</td><td>0</td></tr><tr><td>214</td><td>0.253358</td><td>0.746642</td><td>0</td><td>-1</td></tr><tr><td>215</td><td>0.37404</td><td>0.62596</td><td>0</td><td>1</td></tr><tr><td>216</td><td>0.0583681</td><td>0.941632</td><td>0</td><td>1</td></tr><tr><td>217</td><td>0.109457</td><td>0.890124</td><td>0.000418923</td><td>-1</td></tr><tr><td>218</td><td>0.403868</td><td>0.596132</td><td>0</td><td>2</td></tr><tr><td>219</td><td>0.194012</td><td>0.805988</td><td>0</td><td>1</td></tr><tr><td>220</td><td>0.00119518</td><td>0.998805</td><td>1.1822e-14</td><td>1</td></tr><tr><td>221</td><td>0.0256011</td><td>0.972566</td><td>0.00183294</td><td>1</td></tr><tr><td>222</td><td>0.255474</td><td>0.744526</td><td>0</td><td>1</td></tr><tr><td>223</td><td>0.0281553</td><td>0.581886</td><td>0.389958</td><td>1</td></tr><tr><td>224</td><td>0.35709</td><td>0.64291</td><td>0</td><td>1</td></tr><tr><td>225</td><td>0.154866</td><td>0.845134</td><td>0</td><td>1</td></tr><tr><td>226</td><td>0.000819381</td><td>0.999181</td><td>0</td><td>1</td></tr><tr><td>227</td><td>0.843994</td><td>0.156006</td><td>6.40399e-18</td><td>0</td></tr><tr><td>228</td><td>0.0183029</td><td>0.981697</td><td>0</td><td>1</td></tr><tr><td>229</td><td>0.154575</td><td>0.77455</td><td>0.0708745</td><td>1</td></tr><tr><td>230</td><td>0.185287</td><td>0.814713</td><td>7.48191e-08</td><td>1</td></tr><tr><td>231</td><td>1</td><td>0</td><td>7.45459e-18</td><td>0</td></tr><tr><td>232</td><td>0.000137837</td><td>0.999862</td><td>2.5208e-27</td><td>1</td></tr><tr><td>233</td><td>0.337472</td><td>0.648933</td><td>0.0135946</td><td>0</td></tr><tr><td>234</td><td>0.29923</td><td>0.70077</td><td>0</td><td>2</td></tr><tr><td>235</td><td>0.406721</td><td>0.593279</td><td>0</td><td>1</td></tr><tr><td>236</td><td>0.173268</td><td>0.826732</td><td>0</td><td>1</td></tr><tr><td>237</td><td>0.146027</td><td>0.853973</td><td>0</td><td>1</td></tr><tr><td>238</td><td>0.218827</td><td>0.781173</td><td>2.11425e-14</td><td>-1</td></tr><tr><td>239</td><td>0.259837</td><td>0.716457</td><td>0.0237063</td><td>1</td></tr><tr><td>240</td><td>0.30976</td><td>0.69024</td><td>1.25632e-07</td><td>0</td></tr><tr><td>241</td><td>0.932507</td><td>0.0674927</td><td>0</td><td>-1</td></tr><tr><td>242</td><td>0.0308055</td><td>0.969194</td><td>0</td><td>-1</td></tr><tr><td>243</td><td>0.0711645</td><td>0.928835</td><td>0</td><td>-1</td></tr><tr><td>244</td><td>0.182723</td><td>0.817277</td><td>0</td><td>1</td></tr><tr><td>245</td><td>0.0189991</td><td>0.981001</td><td>1.8219e-17</td><td>1</td></tr><tr><td>246</td><td>0.106636</td><td>0.893364</td><td>0</td><td>0</td></tr><tr><td>247</td><td>0.0312623</td><td>0.943063</td><td>0.0256743</td><td>1</td></tr><tr><td>248</td><td>0.766768</td><td>0.233232</td><td>0</td><td>0</td></tr><tr><td>249</td><td>0.0724841</td><td>0.911409</td><td>0.0161071</td><td>-1</td></tr><tr><td>250</td><td>0.259459</td><td>0.740541</td><td>0</td><td>1</td></tr><tr><td>251</td><td>0.117555</td><td>0.797253</td><td>0.0851924</td><td>1</td></tr><tr><td>252</td><td>0.00392408</td><td>0.996076</td><td>0</td><td>1</td></tr><tr><td>253</td><td>0.073245</td><td>0.447311</td><td>0.479444</td><td>1</td></tr><tr><td>254</td><td>0.066426</td><td>0.875353</td><td>0.0582215</td><td>1</td></tr><tr><td>255</td><td>0.172485</td><td>0.378714</td><td>0.448802</td><td>2</td></tr><tr><td>256</td><td>0.245854</td><td>0.754146</td><td>0</td><td>1</td></tr><tr><td>257</td><td>0.112395</td><td>0.887555</td><td>5.06716e-05</td><td>1</td></tr><tr><td>258</td><td>0.00389588</td><td>0.996104</td><td>0</td><td>1</td></tr><tr><td>259</td><td>0.211105</td><td>0.788895</td><td>0</td><td>0</td></tr><tr><td>260</td><td>0.0240786</td><td>0.765314</td><td>0.210607</td><td>1</td></tr><tr><td>261</td><td>0.297756</td><td>0.702244</td><td>0</td><td>1</td></tr><tr><td>262</td><td>0.00666834</td><td>0.993332</td><td>3.6903e-12</td><td>1</td></tr><tr><td>263</td><td>1</td><td>0</td><td>2.09084e-53</td><td>-1</td></tr><tr><td>264</td><td>0.912382</td><td>0.0876181</td><td>0</td><td>0</td></tr><tr><td>265</td><td>0.228653</td><td>0.710386</td><td>0.060961</td><td>1</td></tr><tr><td>266</td><td>0.0138003</td><td>0.9862</td><td>0</td><td>1</td></tr><tr><td>267</td><td>0.307184</td><td>0.685473</td><td>0.00734314</td><td>1</td></tr><tr><td>268</td><td>0.0732797</td><td>0.92672</td><td>0</td><td>1</td></tr><tr><td>269</td><td>0.514528</td><td>0.485472</td><td>0</td><td>0</td></tr><tr><td>270</td><td>0.427758</td><td>0.572242</td><td>0</td><td>1</td></tr><tr><td>271</td><td>0.0347874</td><td>0.416789</td><td>0.548424</td><td>-1</td></tr><tr><td>272</td><td>0.00749868</td><td>0.992501</td><td>0</td><td>-1</td></tr><tr><td>273</td><td>0.951862</td><td>0.048138</td><td>0</td><td>0</td></tr><tr><td>274</td><td>0.503656</td><td>0.496344</td><td>0</td><td>1</td></tr><tr><td>275</td><td>0.193102</td><td>0.806898</td><td>0</td><td>1</td></tr><tr><td>276</td><td>0.966676</td><td>0.0333245</td><td>0</td><td>0</td></tr><tr><td>277</td><td>0.0629952</td><td>0.937005</td><td>0</td><td>1</td></tr><tr><td>278</td><td>0.497594</td><td>0.502406</td><td>0</td><td>-1</td></tr><tr><td>279</td><td>0.995136</td><td>0.00486403</td><td>0</td><td>-1</td></tr><tr><td>280</td><td>0.178369</td><td>0.821631</td><td>0</td><td>1</td></tr><tr><td>281</td><td>0.126894</td><td>0.873106</td><td>0</td><td>1</td></tr><tr><td>282</td><td>0.0331263</td><td>0.966874</td><td>0</td><td>-1</td></tr><tr><td>283</td><td>0.231943</td><td>0.608004</td><td>0.160052</td><td>-1</td></tr><tr><td>284</td><td>0.135763</td><td>0.5659</td><td>0.298337</td><td>1</td></tr><tr><td>285</td><td>0.155587</td><td>0.843827</td><td>0.000586343</td><td>1</td></tr><tr><td>286</td><td>0.361471</td><td>0.638529</td><td>6.64918e-11</td><td>1</td></tr><tr><td>287</td><td>0.381407</td><td>0.618593</td><td>0</td><td>1</td></tr><tr><td>288</td><td>0.0225399</td><td>0.97746</td><td>0</td><td>-1</td></tr><tr><td>289</td><td>0.106835</td><td>0.893165</td><td>0</td><td>1</td></tr><tr><td>290</td><td>0.117852</td><td>0.506567</td><td>0.375582</td><td>2</td></tr><tr><td>291</td><td>0.157798</td><td>0.842202</td><td>0</td><td>1</td></tr><tr><td>292</td><td>0.251885</td><td>0.748115</td><td>0</td><td>1</td></tr><tr><td>293</td><td>0.00337169</td><td>0.996628</td><td>4.05403e-09</td><td>1</td></tr><tr><td>294</td><td>0.276353</td><td>0.723647</td><td>0</td><td>1</td></tr><tr><td>295</td><td>0.562568</td><td>0.437432</td><td>0</td><td>1</td></tr><tr><td>296</td><td>0.128356</td><td>0.859835</td><td>0.0118089</td><td>-1</td></tr><tr><td>297</td><td>0.196796</td><td>0.803204</td><td>0</td><td>1</td></tr><tr><td>298</td><td>0.393709</td><td>0.606291</td><td>0</td><td>1</td></tr><tr><td>299</td><td>0.00127945</td><td>0.998721</td><td>0</td><td>1</td></tr><tr><td>300</td><td>0.157164</td><td>0.842836</td><td>0</td><td>1</td></tr><tr><td>301</td><td>0.334337</td><td>0.665663</td><td>0</td><td>1</td></tr><tr><td>302</td><td>0.250797</td><td>0.703849</td><td>0.0453541</td><td>1</td></tr><tr><td>303</td><td>0.0659484</td><td>0.934052</td><td>0</td><td>1</td></tr><tr><td>304</td><td>0.338922</td><td>0.661078</td><td>0</td><td>0</td></tr><tr><td>305</td><td>0.195621</td><td>0.804379</td><td>0</td><td>0</td></tr><tr><td>306</td><td>0.0406478</td><td>0.959352</td><td>0</td><td>1</td></tr><tr><td>307</td><td>0.0279578</td><td>0.952119</td><td>0.0199234</td><td>1</td></tr><tr><td>308</td><td>0.240149</td><td>0.759851</td><td>0</td><td>0</td></tr><tr><td>309</td><td>0.692616</td><td>0.307384</td><td>0</td><td>0</td></tr><tr><td>310</td><td>0.14411</td><td>0.85589</td><td>0</td><td>1</td></tr><tr><td>311</td><td>0.799075</td><td>0.200925</td><td>0</td><td>0</td></tr><tr><td>312</td><td>0.144511</td><td>0.855489</td><td>0</td><td>1</td></tr><tr><td>313</td><td>0.699326</td><td>0.300674</td><td>0</td><td>0</td></tr><tr><td>314</td><td>0.236452</td><td>0.763548</td><td>0</td><td>1</td></tr><tr><td>315</td><td>0.0521037</td><td>0.947896</td><td>0</td><td>-1</td></tr><tr><td>316</td><td>0.195333</td><td>0.732335</td><td>0.0723327</td><td>1</td></tr><tr><td>317</td><td>1</td><td>0</td><td>0</td><td>0</td></tr><tr><td>318</td><td>0.0125831</td><td>0.364857</td><td>0.62256</td><td>2</td></tr><tr><td>319</td><td>0.270164</td><td>0.729836</td><td>0</td><td>-1</td></tr><tr><td>320</td><td>0.0158273</td><td>0.373809</td><td>0.610364</td><td>2</td></tr><tr><td>321</td><td>0.0270732</td><td>0.972927</td><td>6.86352e-08</td><td>1</td></tr><tr><td>322</td><td>0.243592</td><td>0.756408</td><td>0</td><td>1</td></tr><tr><td>323</td><td>1</td><td>0</td><td>0</td><td>-1</td></tr><tr><td>324</td><td>0.00831725</td><td>0.991683</td><td>0</td><td>1</td></tr><tr><td>325</td><td>0.00873101</td><td>0.991269</td><td>0</td><td>1</td></tr><tr><td>326</td><td>0.0271309</td><td>0.972869</td><td>0</td><td>1</td></tr><tr><td>327</td><td>0.033575</td><td>0.966425</td><td>0</td><td>-1</td></tr><tr><td>328</td><td>0.463432</td><td>0.536568</td><td>0</td><td>1</td></tr><tr><td>329</td><td>0.966324</td><td>0.0336757</td><td>0</td><td>0</td></tr><tr><td>330</td><td>0.341318</td><td>0.658682</td><td>0</td><td>1</td></tr><tr><td>331</td><td>0.0126212</td><td>0.907787</td><td>0.0795918</td><td>1</td></tr><tr><td>332</td><td>0.452584</td><td>0.547416</td><td>0</td><td>1</td></tr><tr><td>333</td><td>0.812344</td><td>0.187656</td><td>0</td><td>0</td></tr><tr><td>334</td><td>0.0568799</td><td>0.94312</td><td>0</td><td>1</td></tr><tr><td>335</td><td>0.10342</td><td>0.89658</td><td>0</td><td>1</td></tr><tr><td>336</td><td>0.0833762</td><td>0.916624</td><td>0</td><td>1</td></tr><tr><td>337</td><td>0.100649</td><td>0.76456</td><td>0.134791</td><td>1</td></tr><tr><td>338</td><td>0.328982</td><td>0.671018</td><td>0</td><td>1</td></tr><tr><td>339</td><td>0.255452</td><td>0.744548</td><td>0</td><td>1</td></tr><tr><td>340</td><td>0.559146</td><td>0.440854</td><td>0</td><td>0</td></tr><tr><td>341</td><td>0.167837</td><td>0.832163</td><td>0</td><td>1</td></tr><tr><td>342</td><td>0.889391</td><td>0.110609</td><td>1.16448e-18</td><td>-1</td></tr><tr><td>343</td><td>0.372491</td><td>0.627509</td><td>0</td><td>1</td></tr><tr><td>344</td><td>0.368015</td><td>0.631985</td><td>0</td><td>1</td></tr><tr><td>345</td><td>0.645544</td><td>0.354456</td><td>0</td><td>-1</td></tr><tr><td>346</td><td>0.0718621</td><td>0.884901</td><td>0.0432366</td><td>0</td></tr><tr><td>347</td><td>0.286514</td><td>0.695272</td><td>0.0182134</td><td>1</td></tr><tr><td>348</td><td>0.214725</td><td>0.781197</td><td>0.00407864</td><td>1</td></tr><tr><td>349</td><td>0.198143</td><td>0.742863</td><td>0.058994</td><td>1</td></tr><tr><td>350</td><td>0.182158</td><td>0.817842</td><td>0</td><td>1</td></tr><tr><td>351</td><td>0.981601</td><td>0.0183992</td><td>0</td><td>0</td></tr><tr><td>352</td><td>0.0438045</td><td>0.854342</td><td>0.101853</td><td>1</td></tr><tr><td>353</td><td>0.000188765</td><td>0.999811</td><td>1.86902e-08</td><td>-1</td></tr><tr><td>354</td><td>0.064036</td><td>0.85824</td><td>0.0777239</td><td>1</td></tr><tr><td>355</td><td>0.203349</td><td>0.760404</td><td>0.0362467</td><td>0</td></tr><tr><td>356</td><td>0.0858736</td><td>0.914066</td><td>6.03176e-05</td><td>1</td></tr><tr><td>357</td><td>0.10177</td><td>0.89823</td><td>0</td><td>1</td></tr><tr><td>358</td><td>0.441699</td><td>0.558301</td><td>0</td><td>1</td></tr><tr><td>359</td><td>0.396587</td><td>0.603413</td><td>0</td><td>-1</td></tr><tr><td>360</td><td>0.300737</td><td>0.699263</td><td>0</td><td>1</td></tr><tr><td>361</td><td>0.204416</td><td>0.795584</td><td>0</td><td>-1</td></tr><tr><td>362</td><td>0.0402843</td><td>0.959716</td><td>0</td><td>1</td></tr><tr><td>363</td><td>0.145587</td><td>0.854413</td><td>1.10462e-55</td><td>1</td></tr><tr><td>364</td><td>0.117144</td><td>0.882856</td><td>0</td><td>1</td></tr><tr><td>365</td><td>0.333306</td><td>0.666694</td><td>1.22594e-22</td><td>0</td></tr><tr><td>366</td><td>0.0544727</td><td>0.945527</td><td>0</td><td>1</td></tr><tr><td>367</td><td>0.24718</td><td>0.752079</td><td>0.000741562</td><td>-1</td></tr><tr><td>368</td><td>0.0247958</td><td>0.975204</td><td>0</td><td>1</td></tr><tr><td>369</td><td>0.0512125</td><td>0.948787</td><td>0</td><td>1</td></tr><tr><td>370</td><td>0.135123</td><td>0.859607</td><td>0.00526921</td><td>1</td></tr><tr><td>371</td><td>0.113472</td><td>0.863662</td><td>0.0228659</td><td>1</td></tr><tr><td>372</td><td>0.142853</td><td>0.857147</td><td>0</td><td>1</td></tr><tr><td>373</td><td>0.482686</td><td>0.517314</td><td>0</td><td>-1</td></tr><tr><td>374</td><td>0.0911254</td><td>0.908875</td><td>0</td><td>-1</td></tr><tr><td>375</td><td>0.00270151</td><td>0.997298</td><td>0</td><td>1</td></tr><tr><td>376</td><td>0.0370375</td><td>0.914495</td><td>0.0484673</td><td>-1</td></tr><tr><td>377</td><td>0.319681</td><td>0.680319</td><td>0</td><td>0</td></tr><tr><td>378</td><td>0.155714</td><td>0.844286</td><td>0</td><td>1</td></tr><tr><td>379</td><td>0.256264</td><td>0.743736</td><td>0</td><td>1</td></tr><tr><td>380</td><td>0.0536095</td><td>0.94639</td><td>0</td><td>1</td></tr><tr><td>381</td><td>0.211919</td><td>0.788081</td><td>0</td><td>1</td></tr><tr><td>382</td><td>0.0724841</td><td>0.911409</td><td>0.0161071</td><td>1</td></tr><tr><td>383</td><td>0.380184</td><td>0.619816</td><td>0</td><td>1</td></tr><tr><td>384</td><td>0.332796</td><td>0.667204</td><td>0</td><td>1</td></tr><tr><td>385</td><td>0.949083</td><td>0.0509172</td><td>0</td><td>0</td></tr><tr><td>386</td><td>0.274058</td><td>0.725942</td><td>0</td><td>1</td></tr><tr><td>387</td><td>0.0296048</td><td>0.970395</td><td>0</td><td>1</td></tr><tr><td>388</td><td>0.0534237</td><td>0.946576</td><td>0</td><td>-1</td></tr><tr><td>389</td><td>0.00101808</td><td>0.998982</td><td>0</td><td>1</td></tr><tr><td>390</td><td>0.00736954</td><td>0.99263</td><td>0</td><td>1</td></tr><tr><td>391</td><td>0.143162</td><td>0.856838</td><td>0</td><td>-1</td></tr><tr><td>392</td><td>0.102665</td><td>0.897335</td><td>1.93775e-08</td><td>1</td></tr><tr><td>393</td><td>0.316717</td><td>0.683283</td><td>0</td><td>1</td></tr><tr><td>394</td><td>0.0878849</td><td>0.242633</td><td>0.669482</td><td>2</td></tr><tr><td>395</td><td>0.495402</td><td>0.504598</td><td>0</td><td>1</td></tr><tr><td>396</td><td>0.222233</td><td>0.777767</td><td>0</td><td>1</td></tr><tr><td>397</td><td>0.254015</td><td>0.745985</td><td>0</td><td>1</td></tr><tr><td>398</td><td>0.102839</td><td>0.897161</td><td>0</td><td>1</td></tr><tr><td>399</td><td>0.0972316</td><td>0.902768</td><td>0</td><td>1</td></tr><tr><td>400</td><td>0.166235</td><td>0.71305</td><td>0.120715</td><td>1</td></tr><tr><td>401</td><td>0.0924353</td><td>0.734937</td><td>0.172628</td><td>0</td></tr><tr><td>402</td><td>0.157814</td><td>0.817864</td><td>0.0243222</td><td>2</td></tr><tr><td>403</td><td>0.29947</td><td>0.70053</td><td>0</td><td>1</td></tr><tr><td>404</td><td>0.305381</td><td>0.694619</td><td>0</td><td>-1</td></tr><tr><td>405</td><td>0.16089</td><td>0.83911</td><td>0</td><td>1</td></tr><tr><td>406</td><td>0.00942548</td><td>0.990575</td><td>0</td><td>1</td></tr><tr><td>407</td><td>0.0754313</td><td>0.924569</td><td>0</td><td>1</td></tr><tr><td>408</td><td>0.0374748</td><td>0.962525</td><td>0</td><td>1</td></tr><tr><td>409</td><td>0.124966</td><td>0.875032</td><td>2.64106e-06</td><td>1</td></tr><tr><td>410</td><td>0.0180683</td><td>0.981932</td><td>0</td><td>1</td></tr><tr><td>411</td><td>0.244022</td><td>0.755978</td><td>0</td><td>1</td></tr><tr><td>412</td><td>0.456332</td><td>0.543668</td><td>0</td><td>1</td></tr><tr><td>413</td><td>0.203243</td><td>0.769807</td><td>0.0269507</td><td>1</td></tr><tr><td>414</td><td>0.374955</td><td>0.625045</td><td>0</td><td>1</td></tr><tr><td>415</td><td>0.00760709</td><td>0.992393</td><td>0</td><td>1</td></tr><tr><td>416</td><td>0.095642</td><td>0.904358</td><td>0</td><td>1</td></tr><tr><td>417</td><td>0.869545</td><td>0.130455</td><td>0</td><td>-1</td></tr><tr><td>418</td><td>0.287159</td><td>0.712841</td><td>0</td><td>0</td></tr><tr><td>419</td><td>0.0911837</td><td>0.908816</td><td>0</td><td>-1</td></tr><tr><td>420</td><td>0.0320725</td><td>0.374351</td><td>0.593576</td><td>2</td></tr><tr><td>421</td><td>1</td><td>0</td><td>0</td><td>0</td></tr><tr><td>422</td><td>0.301959</td><td>0.698041</td><td>0</td><td>-1</td></tr><tr><td>423</td><td>0.969105</td><td>0</td><td>0.0308955</td><td>-1</td></tr><tr><td>424</td><td>0.0138562</td><td>0.986144</td><td>0</td><td>1</td></tr><tr><td>425</td><td>0.0224276</td><td>0.654819</td><td>0.322754</td><td>1</td></tr><tr><td>426</td><td>1</td><td>0</td><td>0</td><td>0</td></tr><tr><td>427</td><td>0.0474276</td><td>0.952572</td><td>0</td><td>-1</td></tr><tr><td>428</td><td>0.71324</td><td>0.28676</td><td>0</td><td>1</td></tr><tr><td>429</td><td>0.904785</td><td>0.0952151</td><td>0</td><td>0</td></tr><tr><td>430</td><td>0.35545</td><td>0.64455</td><td>1.24823e-07</td><td>-1</td></tr><tr><td>431</td><td>0.325642</td><td>0.674358</td><td>0</td><td>0</td></tr><tr><td>432</td><td>0.186769</td><td>0.813231</td><td>0</td><td>1</td></tr><tr><td>433</td><td>0.114702</td><td>0.885298</td><td>0</td><td>1</td></tr><tr><td>434</td><td>0.0453648</td><td>0.954635</td><td>0</td><td>1</td></tr><tr><td>435</td><td>0.066099</td><td>0.933901</td><td>0</td><td>1</td></tr><tr><td>436</td><td>0.324228</td><td>0.675772</td><td>0</td><td>0</td></tr><tr><td>437</td><td>0.0846817</td><td>0.902137</td><td>0.0131815</td><td>1</td></tr><tr><td>438</td><td>0.0646487</td><td>0.418394</td><td>0.516958</td><td>1</td></tr><tr><td>439</td><td>0.0198769</td><td>0.980123</td><td>4.83079e-07</td><td>1</td></tr><tr><td>440</td><td>0.0354912</td><td>0.964509</td><td>0</td><td>1</td></tr><tr><td>441</td><td>0.377206</td><td>0.622794</td><td>0</td><td>1</td></tr><tr><td>442</td><td>0.0756842</td><td>0.625586</td><td>0.29873</td><td>1</td></tr><tr><td>443</td><td>0.00477811</td><td>0.995222</td><td>0</td><td>1</td></tr><tr><td>444</td><td>0.0172578</td><td>0.949234</td><td>0.0335078</td><td>1</td></tr><tr><td>445</td><td>0.912696</td><td>0.0873038</td><td>0</td><td>0</td></tr><tr><td>446</td><td>0.254442</td><td>0.745558</td><td>1.37344e-14</td><td>0</td></tr><tr><td>447</td><td>0.0894616</td><td>0.742005</td><td>0.168533</td><td>2</td></tr><tr><td>448</td><td>0.018337</td><td>0.981663</td><td>0</td><td>1</td></tr><tr><td>449</td><td>1</td><td>0</td><td>0</td><td>0</td></tr><tr><td>450</td><td>0.229355</td><td>0.770645</td><td>0</td><td>1</td></tr><tr><td>451</td><td>0.285034</td><td>0.714966</td><td>0</td><td>-1</td></tr><tr><td>452</td><td>0.0927158</td><td>0.907284</td><td>0</td><td>-1</td></tr><tr><td>453</td><td>0.997287</td><td>0.00271348</td><td>4.99124e-83</td><td>0</td></tr><tr><td>454</td><td>0.332239</td><td>0.64522</td><td>0.0225414</td><td>0</td></tr><tr><td>455</td><td>0.28318</td><td>0.637532</td><td>0.0792882</td><td>1</td></tr><tr><td>456</td><td>0.115986</td><td>0.884014</td><td>6.00692e-21</td><td>1</td></tr><tr><td>457</td><td>0.0254061</td><td>0.364507</td><td>0.610087</td><td>2</td></tr><tr><td>458</td><td>0.742883</td><td>0.257117</td><td>0</td><td>-1</td></tr><tr><td>459</td><td>0.0553976</td><td>0.90561</td><td>0.0389924</td><td>1</td></tr><tr><td>460</td><td>0.027823</td><td>0.972177</td><td>1.68855e-85</td><td>0</td></tr><tr><td>461</td><td>0.367886</td><td>0.632114</td><td>0</td><td>0</td></tr><tr><td>462</td><td>0.352366</td><td>0.647634</td><td>7.45701e-07</td><td>1</td></tr><tr><td>463</td><td>0.464214</td><td>0.52197</td><td>0.0138151</td><td>1</td></tr><tr><td>464</td><td>0.0398475</td><td>0.960153</td><td>0</td><td>-1</td></tr><tr><td>465</td><td>0.241202</td><td>0.595128</td><td>0.163669</td><td>2</td></tr><tr><td>466</td><td>0.503188</td><td>0.496812</td><td>0</td><td>1</td></tr><tr><td>467</td><td>0.428552</td><td>0.557664</td><td>0.0137842</td><td>0</td></tr><tr><td>468</td><td>0.118036</td><td>0.828907</td><td>0.053057</td><td>1</td></tr><tr><td>469</td><td>0.999524</td><td>0.000476425</td><td>0</td><td>0</td></tr><tr><td>470</td><td>0.266933</td><td>0.733067</td><td>0</td><td>1</td></tr><tr><td>471</td><td>0.0286427</td><td>0.971357</td><td>0</td><td>1</td></tr><tr><td>472</td><td>0.680292</td><td>0.319708</td><td>0</td><td>0</td></tr><tr><td>473</td><td>0.0339743</td><td>0.966024</td><td>1.39664e-06</td><td>1</td></tr><tr><td>474</td><td>0.436526</td><td>0.563474</td><td>0</td><td>0</td></tr><tr><td>475</td><td>0.362494</td><td>0.637506</td><td>0</td><td>1</td></tr><tr><td>476</td><td>0.421718</td><td>0.578282</td><td>0</td><td>1</td></tr><tr><td>477</td><td>0.136046</td><td>0.863954</td><td>0</td><td>0</td></tr><tr><td>478</td><td>0.035188</td><td>0.478645</td><td>0.486167</td><td>-1</td></tr><tr><td>479</td><td>0.0674374</td><td>0.932563</t