<!DOCTYPE HTML PUBLIC "-//W3C//DTD HTML 4.01 Transitional//EN">

<html>
<head>
<script src="http://transp-or.epfl.ch/biogeme/sorttable.js"></script>
<meta http-equiv='Content-Type' content='text/html; charset=utf-8' />
<title>Model5_simulation_PT_sales.html - Report from biogeme 2.6a [Mon Apr 24 10:21:29 BST 2017]</title>
<meta name="keywords" content="biogeme, discrete choice, random utility">
<meta name="description" content="Report from biogeme 2.6a [Mon Apr 24 10:21:29 BST 2017]">
<meta name="author" content="Michel Bierlaire">
<style type=text/css>
<!--table
.biostyle
	{font-size:10.0pt;
	font-weight:400;
	font-style:normal;
	font-family:Courier;}
.boundstyle
	{font-size:10.0pt;
	font-weight:400;
	font-style:normal;
	font-family:Courier;
        color:red}
-->
</style>
</head>

<body bgcolor="#ffffff">
<p>biogeme 2.6a [Mon Apr 24 10:21:29 BST 2017]</p>
<p>Home page: <a href='http://biogeme.epfl.ch' target='_blank'>http://biogeme.epfl.ch</a></p>
<p>Submit questions to <a href='https://groups.google.com/d/forum/biogeme' target='_blank'>https://groups.google.com/d/forum/biogeme</a></p>
<p><a href='http://people.epfl.ch/michel.bierlaire'>Michel Bierlaire</a>, <a href='http://transp-or.epfl.ch'>Transport and Mobility Laboratory</a>, <a href='http://www.epfl.ch'>Ecole Polytechnique F&eacute;d&eacute;rale de Lausanne (EPFL)</a></p>
<p>This file has automatically been generated on
Sat Nov 11 16:34:53 2017</p>
<p>If you drag this HTML file into the Calc application of <a href='http://www.openoffice.org/' target='_blank'>OpenOffice</a>, or the spreadsheet of <a href='https://www.libreoffice.org/' target='_blank'>LibreOffice</a>, you will be able to perform additional calculations.</p><table><tr class=biostyle><td align=right><strong>Report file</strong>:	</td><td>Model5_simulation_PT_sales.html</td></tr><tr class=biostyle><td align=right><strong>Sample file</strong>:	</td><td>__bin_data.dat</td></tr></table><h1>Simulation report</h1>

<p>Number of draws for Monte-Carlo: 1000</p>
<p>Type of draws: MLHS</p>
<h2>Aggregate values</h2><table border='1'>
<tr><th></th><th>01 Prob. PT</th><th>02 Prob. PM</th><th>03 Prob. SM</th><th>Choice</th></tr><tr><th>Total</th><td>603.132</td><td>1341.8</td><td>93.0722</td><td>1017</td></tr><tr><th>Average</th><td>0.295943</td><td>0.658388</td><td>0.0456684</td><td>0.499019</td></tr><tr><th>Non zeros</th><td>2038</td><td>1952</td><td>707</td><td>1569</td></tr><tr><th>Non zeros average</th><td>0.295943</td><td>0.687395</td><td>0.131644</td><td>0.648184</td></tr><tr><th>Minimum</th><td>7.93758e-09</td><td>0</td><td>0</td><td>-1</td></tr><tr><th>Maximum</th><td>1</td><td>1</td><td>0.967978</td><td>2</td></tr></table><h2>Detailed records</h2><table border='1'>
<tr><th>Row</th><th>01 Prob. PT</th><th>02 Prob. PM</th><th>03 Prob. SM</th><th>Choice</th></tr><tr><td>1</td><td>1</td><td>0</td><td>0</td><td>0</td></tr><tr><td>2</td><td>0.154261</td><td>0.819006</td><td>0.0267334</td><td>1</td></tr><tr><td>3</td><td>0.232893</td><td>0.767107</td><td>0</td><td>1</td></tr><tr><td>4</td><td>0.0644863</td><td>0.935514</td><td>0</td><td>1</td></tr><tr><td>5</td><td>0.165259</td><td>0.834741</td><td>2.85053e-07</td><td>1</td></tr><tr><td>6</td><td>0.0199689</td><td>0.977656</td><td>0.00237472</td><td>1</td></tr><tr><td>7</td><td>0.160522</td><td>0.839478</td><td>0</td><td>1</td></tr><tr><td>8</td><td>0.923227</td><td>0.0767729</td><td>0</td><td>0</td></tr><tr><td>9</td><td>0.0843455</td><td>0.859829</td><td>0.0558253</td><td>1</td></tr><tr><td>10</td><td>0.0196533</td><td>0.980347</td><td>0</td><td>1</td></tr><tr><td>11</td><td>0.121877</td><td>0.87322</td><td>0.00490308</td><td>-1</td></tr><tr><td>12</td><td>0.0848755</td><td>0.915124</td><td>0</td><td>1</td></tr><tr><td>13</td><td>0.169035</td><td>0.802033</td><td>0.0289328</td><td>1</td></tr><tr><td>14</td><td>0.0786435</td><td>0.865839</td><td>0.0555175</td><td>1</td></tr><tr><td>15</td><td>0.527112</td><td>0.472888</td><td>0</td><td>1</td></tr><tr><td>16</td><td>0.0459083</td><td>0.67232</td><td>0.281772</td><td>2</td></tr><tr><td>17</td><td>0.106042</td><td>0.893958</td><td>0</td><td>0</td></tr><tr><td>18</td><td>0.162046</td><td>0.837954</td><td>0</td><td>1</td></tr><tr><td>19</td><td>0.482799</td><td>0.494152</td><td>0.0230494</td><td>-1</td></tr><tr><td>20</td><td>0.0391835</td><td>0.960817</td><td>0</td><td>1</td></tr><tr><td>21</td><td>0.960962</td><td>0.0390376</td><td>2.01734e-49</td><td>0</td></tr><tr><td>22</td><td>0.89545</td><td>0.10455</td><td>3.56154e-14</td><td>0</td></tr><tr><td>23</td><td>0.106896</td><td>0.893104</td><td>0</td><td>-1</td></tr><tr><td>24</td><td>0.326907</td><td>0.673093</td><td>0</td><td>1</td></tr><tr><td>25</td><td>0.789785</td><td>0.210215</td><td>0</td><td>0</td></tr><tr><td>26</td><td>0.0283436</td><td>0.971656</td><td>0</td><td>-1</td></tr><tr><td>27</td><td>0.799206</td><td>0.200794</td><td>0</td><td>0</td></tr><tr><td>28</td><td>0.0415833</td><td>0.677128</td><td>0.281289</td><td>2</td></tr><tr><td>29</td><td>0.112424</td><td>0.887576</td><td>8.00814e-14</td><td>-1</td></tr><tr><td>30</td><td>0.715526</td><td>0.284474</td><td>0</td><td>1</td></tr><tr><td>31</td><td>0.0757081</td><td>0.588619</td><td>0.335673</td><td>1</td></tr><tr><td>32</td><td>0.0396922</td><td>0.960308</td><td>0</td><td>1</td></tr><tr><td>33</td><td>0.168494</td><td>0.831506</td><td>0</td><td>0</td></tr><tr><td>34</td><td>0.838753</td><td>0.161247</td><td>0</td><td>1</td></tr><tr><td>35</td><td>0.26382</td><td>0.73618</td><td>0</td><td>-1</td></tr><tr><td>36</td><td>0.46268</td><td>0.53732</td><td>0</td><td>0</td></tr><tr><td>37</td><td>0.626731</td><td>0.373269</td><td>0</td><td>0</td></tr><tr><td>38</td><td>0.280947</td><td>0.6879</td><td>0.0311526</td><td>0</td></tr><tr><td>39</td><td>0.28604</td><td>0.71396</td><td>0</td><td>1</td></tr><tr><td>40</td><td>0.0788131</td><td>0.921187</td><td>0</td><td>-1</td></tr><tr><td>41</td><td>0.419572</td><td>0.580428</td><td>0</td><td>1</td></tr><tr><td>42</td><td>0.182172</td><td>0.817828</td><td>0</td><td>1</td></tr><tr><td>43</td><td>0.0429736</td><td>0.957026</td><td>0</td><td>-1</td></tr><tr><td>44</td><td>0.00318576</td><td>0.996814</td><td>0</td><td>-1</td></tr><tr><td>45</td><td>0.120315</td><td>0.879685</td><td>0</td><td>0</td></tr><tr><td>46</td><td>0.00258078</td><td>0.997419</td><td>0</td><td>1</td></tr><tr><td>47</td><td>1</td><td>0</td><td>0</td><td>0</td></tr><tr><td>48</td><td>0.0235483</td><td>0.976452</td><td>0</td><td>1</td></tr><tr><td>49</td><td>0.13796</td><td>0.86204</td><td>0</td><td>1</td></tr><tr><td>50</td><td>0.0201124</td><td>0.979888</td><td>0</td><td>1</td></tr><tr><td>51</td><td>0.0976043</td><td>0.902396</td><td>0</td><td>1</td></tr><tr><td>52</td><td>0.975928</td><td>0.0240717</td><td>0</td><td>0</td></tr><tr><td>53</td><td>0.0323762</td><td>0.967624</td><td>0</td><td>1</td></tr><tr><td>54</td><td>1</td><td>0</td><td>0</td><td>0</td></tr><tr><td>55</td><td>0.963234</td><td>0.0367663</td><td>0</td><td>-1</td></tr><tr><td>56</td><td>0.135345</td><td>0.864655</td><td>0</td><td>1</td></tr><tr><td>57</td><td>0.0514602</td><td>0.94854</td><td>0</td><td>2</td></tr><tr><td>58</td><td>0.761341</td><td>0.238659</td><td>0</td><td>-1</td></tr><tr><td>59</td><td>0.0902819</td><td>0.684827</td><td>0.224891</td><td>1</td></tr><tr><td>60</td><td>0.435971</td><td>0.563092</td><td>0.000936657</td><td>1</td></tr><tr><td>61</td><td>0.0602788</td><td>0.908918</td><td>0.0308027</td><td>-1</td></tr><tr><td>62</td><td>0.0159943</td><td>0.37325</td><td>0.610755</td><td>2</td></tr><tr><td>63</td><td>0.0101886</td><td>0.521618</td><td>0.468193</td><td>1</td></tr><tr><td>64</td><td>0.0915242</td><td>0.908476</td><td>0</td><td>1</td></tr><tr><td>65</td><td>0.179531</td><td>0.820469</td><td>0</td><td>1</td></tr><tr><td>66</td><td>0.0390839</td><td>0.727814</td><td>0.233102</td><td>2</td></tr><tr><td>67</td><td>0.00842251</td><td>0.67349</td><td>0.318087</td><td>1</td></tr><tr><td>68</td><td>0.159094</td><td>0.766704</td><td>0.0742023</td><td>2</td></tr><tr><td>69</td><td>0.454531</td><td>0.545469</td><td>0</td><td>1</td></tr><tr><td>70</td><td>0.312347</td><td>0.687653</td><td>0</td><td>1</td></tr><tr><td>71</td><td>0.085174</td><td>0.914826</td><td>0</td><td>2</td></tr><tr><td>72</td><td>0.325124</td><td>0.674876</td><td>0</td><td>-1</td></tr><tr><td>73</td><td>0.0960584</td><td>0.903942</td><td>0</td><td>1</td></tr><tr><td>74</td><td>0.153161</td><td>0.495635</td><td>0.351204</td><td>2</td></tr><tr><td>75</td><td>0.198073</td><td>0.59136</td><td>0.210567</td><td>1</td></tr><tr><td>76</td><td>0.125884</td><td>0.874116</td><td>0</td><td>0</td></tr><tr><td>77</td><td>0.00875607</td><td>0.384882</td><td>0.606362</td><td>1</td></tr><tr><td>78</td><td>0.0309738</td><td>0.969026</td><td>0</td><td>1</td></tr><tr><td>79</td><td>0.0887354</td><td>0.853681</td><td>0.0575834</td><td>1</td></tr><tr><td>80</td><td>0.078824</td><td>0.891016</td><td>0.0301597</td><td>1</td></tr><tr><td>81</td><td>0.0528294</td><td>0.947171</td><td>0</td><td>1</td></tr><tr><td>82</td><td>0.343295</td><td>0.656705</td><td>0</td><td>0</td></tr><tr><td>83</td><td>0.187487</td><td>0.812513</td><td>0</td><td>-1</td></tr><tr><td>84</td><td>0.187766</td><td>0.790853</td><td>0.0213814</td><td>1</td></tr><tr><td>85</td><td>0.0228534</td><td>0.977147</td><td>0</td><td>1</td></tr><tr><td>86</td><td>0.212968</td><td>0.688724</td><td>0.0983076</td><td>-1</td></tr><tr><td>87</td><td>0.409369</td><td>0.590631</td><td>0</td><td>1</td></tr><tr><td>88</td><td>0.829151</td><td>0.170849</td><td>1.22652e-11</td><td>0</td></tr><tr><td>89</td><td>0.837083</td><td>0.162917</td><td>0</td><td>0</td></tr><tr><td>90</td><td>0.175456</td><td>0.824544</td><td>0</td><td>1</td></tr><tr><td>91</td><td>0.83781</td><td>0.16219</td><td>0</td><td>0</td></tr><tr><td>92</td><td>0.0636504</td><td>0.93635</td><td>4.55037e-33</td><td>0</td></tr><tr><td>93</td><td>0.0192092</td><td>0.980791</td><td>0</td><td>1</td></tr><tr><td>94</td><td>0.371233</td><td>0.628767</td><td>0</td><td>-1</td></tr><tr><td>95</td><td>0.244899</td><td>0.69856</td><td>0.0565405</td><td>1</td></tr><tr><td>96</td><td>0.0230048</td><td>0.976995</td><td>0</td><td>1</td></tr><tr><td>97</td><td>0.982169</td><td>0.0178306</td><td>0</td><td>0</td></tr><tr><td>98</td><td>0.0917399</td><td>0.90826</td><td>0</td><td>1</td></tr><tr><td>99</td><td>0.25953</td><td>0.74047</td><td>0</td><td>1</td></tr><tr><td>100</td><td>0.929955</td><td>0</td><td>0.0700449</td><td>-1</td></tr><tr><td>101</td><td>0.488197</td><td>0.511114</td><td>0.000688787</td><td>0</td></tr><tr><td>102</td><td>0.790777</td><td>0.209223</td><td>0</td><td>0</td></tr><tr><td>103</td><td>0.0423922</td><td>0.612764</td><td>0.344844</td><td>2</td></tr><tr><td>104</td><td>0.16303</td><td>0.83697</td><td>0</td><td>1</td></tr><tr><td>105</td><td>0.734198</td><td>0.265802</td><td>0</td><td>0</td></tr><tr><td>106</td><td>0.0038932</td><td>0.996107</td><td>1.5857e-76</td><td>1</td></tr><tr><td>107</td><td>0.153752</td><td>0.773397</td><td>0.0728506</td><td>1</td></tr><tr><td>108</td><td>0.0751963</td><td>0.924671</td><td>0.000133083</td><td>0</td></tr><tr><td>109</td><td>0.0630609</td><td>0.936939</td><td>6.86177e-24</td><td>-1</td></tr><tr><td>110</td><td>0.924823</td><td>0.075177</td><td>1.51228e-69</td><td>-1</td></tr><tr><td>111</td><td>0.916271</td><td>0.0837286</td><td>0</td><td>0</td></tr><tr><td>112</td><td>0.822053</td><td>0.177947</td><td>0</td><td>0</td></tr><tr><td>113</td><td>0.76348</td><td>0.23652</td><td>0</td><td>1</td></tr><tr><td>114</td><td>0.00410299</td><td>0.99581</td><td>8.68727e-05</td><td>1</td></tr><tr><td>115</td><td>0.16302</td><td>0.83698</td><td>4.6104e-08</td><td>1</td></tr><tr><td>116</td><td>0.0948931</td><td>0.905032</td><td>7.47209e-05</td><td>1</td></tr><tr><td>117</td><td>0.550337</td><td>0.449663</td><td>0</td><td>1</td></tr><tr><td>118</td><td>0.989065</td><td>0.0109354</td><td>0</td><td>-1</td></tr><tr><td>119</td><td>0.251305</td><td>0.748695</td><td>0</td><td>-1</td></tr><tr><td>120</td><td>0.123549</td><td>0.838187</td><td>0.0382641</td><td>1</td></tr><tr><td>121</td><td>0.257564</td><td>0.742436</td><td>0</td><td>1</td></tr><tr><td>122</td><td>0.926633</td><td>0.0733665</td><td>0</td><td>0</td></tr><tr><td>123</td><td>0.154838</td><td>0.845162</td><td>0</td><td>1</td></tr><tr><td>124</td><td>0.181714</td><td>0.818286</td><td>0</td><td>1</td></tr><tr><td>125</td><td>0.302792</td><td>0.697208</td><td>7.56417e-10</td><td>1</td></tr><tr><td>126</td><td>0.0857267</td><td>0.914273</td><td>0</td><td>1</td></tr><tr><td>127</td><td>0.452542</td><td>0.547458</td><td>0</td><td>1</td></tr><tr><td>128</td><td>0.188119</td><td>0.631722</td><td>0.180159</td><td>1</td></tr><tr><td>129</td><td>0.155179</td><td>0.844821</td><td>0</td><td>1</td></tr><tr><td>130</td><td>0.791508</td><td>0.208492</td><td>0</td><td>0</td></tr><tr><td>131</td><td>0.0301936</td><td>0.969806</td><td>0</td><td>-1</td></tr><tr><td>132</td><td>0.140274</td><td>0.859726</td><td>1.52699e-08</td><td>0</td></tr><tr><td>133</td><td>0.674451</td><td>0.325549</td><td>0</td><td>1</td></tr><tr><td>134</td><td>0.112488</td><td>0.820631</td><td>0.0668806</td><td>1</td></tr><tr><td>135</td><td>0.0192087</td><td>0.980791</td><td>0</td><td>1</td></tr><tr><td>136</td><td>0.193345</td><td>0.806655</td><td>0</td><td>1</td></tr><tr><td>137</td><td>0.0693907</td><td>0.586571</td><td>0.344039</td><td>2</td></tr><tr><td>138</td><td>0.335956</td><td>0.664044</td><td>0</td><td>0</td></tr><tr><td>139</td><td>0.234776</td><td>0.765224</td><td>3.67854e-19</td><td>1</td></tr><tr><td>140</td><td>0.0461466</td><td>0.953853</td><td>0</td><td>1</td></tr><tr><td>141</td><td>0.0750814</td><td>0.924919</td><td>0</td><td>1</td></tr><tr><td>142</td><td>0.961518</td><td>0.0384816</td><td>0</td><td>-1</td></tr><tr><td>143</td><td>0.982956</td><td>0</td><td>0.0170437</td><td>0</td></tr><tr><td>144</td><td>0.814265</td><td>0.185735</td><td>0</td><td>0</td></tr><tr><td>145</td><td>0.280836</td><td>0.719164</td><td>0</td><td>-1</td></tr><tr><td>146</td><td>7.93758e-09</td><td>1</td><td>0</td><td>1</td></tr><tr><td>147</td><td>0.168015</td><td>0.831985</td><td>0</td><td>1</td></tr><tr><td>148</td><td>0.403725</td><td>0.596275</td><td>0</td><td>0</td></tr><tr><td>149</td><td>0.0917133</td><td>0.908287</td><td>7.77694e-21</td><td>1</td></tr><tr><td>150</td><td>0.111658</td><td>0.888342</td><td>0</td><td>1</td></tr><tr><td>151</td><td>0.963371</td><td>0.0366295</td><td>0</td><td>0</td></tr><tr><td>152</td><td>1</td><td>0</td><td>0</td><td>0</td></tr><tr><td>153</td><td>0.00013746</td><td>0.999863</td><td>0</td><td>1</td></tr><tr><td>154</td><td>0.60339</td><td>0.39661</td><td>0</td><td>-1</td></tr><tr><td>155</td><td>0.0832563</td><td>0.916744</td><td>0</td><td>-1</td></tr><tr><td>156</td><td>0.862926</td><td>0.137074</td><td>0</td><td>0</td></tr><tr><td>157</td><td>0.296426</td><td>0.647883</td><td>0.0556909</td><td>1</td></tr><tr><td>158</td><td>0.0812175</td><td>0.918783</td><td>0</td><td>1</td></tr><tr><td>159</td><td>0.227554</td><td>0.757421</td><td>0.0150252</td><td>0</td></tr><tr><td>160</td><td>0.143242</td><td>0.847139</td><td>0.00961898</td><td>-1</td></tr><tr><td>161</td><td>0.60634</td><td>0.39366</td><td>0</td><td>0</td></tr><tr><td>162</td><td>0.864168</td><td>0.135832</td><td>0</td><td>0</td></tr><tr><td>163</td><td>0.260609</td><td>0.739391</td><td>0</td><td>-1</td></tr><tr><td>164</td><td>0.8504</td><td>0.1496</td><td>0</td><td>0</td></tr><tr><td>165</td><td>0.135223</td><td>0.864777</td><td>0</td><td>0</td></tr><tr><td>166</td><td>0.299089</td><td>0.700911</td><td>6.39318e-14</td><td>0</td></tr><tr><td>167</td><td>0.329178</td><td>0.670822</td><td>0</td><td>0</td></tr><tr><td>168</td><td>0.0205512</td><td>0.979449</td><td>0</td><td>1</td></tr><tr><td>169</td><td>0.531861</td><td>0.468139</td><td>0</td><td>0</td></tr><tr><td>170</td><td>0.0857766</td><td>0.844492</td><td>0.0697316</td><td>1</td></tr><tr><td>171</td><td>0.0476263</td><td>0.34383</td><td>0.608544</td><td>2</td></tr><tr><td>172</td><td>0.106432</td><td>0.893568</td><td>0</td><td>1</td></tr><tr><td>173</td><td>0.166259</td><td>0.833741</td><td>0</td><td>1</td></tr><tr><td>174</td><td>0.447962</td><td>0.547845</td><td>0.00419287</td><td>0</td></tr><tr><td>175</td><td>0.220886</td><td>0.779114</td><td>0</td><td>2</td></tr><tr><td>176</td><td>0.0469445</td><td>0.953056</td><td>0</td><td>1</td></tr><tr><td>177</td><td>0.151381</td><td>0.848619</td><td>0</td><td>1</td></tr><tr><td>178</td><td>1</td><td>0</td><td>0</td><td>0</td></tr><tr><td>179</td><td>0.374019</td><td>0.625981</td><td>0</td><td>-1</td></tr><tr><td>180</td><td>0.971898</td><td>0.0281023</td><td>0</td><td>0</td></tr><tr><td>181</td><td>0.0366006</td><td>0.963399</td><td>0</td><td>1</td></tr><tr><td>182</td><td>0.264715</td><td>0.735285</td><td>0</td><td>-1</td></tr><tr><td>183</td><td>0.113768</td><td>0.835968</td><td>0.0502643</td><td>1</td></tr><tr><td>184</td><td>0.0376621</td><td>0.918339</td><td>0.0439985</td><td>1</td></tr><tr><td>185</td><td>0.227198</td><td>0.768848</td><td>0.0039535</td><td>1</td></tr><tr><td>186</td><td>0.173779</td><td>0.762292</td><td>0.0639287</td><td>1</td></tr><tr><td>187</td><td>0.305476</td><td>0.694524</td><td>0</td><td>1</td></tr><tr><td>188</td><td>0.121442</td><td>0.878506</td><td>5.19245e-05</td><td>1</td></tr><tr><td>189</td><td>0.156406</td><td>0.843594</td><td>0</td><td>1</td></tr><tr><td>190</td><td>0.331715</td><td>0.668285</td><td>0</td><td>1</td></tr><tr><td>191</td><td>0.999309</td><td>0.000690943</td><td>0</td><td>-1</td></tr><tr><td>192</td><td>1</td><td>0</td><td>1.41338e-49</td><td>-1</td></tr><tr><td>193</td><td>0.222767</td><td>0.777233</td><td>0</td><td>1</td></tr><tr><td>194</td><td>0.00409658</td><td>0.995903</td><td>0</td><td>1</td></tr><tr><td>195</td><td>0.0947258</td><td>0.905274</td><td>0</td><td>1</td></tr><tr><td>196</td><td>0.0619041</td><td>0.938096</td><td>0</td><td>1</td></tr><tr><td>197</td><td>0.295541</td><td>0.704459</td><td>0</td><td>1</td></tr><tr><td>198</td><td>0.451321</td><td>0.548679</td><td>0</td><td>-1</td></tr><tr><td>199</td><td>0.136245</td><td>0.863755</td><td>0</td><td>1</td></tr><tr><td>200</td><td>0.0999535</td><td>0.861567</td><td>0.0384799</td><td>1</td></tr><tr><td>201</td><td>0.276549</td><td>0.723451</td><td>0</td><td>1</td></tr><tr><td>202</td><td>0.0102134</td><td>0.989787</td><td>0</td><td>1</td></tr><tr><td>203</td><td>0.314911</td><td>0.685089</td><td>0</td><td>1</td></tr><tr><td>204</td><td>0.693369</td><td>0.305721</td><td>0.000909675</td><td>0</td></tr><tr><td>205</td><td>0.5752</td><td>0.4248</td><td>0</td><td>0</td></tr><tr><td>206</td><td>0.233707</td><td>0.766293</td><td>0</td><td>1</td></tr><tr><td>207</td><td>0.177147</td><td>0.801194</td><td>0.0216589</td><td>1</td></tr><tr><td>208</td><td>0.257763</td><td>0.742237</td><td>0</td><td>1</td></tr><tr><td>209</td><td>0.0439252</td><td>0.435671</td><td>0.520404</td><td>2</td></tr><tr><td>210</td><td>0.0982295</td><td>0.892561</td><td>0.00920905</td><td>1</td></tr><tr><td>211</td><td>0.185625</td><td>0.814375</td><td>0</td><td>1</td></tr><tr><td>212</td><td>0.048795</td><td>0.951205</td><td>0</td><td>1</td></tr><tr><td>213</td><td>0.566005</td><td>0.433995</td><td>4.35543e-08</td><td>0</td></tr><tr><td>214</td><td>0.258771</td><td>0.741229</td><td>0</td><td>-1</td></tr><tr><td>215</td><td>0.416467</td><td>0.583533</td><td>0</td><td>1</td></tr><tr><td>216</td><td>0.0642319</td><td>0.935768</td><td>0</td><td>1</td></tr><tr><td>217</td><td>0.117068</td><td>0.882521</td><td>0.000410483</td><td>-1</td></tr><tr><td>218</td><td>0.412082</td><td>0.587918</td><td>0</td><td>2</td></tr><tr><td>219</td><td>0.210506</td><td>0.789494</td><td>0</td><td>1</td></tr><tr><td>220</td><td>0.00173993</td><td>0.99826</td><td>1.15484e-14</td><td>1</td></tr><tr><td>221</td><td>0.0262103</td><td>0.971971</td><td>0.00181903</td><td>1</td></tr><tr><td>222</td><td>0.262316</td><td>0.737684</td><td>0</td><td>1</td></tr><tr><td>223</td><td>0.0281489</td><td>0.581981</td><td>0.38987</td><td>1</td></tr><tr><td>224</td><td>0.366356</td><td>0.633644</td><td>0</td><td>1</td></tr><tr><td>225</td><td>0.170001</td><td>0.829999</td><td>0</td><td>1</td></tr><tr><td>226</td><td>0.00187479</td><td>0.998125</td><td>0</td><td>1</td></tr><tr><td>227</td><td>0.839856</td><td>0.160144</td><td>6.3726e-18</td><td>0</td></tr><tr><td>228</td><td>0.0288978</td><td>0.971102</td><td>0</td><td>1</td></tr><tr><td>229</td><td>0.157175</td><td>0.772285</td><td>0.0705401</td><td>1</td></tr><tr><td>230</td><td>0.219212</td><td>0.780788</td><td>7.07678e-08</td><td>1</td></tr><tr><td>231</td><td>1</td><td>0</td><td>6.60084e-18</td><td>0</td></tr><tr><td>232</td><td>0.000217334</td><td>0.999783</td><td>2.40102e-27</td><td>1</td></tr><tr><td>233</td><td>0.357622</td><td>0.629282</td><td>0.013096</td><td>0</td></tr><tr><td>234</td><td>0.310488</td><td>0.689512</td><td>0</td><td>2</td></tr><tr><td>235</td><td>0.402502</td><td>0.597498</td><td>0</td><td>1</td></tr><tr><td>236</td><td>0.17717</td><td>0.82283</td><td>0</td><td>1</td></tr><tr><td>237</td><td>0.15427</td><td>0.84573</td><td>0</td><td>1</td></tr><tr><td>238</td><td>0.214017</td><td>0.785983</td><td>2.06778e-14</td><td>-1</td></tr><tr><td>239</td><td>0.266284</td><td>0.710304</td><td>0.0234125</td><td>1</td></tr><tr><td>240</td><td>0.321063</td><td>0.678937</td><td>1.21879e-07</td><td>0</td></tr><tr><td>241</td><td>0.93019</td><td>0.0698101</td><td>0</td><td>-1</td></tr><tr><td>242</td><td>0.0379499</td><td>0.96205</td><td>0</td><td>-1</td></tr><tr><td>243</td><td>0.0749123</td><td>0.925088</td><td>0</td><td>-1</td></tr><tr><td>244</td><td>0.185066</td><td>0.814934</td><td>0</td><td>1</td></tr><tr><td>245</td><td>0.0239412</td><td>0.976059</td><td>1.75681e-17</td><td>1</td></tr><tr><td>246</td><td>0.109359</td><td>0.890641</td><td>0</td><td>0</td></tr><tr><td>247</td><td>0.0345356</td><td>0.939981</td><td>0.0254835</td><td>1</td></tr><tr><td>248</td><td>0.782784</td><td>0.217216</td><td>0</td><td>0</td></tr><tr><td>249</td><td>0.0737731</td><td>0.910181</td><td>0.0160463</td><td>-1</td></tr><tr><td>250</td><td>0.26579</td><td>0.73421</td><td>0</td><td>1</td></tr><tr><td>251</td><td>0.121197</td><td>0.79416</td><td>0.0846433</td><td>1</td></tr><tr><td>252</td><td>0.00556376</td><td>0.994436</td><td>0</td><td>1</td></tr><tr><td>253</td><td>0.0746758</td><td>0.446868</td><td>0.478456</td><td>1</td></tr><tr><td>254</td><td>0.0675817</td><td>0.874438</td><td>0.0579798</td><td>1</td></tr><tr><td>255</td><td>0.17552</td><td>0.377454</td><td>0.447026</td><td>2</td></tr><tr><td>256</td><td>0.253676</td><td>0.746324</td><td>0</td><td>1</td></tr><tr><td>257</td><td>0.117709</td><td>0.882241</td><td>4.99606e-05</td><td>1</td></tr><tr><td>258</td><td>0.00851556</td><td>0.991484</td><td>0</td><td>1</td></tr><tr><td>259</td><td>0.215457</td><td>0.784543</td><td>0</td><td>0</td></tr><tr><td>260</td><td>0.0245612</td><td>0.76516</td><td>0.210278</td><td>1</td></tr><tr><td>261</td><td>0.304019</td><td>0.695981</td><td>0</td><td>1</td></tr><tr><td>262</td><td>0.00844311</td><td>0.991557</td><td>3.60692e-12</td><td>1</td></tr><tr><td>263</td><td>1</td><td>0</td><td>1.36263e-53</td><td>-1</td></tr><tr><td>264</td><td>0.909625</td><td>0.0903752</td><td>0</td><td>0</td></tr><tr><td>265</td><td>0.234709</td><td>0.704988</td><td>0.0603039</td><td>1</td></tr><tr><td>266</td><td>0.0173983</td><td>0.982602</td><td>0</td><td>1</td></tr><tr><td>267</td><td>0.310788</td><td>0.68194</td><td>0.00727195</td><td>1</td></tr><tr><td>268</td><td>0.0827233</td><td>0.917277</td><td>0</td><td>1</td></tr><tr><td>269</td><td>0.537209</td><td>0.462791</td><td>0</td><td>0</td></tr><tr><td>270</td><td>0.431585</td><td>0.568415</td><td>0</td><td>1</td></tr><tr><td>271</td><td>0.0355019</td><td>0.416664</td><td>0.547834</td><td>-1</td></tr><tr><td>272</td><td>0.00823244</td><td>0.991768</td><td>0</td><td>-1</td></tr><tr><td>273</td><td>0.947653</td><td>0.0523471</td><td>0</td><td>0</td></tr><tr><td>274</td><td>0.51184</td><td>0.48816</td><td>0</td><td>1</td></tr><tr><td>275</td><td>0.208702</td><td>0.791298</td><td>0</td><td>1</td></tr><tr><td>276</td><td>0.965125</td><td>0.0348754</td><td>0</td><td>0</td></tr><tr><td>277</td><td>0.0688735</td><td>0.931127</td><td>0</td><td>1</td></tr><tr><td>278</td><td>0.509233</td><td>0.490767</td><td>0</td><td>-1</td></tr><tr><td>279</td><td>0.994037</td><td>0.00596311</td><td>0</td><td>-1</td></tr><tr><td>280</td><td>0.182281</td><td>0.817719</td><td>0</td><td>1</td></tr><tr><td>281</td><td>0.14339</td><td>0.85661</td><td>0</td><td>1</td></tr><tr><td>282</td><td>0.0461743</td><td>0.953826</td><td>0</td><td>-1</td></tr><tr><td>283</td><td>0.231628</td><td>0.608537</td><td>0.159835</td><td>-1</td></tr><tr><td>284</td><td>0.140049</td><td>0.563368</td><td>0.296583</td><td>1</td></tr><tr><td>285</td><td>0.161909</td><td>0.837513</td><td>0.000577808</td><td>1</td></tr><tr><td>286</td><td>0.38037</td><td>0.61963</td><td>6.33572e-11</td><td>1</td></tr><tr><td>287</td><td>0.42609</td><td>0.57391</td><td>0</td><td>1</td></tr><tr><td>288</td><td>0.0297955</td><td>0.970205</td><td>0</td><td>-1</td></tr><tr><td>289</td><td>0.108626</td><td>0.891374</td><td>0</td><td>1</td></tr><tr><td>290</td><td>0.122286</td><td>0.504333</td><td>0.373381</td><td>2</td></tr><tr><td>291</td><td>0.173538</td><td>0.826462</td><td>0</td><td>1</td></tr><tr><td>292</td><td>0.264793</td><td>0.735207</td><td>0</td><td>1</td></tr><tr><td>293</td><td>0.00504517</td><td>0.994955</td><td>3.98431e-09</td><td>1</td></tr><tr><td>294</td><td>0.289259</td><td>0.710741</td><td>0</td><td>1</td></tr><tr><td>295</td><td>0.573788</td><td>0.426212</td><td>0</td><td>1</td></tr><tr><td>296</td><td>0.130323</td><td>0.857941</td><td>0.011736</td><td>-1</td></tr><tr><td>297</td><td>0.206443</td><td>0.793557</td><td>0</td><td>1</td></tr><tr><td>298</td><td>0.402955</td><td>0.597045</td><td>0</td><td>1</td></tr><tr><td>299</td><td>0.00139314</td><td>0.998607</td><td>0</td><td>1</td></tr><tr><td>300</td><td>0.161319</td><td>0.838681</td><td>0</td><td>1</td></tr><tr><td>301</td><td>0.355817</td><td>0.644183</td><td>0</td><td>1</td></tr><tr><td>302</td><td>0.254138</td><td>0.700877</td><td>0.044985</td><td>1</td></tr><tr><td>303</td><td>0.0695553</td><td>0.930445</td><td>0</td><td>1</td></tr><tr><td>304</td><td>0.355003</td><td>0.644997</td><td>0</td><td>0</td></tr><tr><td>305</td><td>0.222099</td><td>0.777901</td><td>0</td><td>0</td></tr><tr><td>306</td><td>0.0449015</td><td>0.955098</td><td>0</td><td>1</td></tr><tr><td>307</td><td>0.0284242</td><td>0.951749</td><td>0.0198267</td><td>1</td></tr><tr><td>308</td><td>0.268891</td><td>0.731109</td><td>0</td><td>0</td></tr><tr><td>309</td><td>0.684982</td><td>0.315018</td><td>0</td><td>0</td></tr><tr><td>310</td><td>0.156462</td><td>0.843538</td><td>0</td><td>1</td></tr><tr><td>311</td><td>0.797634</td><td>0.202366</td><td>0</td><td>0</td></tr><tr><td>312</td><td>0.146854</td><td>0.853146</td><td>0</td><td>1</td></tr><tr><td>313</td><td>0.709867</td><td>0.290133</td><td>0</td><td>0</td></tr><tr><td>314</td><td>0.243516</td><td>0.756484</td><td>0</td><td>1</td></tr><tr><td>315</td><td>0.0600186</td><td>0.939981</td><td>0</td><td>-1</td></tr><tr><td>316</td><td>0.200053</td><td>0.728277</td><td>0.0716699</td><td>1</td></tr><tr><td>317</td><td>1</td><td>0</td><td>0</td><td>0</td></tr><tr><td>318</td><td>0.0128462</td><td>0.36504</td><td>0.622114</td><td>2</td></tr><tr><td>319</td><td>0.291831</td><td>0.708169</td><td>0</td><td>-1</td></tr><tr><td>320</td><td>0.0161625</td><td>0.373749</td><td>0.610089</td><td>2</td></tr><tr><td>321</td><td>0.030987</td><td>0.969013</td><td>6.73621e-08</td><td>1</td></tr><tr><td>322</td><td>0.249202</td><td>0.750798</td><td>0</td><td>1</td></tr><tr><td>323</td><td>1</td><td>0</td><td>0</td><td>-1</td></tr><tr><td>324</td><td>0.00925578</td><td>0.990744</td><td>0</td><td>1</td></tr><tr><td>325</td><td>0.00999685</td><td>0.990003</td><td>0</td><td>1</td></tr><tr><td>326</td><td>0.0341051</td><td>0.965895</td><td>0</td><td>1</td></tr><tr><td>327</td><td>0.0401572</td><td>0.959843</td><td>0</td><td>-1</td></tr><tr><td>328</td><td>0.469923</td><td>0.530077</td><td>0</td><td>1</td></tr><tr><td>329</td><td>0.963371</td><td>0.0366295</td><td>0</td><td>0</td></tr><tr><td>330</td><td>0.421218</td><td>0.578782</td><td>0</td><td>1</td></tr><tr><td>331</td><td>0.0129096</td><td>0.907714</td><td>0.0793765</td><td>1</td></tr><tr><td>332</td><td>0.467812</td><td>0.532188</td><td>0</td><td>1</td></tr><tr><td>333</td><td>0.879045</td><td>0.120955</td><td>0</td><td>0</td></tr><tr><td>334</td><td>0.0586272</td><td>0.941373</td><td>0</td><td>1</td></tr><tr><td>335</td><td>0.117693</td><td>0.882307</td><td>0</td><td>1</td></tr><tr><td>336</td><td>0.0871552</td><td>0.912845</td><td>0</td><td>1</td></tr><tr><td>337</td><td>0.102428</td><td>0.763303</td><td>0.134268</td><td>1</td></tr><tr><td>338</td><td>0.332709</td><td>0.667291</td><td>0</td><td>1</td></tr><tr><td>339</td><td>0.266419</td><td>0.733581</td><td>0</td><td>1</td></tr><tr><td>340</td><td>0.556698</td><td>0.443302</td><td>0</td><td>0</td></tr><tr><td>341</td><td>0.181147</td><td>0.818853</td><td>0</td><td>1</td></tr><tr><td>342</td><td>0.886031</td><td>0.113969</td><td>1.16008e-18</td><td>-1</td></tr><tr><td>343</td><td>0.376959</td><td>0.623041</td><td>0</td><td>1</td></tr><tr><td>344</td><td>0.385584</td><td>0.614416</td><td>0</td><td>1</td></tr><tr><td>345</td><td>0.635541</td><td>0.364459</td><td>0</td><td>-1</td></tr><tr><td>346</td><td>0.0731426</td><td>0.883782</td><td>0.043075</td><td>0</td></tr><tr><td>347</td><td>0.30305</td><td>0.679232</td><td>0.017718</td><td>1</td></tr><tr><td>348</td><td>0.226608</td><td>0.769395</td><td>0.00399752</td><td>1</td></tr><tr><td>349</td><td>0.201124</td><td>0.740263</td><td>0.0586133</td><td>1</td></tr><tr><td>350</td><td>0.202385</td><td>0.797615</td><td>0</td><td>1</td></tr><tr><td>351</td><td>0.979886</td><td>0.0201136</td><td>0</td><td>0</td></tr><tr><td>352</td><td>0.045499</td><td>0.853142</td><td>0.101359</td><td>1</td></tr><tr><td>353</td><td>0.000340203</td><td>0.99966</td><td>1.8354e-08</td><td>-1</td></tr><tr><td>354</td><td>0.0658965</td><td>0.856724</td><td>0.0773793</td><td>1</td></tr><tr><td>355</td><td>0.208622</td><td>0.755541</td><td>0.0358366</td><td>0</td></tr><tr><td>356</td><td>0.0936445</td><td>0.906296</td><td>5.90991e-05</td><td>1</td></tr><tr><td>357</td><td>0.120153</td><td>0.879847</td><td>0</td><td>1</td></tr><tr><td>358</td><td>0.446816</td><td>0.553184</td><td>0</td><td>1</td></tr><tr><td>359</td><td>0.403347</td><td>0.596653</td><td>0</td><td>-1</td></tr><tr><td>360</td><td>0.317705</td><td>0.682295</td><td>0</td><td>1</td></tr><tr><td>361</td><td>0.211151</td><td>0.788849</td><td>0</td><td>-1</td></tr><tr><td>362</td><td>0.0436836</td><td>0.956316</td><td>0</td><td>1</td></tr><tr><td>363</td><td>0.190964</td><td>0.809036</td><td>9.50731e-56</td><td>1</td></tr><tr><td>364</td><td>0.141509</td><td>0.858491</td><td>0</td><td>1</td></tr><tr><td>365</td><td>0.395717</td><td>0.604283</td><td>1.06813e-22</td><td>0</td></tr><tr><td>366</td><td>0.0567829</td><td>0.943217</td><td>0</td><td>1</td></tr><tr><td>367</td><td>0.258989</td><td>0.740289</td><td>0.000721604</td><td>-1</td></tr><tr><td>368</td><td>0.0406878</td><td>0.959312</td><td>0</td><td>1</td></tr><tr><td>369</td><td>0.126925</td><td>0.873075</td><td>0</td><td>1</td></tr><tr><td>370</td><td>0.15439</td><td>0.840487</td><td>0.00512251</td><td>1</td></tr><tr><td>371</td><td>0.115319</td><td>0.861935</td><td>0.0227459</td><td>1</td></tr><tr><td>372</td><td>0.1479</td><td>0.8521</td><td>0</td><td>1</td></tr><tr><td>373</td><td>0.638004</td><td>0.361996</td><td>0</td><td>-1</td></tr><tr><td>374</td><td>0.0859748</td><td>0.914025</td><td>0</td><td>-1</td></tr><tr><td>375</td><td>0.00340694</td><td>0.996593</td><td>0</td><td>1</td></tr><tr><td>376</td><td>0.0376777</td><td>0.914061</td><td>0.0482608</td><td>-1</td></tr><tr><td>377</td><td>0.328828</td><td>0.671172</td><td>0</td><td>0</td></tr><tr><td>378</td><td>0.162039</td><td>0.837961</td><td>0</td><td>1</td></tr><tr><td>379</td><td>0.262376</td><td>0.737624</td><td>0</td><td>1</td></tr><tr><td>380</td><td>0.0575854</td><td>0.942415</td><td>0</td><td>1</td></tr><tr><td>381</td><td>0.228187</td><td>0.771813</td><td>0</td><td>1</td></tr><tr><td>382</td><td>0.0737731</td><td>0.910181</td><td>0.0160463</td><td>1</td></tr><tr><td>383</td><td>0.395546</td><td>0.604454</td><td>0</td><td>1</td></tr><tr><td>384</td><td>0.33176</td><td>0.66824</td><td>0</td><td>1</td></tr><tr><td>385</td><td>0.969374</td><td>0.0306264</td><td>0</td><td>0</td></tr><tr><td>386</td><td>0.28252</td><td>0.71748</td><td>0</td><td>1</td></tr><tr><td>387</td><td>0.0365651</td><td>0.963435</td><td>0</td><td>1</td></tr><tr><td>388</td><td>0.056206</td><td>0.943794</td><td>0</td><td>-1</td></tr><tr><td>389</td><td>0.0022321</td><td>0.997768</td><td>0</td><td>1</td></tr><tr><td>390</td><td>0.01031</td><td>0.98969</td><td>0</td><td>1</td></tr><tr><td>391</td><td>0.154695</td><td>0.845305</td><td>0</td><td>-1</td></tr><tr><td>392</td><td>0.117033</td><td>0.882967</td><td>1.88312e-08</td><td>1</td></tr><tr><td>393</td><td>0.341185</td><td>0.658815</td><td>0</td><td>1</td></tr><tr><td>394</td><td>0.0913501</td><td>0.241936</td><td>0.666714</td><td>2</td></tr><tr><td>395</td><td>0.496947</td><td>0.503053</td><td>0</td><td>1</td></tr><tr><td>396</td><td>0.226535</td><td>0.773465</td><td>0</td><td>1</td></tr><tr><td>397</td><td>0.257172</td><td>0.742828</td><td>0</td><td>1</td></tr><tr><td>398</td><td>0.106467</td><td>0.893533</td><td>0</td><td>1</td></tr><tr><td>399</td><td>0.109251</td><td>0.890749</td><td>0</td><td>1</td></tr><tr><td>400</td><td>0.171022</td><td>0.709295</td><td>0.119683</td><td>1</td></tr><tr><td>401</td><td>0.0947613</td><td>0.733358</td><td>0.171881</td><td>0</td></tr><tr><td>402</td><td>0.160305</td><td>0.815513</td><td>0.0241828</td><td>2</td></tr><tr><td>403</td><td>0.298124</td><td>0.701876</td><td>0</td><td>1</td></tr><tr><td>404</td><td>0.309109</td><td>0.690891</td><td>0</td><td>-1</td></tr><tr><td>405</td><td>0.184331</td><td>0.815669</td><td>0</td><td>1</td></tr><tr><td>406</td><td>0.0104379</td><td>0.989562</td><td>0</td><td>1</td></tr><tr><td>407</td><td>0.0857884</td><td>0.914212</td><td>0</td><td>1</td></tr><tr><td>408</td><td>0.0408906</td><td>0.959109</td><td>0</td><td>1</td></tr><tr><td>409</td><td>0.136395</td><td>0.863602</td><td>2.57995e-06</td><td>1</td></tr><tr><td>410</td><td>0.0269736</td><td>0.973026</td><td>0</td><td>1</td></tr><tr><td>411</td><td>0.266334</td><td>0.733666</td><td>0</td><td>1</td></tr><tr><td>412</td><td>0.504557</td><td>0.495443</td><td>0</td><td>1</td></tr><tr><td>413</td><td>0.210656</td><td>0.762737</td><td>0.0266072</td><td>1</td></tr><tr><td>414</td><td>0.382349</td><td>0.617651</td><td>0</td><td>1</td></tr><tr><td>415</td><td>0.0081252</td><td>0.991875</td><td>0</td><td>1</td></tr><tr><td>416</td><td>0.0994883</td><td>0.900512</td><td>0</td><td>1</td></tr><tr><td>417</td><td>0.866142</td><td>0.133858</td><td>0</td><td>-1</td></tr><tr><td>418</td><td>0.296195</td><td>0.703805</td><td>0</td><td>0</td></tr><tr><td>419</td><td>0.0957127</td><td>0.904287</td><td>0</td><td>-1</td></tr><tr><td>420</td><td>0.0340372</td><td>0.37406</td><td>0.591903</td><td>2</td></tr><tr><td>421</td><td>1</td><td>0</td><td>0</td><td>0</td></tr><tr><td>422</td><td>0.308271</td><td>0.691729</td><td>0</td><td>-1</td></tr><tr><td>423</td><td>0.969739</td><td>0</td><td>0.0302609</td><td>-1</td></tr><tr><td>424</td><td>0.0285537</td><td>0.971446</td><td>0</td><td>1</td></tr><tr><td>425</td><td>0.0228668</td><td>0.655029</td><td>0.322104</td><td>1</td></tr><tr><td>426</td><td>1</td><td>0</td><td>0</td><td>0</td></tr><tr><td>427</td><td>0.0521185</td><td>0.947881</td><td>0</td><td>-1</td></tr><tr><td>428</td><td>0.719821</td><td>0.280179</td><td>0</td><td>1</td></tr><tr><td>429</td><td>0.902638</td><td>0.0973615</td><td>0</td><td>0</td></tr><tr><td>430</td><td>0.373558</td><td>0.626442</td><td>1.19251e-07</td><td>-1</td></tr><tr><td>431</td><td>0.337383</td><td>0.662617</td><td>0</td><td>0</td></tr><tr><td>432</td><td>0.199767</td><td>0.800233</td><td>0</td><td>1</td></tr><tr><td>433</td><td>0.117463</td><td>0.882537</td><td>0</td><td>1</td></tr><tr><td>434</td><td>0.0461872</td><td>0.953813</td><td>0</td><td>1</td></tr><tr><td>435</td><td>0.068611</td><td>0.931389</td><td>0</td><td>1</td></tr><tr><td>436</td><td>0.33182</td><td>0.66818</td><td>0</td><td>0</td></tr><tr><td>437</td><td>0.0864988</td><td>0.900399</td><td>0.0131025</td><td>1</td></tr><tr><td>438</td><td>0.0659392</td><td>0.417951</td><td>0.516109</td><td>1</td></tr><tr><td>439</td><td>0.0258928</td><td>0.974107</td><td>4.74564e-07</td><td>1</td></tr><tr><td>440</td><td>0.0401303</td><td>0.95987</td><td>0</td><td>1</td></tr><tr><td>441</td><td>0.3828</td><td>0.6172</td><td>0</td><td>1</td></tr><tr><td>442</td><td>0.0771298</td><td>0.624882</td><td>0.297988</td><td>1</td></tr><tr><td>443</td><td>0.00495097</td><td>0.995049</td><td>0</td><td>1</td></tr><tr><td>444</td><td>0.0180912</td><td>0.948516</td><td>0.033393</td><td>1</td></tr><tr><td>445</td><td>0.909768</td><td>0.0902315</td><td>0</td><td>0</td></tr><tr><td>446</td><td>0.30017</td><td>0.69983</td><td>1.2581e-14</td><td>0</td></tr><tr><td>447</td><td>0.0892937</td><td>0.742489</td><td>0.168217</td><td>2</td></tr><tr><td>448</td><td>0.0201924</td><td>0.979808</td><td>0</td><td>1</td></tr><tr><td>449</td><td>1</td><td>0</td><td>0</td><td>0</td></tr><tr><td>450</td><td>0.246002</td><td>0.753998</td><td>0</td><td>1</td></tr><tr><td>451</td><td>0.290628</td><td>0.709372</td><td>0</td><td>-1</td></tr><tr><td>452</td><td>0.096313</td><td>0.903687</td><td>0</td><td>-1</td></tr><tr><td>453</td><td>0.996761</td><td>0.00323877</td><td>4.98861e-83</td><td>0</td></tr><tr><td>454</td><td>0.337673</td><td>0.640076</td><td>0.022251</td><td>0</td></tr><tr><td>455</td><td>0.290469</td><td>0.631307</td><td>0.0782243</td><td>1</td></tr><tr><td>456</td><td>0.157202</td><td>0.842798</td><td>5.51655e-21</td><td>1</td></tr><tr><td>457</td><td>0.0259379</td><td>0.364397</td><td>0.609665</td><td>2</td></tr><tr><td>458</td><td>0.805973</td><td>0.194027</td><td>0</td><td>-1</td></tr><tr><td>459</td><td>0.0566168</td><td>0.904528</td><td>0.0388549</td><td>1</td></tr><tr><td>460</td><td>0.0647119</td><td>0.935288</td><td>1.41098e-85</td><td>0</td></tr><tr><td>461</td><td>0.383266</td><td>0.616734</td><td>0</td><td>0</td></tr><tr><td>462</td><td>0.368888</td><td>0.631111</td><td>7.17997e-07</td><td>1</td></tr><tr><td>463</td><td>0.47023</td><td>0.516178</td><td>0.0135916</td><td>1</td></tr><tr><td>464</td><td>0.0441177</td><td>0.955882</td><td>0</td><td>-1</td></tr><tr><td>465</td><td>0.244853</td><td>0.59252</td><td>0.162627</td><td>2</td></tr><tr><td>466</td><td>0.512746</td><td>0.487254</td><td>0</td><td>1</td></tr><tr><td>467</td><td>0.442987</td><td>0.543625</td><td>0.0133882</td><td>0</td></tr><tr><td>468</td><td>0.122014</td><td>0.825337</td><td>0.0526489</td><td>1</td></tr><tr><td>469</td><td>0.999432</td><td>0.000568486</td><td>0</td><td>0</td></tr><tr><td>470</td><td>0.290785</td><td>0.709215</td><td>0</td><td>1</td></tr><tr><td>471</td><td>0.0314363</td><td>0.968564</td><td>0</td><td>1</td></tr><tr><td>472</td><td>0.684636</td><td>0.315364</td><td>0</td><td>0</td></tr><tr><td>473</td><td>0.0595298</td><td>0.940469</td><td>1.34124e-06</td><td>1</td></tr><tr><td>474</td><td>0.443191</td><td>0.556809</td><td>0</td><td>0</td></tr><tr><td>475</td><td>0.422306</td><td>0.577694</td><td>0</td><td>1</td></tr><tr><td>476</td><td>0.425519</td><td>0.574481</td><td>0</td><td>1</td></tr><tr><td>477</td><td>0.141855</td><td>0.858145</td><td>0</td><td>0</td></tr><tr><td>478</td><td>0.0359146</td><td>0.47839</td><td>0.485695</td><td>-1</td></tr><tr><td>479</td><td>0.0754367</td><td>0.924563</td><td>0</td><td>-1</td></tr><