<!DOCTYPE HTML PUBLIC "-//W3C//DTD HTML 4.01 Transitional//EN">

<html>
<head>
<script src="http://transp-or.epfl.ch/biogeme/sorttable.js"></script>
<meta http-equiv='Content-Type' content='text/html; charset=utf-8' />
<title>Model5_simulation_PT_sales.html - Report from biogeme 2.6a [Mon Apr 24 10:21:29 BST 2017]</title>
<meta name="keywords" content="biogeme, discrete choice, random utility">
<meta name="description" content="Report from biogeme 2.6a [Mon Apr 24 10:21:29 BST 2017]">
<meta name="author" content="Michel Bierlaire">
<style type=text/css>
<!--table
.biostyle
	{font-size:10.0pt;
	font-weight:400;
	font-style:normal;
	font-family:Courier;}
.boundstyle
	{font-size:10.0pt;
	font-weight:400;
	font-style:normal;
	font-family:Courier;
        color:red}
-->
</style>
</head>

<body bgcolor="#ffffff">
<p>biogeme 2.6a [Mon Apr 24 10:21:29 BST 2017]</p>
<p>Home page: <a href='http://biogeme.epfl.ch' target='_blank'>http://biogeme.epfl.ch</a></p>
<p>Submit questions to <a href='https://groups.google.com/d/forum/biogeme' target='_blank'>https://groups.google.com/d/forum/biogeme</a></p>
<p><a href='http://people.epfl.ch/michel.bierlaire'>Michel Bierlaire</a>, <a href='http://transp-or.epfl.ch'>Transport and Mobility Laboratory</a>, <a href='http://www.epfl.ch'>Ecole Polytechnique F&eacute;d&eacute;rale de Lausanne (EPFL)</a></p>
<p>This file has automatically been generated on
Sat Nov 11 16:36:29 2017</p>
<p>If you drag this HTML file into the Calc application of <a href='http://www.openoffice.org/' target='_blank'>OpenOffice</a>, or the spreadsheet of <a href='https://www.libreoffice.org/' target='_blank'>LibreOffice</a>, you will be able to perform additional calculations.</p><table><tr class=biostyle><td align=right><strong>Report file</strong>:	</td><td>Model5_simulation_PT_sales.html</td></tr><tr class=biostyle><td align=right><strong>Sample file</strong>:	</td><td>__bin_data.dat</td></tr></table><h1>Simulation report</h1>

<p>Number of draws for Monte-Carlo: 1000</p>
<p>Type of draws: MLHS</p>
<h2>Aggregate values</h2><table border='1'>
<tr><th></th><th>01 Prob. PT</th><th>02 Prob. PM</th><th>03 Prob. SM</th><th>Choice</th></tr><tr><th>Total</th><td>568.256</td><td>1376.32</td><td>93.4278</td><td>1017</td></tr><tr><th>Average</th><td>0.27883</td><td>0.675327</td><td>0.0458429</td><td>0.499019</td></tr><tr><th>Non zeros</th><td>2038</td><td>1952</td><td>707</td><td>1569</td></tr><tr><th>Non zeros average</th><td>0.27883</td><td>0.70508</td><td>0.132147</td><td>0.648184</td></tr><tr><th>Minimum</th><td>6.89977e-09</td><td>0</td><td>0</td><td>-1</td></tr><tr><th>Maximum</th><td>1</td><td>1</td><td>0.99066</td><td>2</td></tr></table><h2>Detailed records</h2><table border='1'>
<tr><th>Row</th><th>01 Prob. PT</th><th>02 Prob. PM</th><th>03 Prob. SM</th><th>Choice</th></tr><tr><td>1</td><td>1</td><td>0</td><td>0</td><td>0</td></tr><tr><td>2</td><td>0.133778</td><td>0.838841</td><td>0.0273809</td><td>1</td></tr><tr><td>3</td><td>0.21171</td><td>0.78829</td><td>0</td><td>1</td></tr><tr><td>4</td><td>0.0447887</td><td>0.955211</td><td>0</td><td>1</td></tr><tr><td>5</td><td>0.153151</td><td>0.846849</td><td>2.89188e-07</td><td>1</td></tr><tr><td>6</td><td>0.0191297</td><td>0.978494</td><td>0.00237676</td><td>1</td></tr><tr><td>7</td><td>0.152055</td><td>0.847945</td><td>0</td><td>1</td></tr><tr><td>8</td><td>0.923227</td><td>0.0767729</td><td>0</td><td>0</td></tr><tr><td>9</td><td>0.0810247</td><td>0.862948</td><td>0.0560278</td><td>1</td></tr><tr><td>10</td><td>0.0143328</td><td>0.985667</td><td>0</td><td>1</td></tr><tr><td>11</td><td>0.118482</td><td>0.876596</td><td>0.00492204</td><td>-1</td></tr><tr><td>12</td><td>0.0721257</td><td>0.927874</td><td>0</td><td>1</td></tr><tr><td>13</td><td>0.164572</td><td>0.80634</td><td>0.0290882</td><td>1</td></tr><tr><td>14</td><td>0.0745158</td><td>0.869718</td><td>0.0557662</td><td>1</td></tr><tr><td>15</td><td>0.448503</td><td>0.551497</td><td>0</td><td>1</td></tr><tr><td>16</td><td>0.0445222</td><td>0.673297</td><td>0.282181</td><td>2</td></tr><tr><td>17</td><td>0.0962301</td><td>0.90377</td><td>0</td><td>0</td></tr><tr><td>18</td><td>0.147542</td><td>0.852458</td><td>0</td><td>1</td></tr><tr><td>19</td><td>0.474786</td><td>0.501808</td><td>0.0234065</td><td>-1</td></tr><tr><td>20</td><td>0.0379923</td><td>0.962008</td><td>0</td><td>1</td></tr><tr><td>21</td><td>0.960962</td><td>0.0390376</td><td>2.01734e-49</td><td>0</td></tr><tr><td>22</td><td>0.89545</td><td>0.10455</td><td>3.56154e-14</td><td>0</td></tr><tr><td>23</td><td>0.0965034</td><td>0.903497</td><td>0</td><td>-1</td></tr><tr><td>24</td><td>0.314821</td><td>0.685179</td><td>0</td><td>1</td></tr><tr><td>25</td><td>0.725782</td><td>0.274218</td><td>0</td><td>0</td></tr><tr><td>26</td><td>0.0203677</td><td>0.979632</td><td>0</td><td>-1</td></tr><tr><td>27</td><td>0.745236</td><td>0.254764</td><td>0</td><td>0</td></tr><tr><td>28</td><td>0.0398727</td><td>0.678337</td><td>0.281791</td><td>2</td></tr><tr><td>29</td><td>0.0768041</td><td>0.923196</td><td>8.32952e-14</td><td>-1</td></tr><tr><td>30</td><td>0.617086</td><td>0.382914</td><td>0</td><td>1</td></tr><tr><td>31</td><td>0.0727004</td><td>0.590535</td><td>0.336765</td><td>1</td></tr><tr><td>32</td><td>0.0238565</td><td>0.976144</td><td>0</td><td>1</td></tr><tr><td>33</td><td>0.158126</td><td>0.841874</td><td>0</td><td>0</td></tr><tr><td>34</td><td>0.823182</td><td>0.176818</td><td>0</td><td>1</td></tr><tr><td>35</td><td>0.223035</td><td>0.776965</td><td>0</td><td>-1</td></tr><tr><td>36</td><td>0.451814</td><td>0.548186</td><td>0</td><td>0</td></tr><tr><td>37</td><td>0.626731</td><td>0.373269</td><td>0</td><td>0</td></tr><tr><td>38</td><td>0.274506</td><td>0.694062</td><td>0.0314317</td><td>0</td></tr><tr><td>39</td><td>0.170344</td><td>0.829656</td><td>0</td><td>1</td></tr><tr><td>40</td><td>0.0652857</td><td>0.934714</td><td>0</td><td>-1</td></tr><tr><td>41</td><td>0.419572</td><td>0.580428</td><td>0</td><td>1</td></tr><tr><td>42</td><td>0.165416</td><td>0.834584</td><td>0</td><td>1</td></tr><tr><td>43</td><td>0.0339458</td><td>0.966054</td><td>0</td><td>-1</td></tr><tr><td>44</td><td>0.00290247</td><td>0.997098</td><td>0</td><td>-1</td></tr><tr><td>45</td><td>0.113095</td><td>0.886905</td><td>0</td><td>0</td></tr><tr><td>46</td><td>0.00195127</td><td>0.998049</td><td>0</td><td>1</td></tr><tr><td>47</td><td>1</td><td>0</td><td>0</td><td>0</td></tr><tr><td>48</td><td>0.0205326</td><td>0.979467</td><td>0</td><td>1</td></tr><tr><td>49</td><td>0.0594887</td><td>0.940511</td><td>0</td><td>1</td></tr><tr><td>50</td><td>0.0127025</td><td>0.987298</td><td>0</td><td>1</td></tr><tr><td>51</td><td>0.0912414</td><td>0.908759</td><td>0</td><td>1</td></tr><tr><td>52</td><td>0.975928</td><td>0.0240717</td><td>0</td><td>0</td></tr><tr><td>53</td><td>0.0307264</td><td>0.969274</td><td>0</td><td>1</td></tr><tr><td>54</td><td>1</td><td>0</td><td>0</td><td>0</td></tr><tr><td>55</td><td>0.963234</td><td>0.0367663</td><td>0</td><td>-1</td></tr><tr><td>56</td><td>0.114931</td><td>0.885069</td><td>0</td><td>1</td></tr><tr><td>57</td><td>0.0495015</td><td>0.950499</td><td>0</td><td>2</td></tr><tr><td>58</td><td>0.761341</td><td>0.238659</td><td>0</td><td>-1</td></tr><tr><td>59</td><td>0.0428138</td><td>0.720561</td><td>0.236625</td><td>1</td></tr><tr><td>60</td><td>0.415987</td><td>0.583043</td><td>0.000969842</td><td>1</td></tr><tr><td>61</td><td>0.0572126</td><td>0.911884</td><td>0.0309032</td><td>-1</td></tr><tr><td>62</td><td>0.0159943</td><td>0.37325</td><td>0.610755</td><td>2</td></tr><tr><td>63</td><td>0.00975631</td><td>0.521846</td><td>0.468398</td><td>1</td></tr><tr><td>64</td><td>0.0769227</td><td>0.923077</td><td>0</td><td>1</td></tr><tr><td>65</td><td>0.167601</td><td>0.832399</td><td>0</td><td>1</td></tr><tr><td>66</td><td>0.0374722</td><td>0.729034</td><td>0.233493</td><td>2</td></tr><tr><td>67</td><td>0.00842251</td><td>0.67349</td><td>0.318087</td><td>1</td></tr><tr><td>68</td><td>0.151813</td><td>0.773342</td><td>0.0748447</td><td>2</td></tr><tr><td>69</td><td>0.440818</td><td>0.559182</td><td>0</td><td>1</td></tr><tr><td>70</td><td>0.295066</td><td>0.704934</td><td>0</td><td>1</td></tr><tr><td>71</td><td>0.079764</td><td>0.920236</td><td>0</td><td>2</td></tr><tr><td>72</td><td>0.286135</td><td>0.713865</td><td>0</td><td>-1</td></tr><tr><td>73</td><td>0.0704083</td><td>0.929592</td><td>0</td><td>1</td></tr><tr><td>74</td><td>0.149042</td><td>0.498045</td><td>0.352912</td><td>2</td></tr><tr><td>75</td><td>0.193022</td><td>0.595085</td><td>0.211893</td><td>1</td></tr><tr><td>76</td><td>0.0898154</td><td>0.910185</td><td>0</td><td>0</td></tr><tr><td>77</td><td>0.00848171</td><td>0.384989</td><td>0.60653</td><td>1</td></tr><tr><td>78</td><td>0.0168261</td><td>0.983174</td><td>0</td><td>1</td></tr><tr><td>79</td><td>0.0861729</td><td>0.856082</td><td>0.0577453</td><td>1</td></tr><tr><td>80</td><td>0.0711364</td><td>0.898452</td><td>0.0304114</td><td>1</td></tr><tr><td>81</td><td>0.0339724</td><td>0.966028</td><td>0</td><td>1</td></tr><tr><td>82</td><td>0.320325</td><td>0.679675</td><td>0</td><td>0</td></tr><tr><td>83</td><td>0.150324</td><td>0.849676</td><td>0</td><td>-1</td></tr><tr><td>84</td><td>0.179024</td><td>0.799365</td><td>0.0216115</td><td>1</td></tr><tr><td>85</td><td>0.0184426</td><td>0.981557</td><td>0</td><td>1</td></tr><tr><td>86</td><td>0.198194</td><td>0.701653</td><td>0.100153</td><td>-1</td></tr><tr><td>87</td><td>0.373916</td><td>0.626084</td><td>0</td><td>1</td></tr><tr><td>88</td><td>0.829151</td><td>0.170849</td><td>1.22652e-11</td><td>0</td></tr><tr><td>89</td><td>0.837083</td><td>0.162917</td><td>0</td><td>0</td></tr><tr><td>90</td><td>0.16555</td><td>0.83445</td><td>0</td><td>1</td></tr><tr><td>91</td><td>0.83781</td><td>0.16219</td><td>0</td><td>0</td></tr><tr><td>92</td><td>0.0311041</td><td>0.968896</td><td>4.70854e-33</td><td>0</td></tr><tr><td>93</td><td>0.0110583</td><td>0.988942</td><td>0</td><td>1</td></tr><tr><td>94</td><td>0.351697</td><td>0.648303</td><td>0</td><td>-1</td></tr><tr><td>95</td><td>0.23901</td><td>0.704009</td><td>0.0569814</td><td>1</td></tr><tr><td>96</td><td>0.0199429</td><td>0.980057</td><td>0</td><td>1</td></tr><tr><td>97</td><td>0.982169</td><td>0.0178306</td><td>0</td><td>0</td></tr><tr><td>98</td><td>0.0783626</td><td>0.921637</td><td>0</td><td>1</td></tr><tr><td>99</td><td>0.249014</td><td>0.750986</td><td>0</td><td>1</td></tr><tr><td>100</td><td>0.927834</td><td>0</td><td>0.0721656</td><td>-1</td></tr><tr><td>101</td><td>0.488197</td><td>0.511114</td><td>0.000688787</td><td>0</td></tr><tr><td>102</td><td>0.776426</td><td>0.223574</td><td>0</td><td>0</td></tr><tr><td>103</td><td>0.038758</td><td>0.61509</td><td>0.346152</td><td>2</td></tr><tr><td>104</td><td>0.126513</td><td>0.873487</td><td>0</td><td>1</td></tr><tr><td>105</td><td>0.734198</td><td>0.265802</td><td>0</td><td>0</td></tr><tr><td>106</td><td>0.000845887</td><td>0.999154</td><td>1.59055e-76</td><td>1</td></tr><tr><td>107</td><td>0.148141</td><td>0.778525</td><td>0.0733337</td><td>1</td></tr><tr><td>108</td><td>0.0674682</td><td>0.932398</td><td>0.000134196</td><td>0</td></tr><tr><td>109</td><td>0.0498952</td><td>0.950105</td><td>6.95819e-24</td><td>-1</td></tr><tr><td>110</td><td>0.924823</td><td>0.075177</td><td>1.51228e-69</td><td>-1</td></tr><tr><td>111</td><td>0.916271</td><td>0.0837286</td><td>0</td><td>0</td></tr><tr><td>112</td><td>0.822053</td><td>0.177947</td><td>0</td><td>0</td></tr><tr><td>113</td><td>0.674717</td><td>0.325283</td><td>0</td><td>1</td></tr><tr><td>114</td><td>0.00378218</td><td>0.996131</td><td>8.69007e-05</td><td>1</td></tr><tr><td>115</td><td>0.137711</td><td>0.862289</td><td>4.74981e-08</td><td>1</td></tr><tr><td>116</td><td>0.0895188</td><td>0.910406</td><td>7.51646e-05</td><td>1</td></tr><tr><td>117</td><td>0.535851</td><td>0.464149</td><td>0</td><td>1</td></tr><tr><td>118</td><td>0.968332</td><td>0.0316678</td><td>0</td><td>-1</td></tr><tr><td>119</td><td>0.21731</td><td>0.78269</td><td>0</td><td>-1</td></tr><tr><td>120</td><td>0.120113</td><td>0.841473</td><td>0.0384141</td><td>1</td></tr><tr><td>121</td><td>0.188236</td><td>0.811764</td><td>0</td><td>1</td></tr><tr><td>122</td><td>0.926633</td><td>0.0733665</td><td>0</td><td>0</td></tr><tr><td>123</td><td>0.147718</td><td>0.852282</td><td>0</td><td>1</td></tr><tr><td>124</td><td>0.134426</td><td>0.865574</td><td>0</td><td>1</td></tr><tr><td>125</td><td>0.242755</td><td>0.757245</td><td>8.21553e-10</td><td>1</td></tr><tr><td>126</td><td>0.0656223</td><td>0.934378</td><td>0</td><td>1</td></tr><tr><td>127</td><td>0.434173</td><td>0.565827</td><td>0</td><td>1</td></tr><tr><td>128</td><td>0.183263</td><td>0.6355</td><td>0.181236</td><td>1</td></tr><tr><td>129</td><td>0.137857</td><td>0.862143</td><td>0</td><td>1</td></tr><tr><td>130</td><td>0.791508</td><td>0.208492</td><td>0</td><td>0</td></tr><tr><td>131</td><td>0.0205028</td><td>0.979497</td><td>0</td><td>-1</td></tr><tr><td>132</td><td>0.140274</td><td>0.859726</td><td>1.52699e-08</td><td>0</td></tr><tr><td>133</td><td>0.667362</td><td>0.332638</td><td>0</td><td>1</td></tr><tr><td>134</td><td>0.109322</td><td>0.823559</td><td>0.0671192</td><td>1</td></tr><tr><td>135</td><td>0.0144157</td><td>0.985584</td><td>0</td><td>1</td></tr><tr><td>136</td><td>0.184622</td><td>0.815378</td><td>0</td><td>1</td></tr><tr><td>137</td><td>0.0673455</td><td>0.58786</td><td>0.344795</td><td>2</td></tr><tr><td>138</td><td>0.31924</td><td>0.68076</td><td>0</td><td>0</td></tr><tr><td>139</td><td>0.162089</td><td>0.837911</td><td>4.02796e-19</td><td>1</td></tr><tr><td>140</td><td>0.0374123</td><td>0.962588</td><td>0</td><td>1</td></tr><tr><td>141</td><td>0.067732</td><td>0.932268</td><td>0</td><td>1</td></tr><tr><td>142</td><td>0.961518</td><td>0.0384816</td><td>0</td><td>-1</td></tr><tr><td>143</td><td>0.982181</td><td>0</td><td>0.0178186</td><td>0</td></tr><tr><td>144</td><td>0.814265</td><td>0.185735</td><td>0</td><td>0</td></tr><tr><td>145</td><td>0.201768</td><td>0.798232</td><td>0</td><td>-1</td></tr><tr><td>146</td><td>6.89977e-09</td><td>1</td><td>0</td><td>1</td></tr><tr><td>147</td><td>0.160995</td><td>0.839005</td><td>0</td><td>1</td></tr><tr><td>148</td><td>0.384212</td><td>0.615788</td><td>0</td><td>0</td></tr><tr><td>149</td><td>0.0671373</td><td>0.932863</td><td>7.98736e-21</td><td>1</td></tr><tr><td>150</td><td>0.101386</td><td>0.898614</td><td>0</td><td>1</td></tr><tr><td>151</td><td>0.963371</td><td>0.0366295</td><td>0</td><td>0</td></tr><tr><td>152</td><td>1</td><td>0</td><td>0</td><td>0</td></tr><tr><td>153</td><td>4.31426e-05</td><td>0.999957</td><td>0</td><td>1</td></tr><tr><td>154</td><td>0.60339</td><td>0.39661</td><td>0</td><td>-1</td></tr><tr><td>155</td><td>0.0702528</td><td>0.929747</td><td>0</td><td>-1</td></tr><tr><td>156</td><td>0.862926</td><td>0.137074</td><td>0</td><td>0</td></tr><tr><td>157</td><td>0.28499</td><td>0.658414</td><td>0.056596</td><td>1</td></tr><tr><td>158</td><td>0.0788533</td><td>0.921147</td><td>0</td><td>1</td></tr><tr><td>159</td><td>0.221959</td><td>0.762907</td><td>0.015134</td><td>0</td></tr><tr><td>160</td><td>0.136225</td><td>0.854077</td><td>0.00969776</td><td>-1</td></tr><tr><td>161</td><td>0.60634</td><td>0.39366</td><td>0</td><td>0</td></tr><tr><td>162</td><td>0.864168</td><td>0.135832</td><td>0</td><td>0</td></tr><tr><td>163</td><td>0.260609</td><td>0.739391</td><td>0</td><td>-1</td></tr><tr><td>164</td><td>0.8504</td><td>0.1496</td><td>0</td><td>0</td></tr><tr><td>165</td><td>0.103887</td><td>0.896113</td><td>0</td><td>0</td></tr><tr><td>166</td><td>0.269414</td><td>0.730586</td><td>6.66386e-14</td><td>0</td></tr><tr><td>167</td><td>0.317048</td><td>0.682952</td><td>0</td><td>0</td></tr><tr><td>168</td><td>0.00629966</td><td>0.9937</td><td>0</td><td>1</td></tr><tr><td>169</td><td>0.500888</td><td>0.499112</td><td>0</td><td>0</td></tr><tr><td>170</td><td>0.0770517</td><td>0.852551</td><td>0.0703971</td><td>1</td></tr><tr><td>171</td><td>0.0458065</td><td>0.344487</td><td>0.609707</td><td>2</td></tr><tr><td>172</td><td>0.102205</td><td>0.897795</td><td>0</td><td>1</td></tr><tr><td>173</td><td>0.158712</td><td>0.841288</td><td>0</td><td>1</td></tr><tr><td>174</td><td>0.440035</td><td>0.555712</td><td>0.00425308</td><td>0</td></tr><tr><td>175</td><td>0.174315</td><td>0.825685</td><td>0</td><td>2</td></tr><tr><td>176</td><td>0.0410586</td><td>0.958941</td><td>0</td><td>1</td></tr><tr><td>177</td><td>0.120006</td><td>0.879994</td><td>0</td><td>1</td></tr><tr><td>178</td><td>1</td><td>0</td><td>0</td><td>0</td></tr><tr><td>179</td><td>0.321774</td><td>0.678226</td><td>0</td><td>-1</td></tr><tr><td>180</td><td>0.971898</td><td>0.0281023</td><td>0</td><td>0</td></tr><tr><td>181</td><td>0.0323315</td><td>0.967668</td><td>0</td><td>1</td></tr><tr><td>182</td><td>0.254061</td><td>0.745939</td><td>0</td><td>-1</td></tr><tr><td>183</td><td>0.109427</td><td>0.840062</td><td>0.0505104</td><td>1</td></tr><tr><td>184</td><td>0.0360053</td><td>0.91992</td><td>0.0440742</td><td>1</td></tr><tr><td>185</td><td>0.208312</td><td>0.787638</td><td>0.00405012</td><td>1</td></tr><tr><td>186</td><td>0.165555</td><td>0.76988</td><td>0.0645651</td><td>1</td></tr><tr><td>187</td><td>0.189934</td><td>0.810066</td><td>0</td><td>1</td></tr><tr><td>188</td><td>0.116696</td><td>0.883251</td><td>5.2205e-05</td><td>1</td></tr><tr><td>189</td><td>0.151089</td><td>0.848911</td><td>0</td><td>1</td></tr><tr><td>190</td><td>0.29561</td><td>0.70439</td><td>0</td><td>1</td></tr><tr><td>191</td><td>0.999309</td><td>0.000690943</td><td>0</td><td>-1</td></tr><tr><td>192</td><td>1</td><td>0</td><td>2.42903e-49</td><td>-1</td></tr><tr><td>193</td><td>0.207012</td><td>0.792988</td><td>0</td><td>1</td></tr><tr><td>194</td><td>0.00356287</td><td>0.996437</td><td>0</td><td>1</td></tr><tr><td>195</td><td>0.0758901</td><td>0.92411</td><td>0</td><td>1</td></tr><tr><td>196</td><td>0.0551551</td><td>0.944845</td><td>0</td><td>1</td></tr><tr><td>197</td><td>0.2593</td><td>0.7407</td><td>0</td><td>1</td></tr><tr><td>198</td><td>0.42974</td><td>0.57026</td><td>0</td><td>-1</td></tr><tr><td>199</td><td>0.124981</td><td>0.875019</td><td>0</td><td>1</td></tr><tr><td>200</td><td>0.096591</td><td>0.864785</td><td>0.0386237</td><td>1</td></tr><tr><td>201</td><td>0.267875</td><td>0.732125</td><td>0</td><td>1</td></tr><tr><td>202</td><td>0.009365</td><td>0.990635</td><td>0</td><td>1</td></tr><tr><td>203</td><td>0.298466</td><td>0.701534</td><td>0</td><td>1</td></tr><tr><td>204</td><td>0.674442</td><td>0.324593</td><td>0.000965828</td><td>0</td></tr><tr><td>205</td><td>0.5752</td><td>0.4248</td><td>0</td><td>0</td></tr><tr><td>206</td><td>0.223921</td><td>0.776079</td><td>0</td><td>1</td></tr><tr><td>207</td><td>0.172515</td><td>0.805704</td><td>0.0217808</td><td>1</td></tr><tr><td>208</td><td>0.228256</td><td>0.771744</td><td>0</td><td>1</td></tr><tr><td>209</td><td>0.0423588</td><td>0.436384</td><td>0.521257</td><td>2</td></tr><tr><td>210</td><td>0.0928084</td><td>0.897927</td><td>0.00926441</td><td>1</td></tr><tr><td>211</td><td>0.169437</td><td>0.830563</td><td>0</td><td>1</td></tr><tr><td>212</td><td>0.0426875</td><td>0.957312</td><td>0</td><td>1</td></tr><tr><td>213</td><td>0.548723</td><td>0.451277</td><td>4.52888e-08</td><td>0</td></tr><tr><td>214</td><td>0.248275</td><td>0.751725</td><td>0</td><td>-1</td></tr><tr><td>215</td><td>0.349015</td><td>0.650985</td><td>0</td><td>1</td></tr><tr><td>216</td><td>0.0544739</td><td>0.945526</td><td>0</td><td>1</td></tr><tr><td>217</td><td>0.104158</td><td>0.895425</td><td>0.000416486</td><td>-1</td></tr><tr><td>218</td><td>0.391736</td><td>0.608264</td><td>0</td><td>2</td></tr><tr><td>219</td><td>0.183305</td><td>0.816695</td><td>0</td><td>1</td></tr><tr><td>220</td><td>0.000957137</td><td>0.999043</td><td>1.15575e-14</td><td>1</td></tr><tr><td>221</td><td>0.0250442</td><td>0.973135</td><td>0.00182121</td><td>1</td></tr><tr><td>222</td><td>0.247624</td><td>0.752376</td><td>0</td><td>1</td></tr><tr><td>223</td><td>0.0281489</td><td>0.581981</td><td>0.38987</td><td>1</td></tr><tr><td>224</td><td>0.349586</td><td>0.650414</td><td>0</td><td>1</td></tr><tr><td>225</td><td>0.145965</td><td>0.854035</td><td>0</td><td>1</td></tr><tr><td>226</td><td>0.000476102</td><td>0.999524</td><td>0</td><td>1</td></tr><tr><td>227</td><td>0.839856</td><td>0.160144</td><td>6.3726e-18</td><td>0</td></tr><tr><td>228</td><td>0.0129329</td><td>0.987067</td><td>0</td><td>1</td></tr><tr><td>229</td><td>0.152968</td><td>0.77614</td><td>0.0708922</td><td>1</td></tr><tr><td>230</td><td>0.167149</td><td>0.832851</td><td>7.54866e-08</td><td>1</td></tr><tr><td>231</td><td>1</td><td>0</td><td>7.92202e-18</td><td>0</td></tr><tr><td>232</td><td>0.000102052</td><td>0.999898</td><td>2.40129e-27</td><td>1</td></tr><tr><td>233</td><td>0.325471</td><td>0.660777</td><td>0.0137514</td><td>0</td></tr><tr><td>234</td><td>0.287252</td><td>0.712748</td><td>0</td><td>2</td></tr><tr><td>235</td><td>0.402502</td><td>0.597498</td><td>0</td><td>1</td></tr><tr><td>236</td><td>0.169229</td><td>0.830771</td><td>0</td><td>1</td></tr><tr><td>237</td><td>0.141051</td><td>0.858949</td><td>0</td><td>1</td></tr><tr><td>238</td><td>0.214017</td><td>0.785983</td><td>2.06778e-14</td><td>-1</td></tr><tr><td>239</td><td>0.255589</td><td>0.720657</td><td>0.0237538</td><td>1</td></tr><tr><td>240</td><td>0.299822</td><td>0.700178</td><td>1.25692e-07</td><td>0</td></tr><tr><td>241</td><td>0.93019</td><td>0.0698101</td><td>0</td><td>-1</td></tr><tr><td>242</td><td>0.0267325</td><td>0.973268</td><td>0</td><td>-1</td></tr><tr><td>243</td><td>0.0675782</td><td>0.932422</td><td>0</td><td>-1</td></tr><tr><td>244</td><td>0.176847</td><td>0.823153</td><td>0</td><td>1</td></tr><tr><td>245</td><td>0.0161539</td><td>0.983846</td><td>1.77082e-17</td><td>1</td></tr><tr><td>246</td><td>0.104073</td><td>0.895927</td><td>0</td><td>0</td></tr><tr><td>247</td><td>0.0295644</td><td>0.944821</td><td>0.0256147</td><td>1</td></tr><tr><td>248</td><td>0.75479</td><td>0.24521</td><td>0</td><td>0</td></tr><tr><td>249</td><td>0.0716087</td><td>0.912307</td><td>0.0160838</td><td>-1</td></tr><tr><td>250</td><td>0.253447</td><td>0.746553</td><td>0</td><td>1</td></tr><tr><td>251</td><td>0.115413</td><td>0.799387</td><td>0.0852005</td><td>1</td></tr><tr><td>252</td><td>0.00311086</td><td>0.996889</td><td>0</td><td>1</td></tr><tr><td>253</td><td>0.072487</td><td>0.447925</td><td>0.479588</td><td>1</td></tr><tr><td>254</td><td>0.0655861</td><td>0.87631</td><td>0.0581039</td><td>1</td></tr><tr><td>255</td><td>0.170921</td><td>0.379559</td><td>0.44952</td><td>2</td></tr><tr><td>256</td><td>0.238515</td><td>0.761485</td><td>0</td><td>1</td></tr><tr><td>257</td><td>0.108631</td><td>0.891318</td><td>5.04747e-05</td><td>1</td></tr><tr><td>258</td><td>0.00258826</td><td>0.997412</td><td>0</td><td>1</td></tr><tr><td>259</td><td>0.207186</td><td>0.792814</td><td>0</td><td>0</td></tr><tr><td>260</td><td>0.0238035</td><td>0.765755</td><td>0.210442</td><td>1</td></tr><tr><td>261</td><td>0.292412</td><td>0.707588</td><td>0</td><td>1</td></tr><tr><td>262</td><td>0.00574207</td><td>0.994258</td><td>3.61674e-12</td><td>1</td></tr><tr><td>263</td><td>1</td><td>0</td><td>2.58996e-53</td><td>-1</td></tr><tr><td>264</td><td>0.909625</td><td>0.0903752</td><td>0</td><td>0</td></tr><tr><td>265</td><td>0.224893</td><td>0.71403</td><td>0.0610773</td><td>1</td></tr><tr><td>266</td><td>0.0119009</td><td>0.988099</td><td>0</td><td>1</td></tr><tr><td>267</td><td>0.303952</td><td>0.688704</td><td>0.00734408</td><td>1</td></tr><tr><td>268</td><td>0.0681101</td><td>0.93189</td><td>0</td><td>1</td></tr><tr><td>269</td><td>0.495679</td><td>0.504321</td><td>0</td><td>0</td></tr><tr><td>270</td><td>0.423726</td><td>0.576274</td><td>0</td><td>1</td></tr><tr><td>271</td><td>0.0344186</td><td>0.417132</td><td>0.548449</td><td>-1</td></tr><tr><td>272</td><td>0.00704027</td><td>0.99296</td><td>0</td><td>-1</td></tr><tr><td>273</td><td>0.947653</td><td>0.0523471</td><td>0</td><td>0</td></tr><tr><td>274</td><td>0.496516</td><td>0.503484</td><td>0</td><td>1</td></tr><tr><td>275</td><td>0.178877</td><td>0.821123</td><td>0</td><td>1</td></tr><tr><td>276</td><td>0.965125</td><td>0.0348754</td><td>0</td><td>0</td></tr><tr><td>277</td><td>0.0592629</td><td>0.940737</td><td>0</td><td>1</td></tr><tr><td>278</td><td>0.485702</td><td>0.514298</td><td>0</td><td>-1</td></tr><tr><td>279</td><td>0.993843</td><td>0.00615651</td><td>0</td><td>-1</td></tr><tr><td>280</td><td>0.174369</td><td>0.825631</td><td>0</td><td>1</td></tr><tr><td>281</td><td>0.0962251</td><td>0.903775</td><td>0</td><td>1</td></tr><tr><td>282</td><td>0.0264406</td><td>0.973559</td><td>0</td><td>-1</td></tr><tr><td>283</td><td>0.231628</td><td>0.608537</td><td>0.159835</td><td>-1</td></tr><tr><td>284</td><td>0.133501</td><td>0.567657</td><td>0.298841</td><td>1</td></tr><tr><td>285</td><td>0.151122</td><td>0.848293</td><td>0.000585245</td><td>1</td></tr><tr><td>286</td><td>0.345957</td><td>0.654043</td><td>6.68759e-11</td><td>1</td></tr><tr><td>287</td><td>0.342425</td><td>0.657575</td><td>0</td><td>1</td></tr><tr><td>288</td><td>0.0164581</td><td>0.983542</td><td>0</td><td>-1</td></tr><tr><td>289</td><td>0.105281</td><td>0.894719</td><td>0</td><td>1</td></tr><tr><td>290</td><td>0.115558</td><td>0.508199</td><td>0.376243</td><td>2</td></tr><tr><td>291</td><td>0.148352</td><td>0.851648</td><td>0</td><td>1</td></tr><tr><td>292</td><td>0.243768</td><td>0.756232</td><td>0</td><td>1</td></tr><tr><td>293</td><td>0.0026919</td><td>0.997308</td><td>3.99374e-09</td><td>1</td></tr><tr><td>294</td><td>0.266997</td><td>0.733003</td><td>0</td><td>1</td></tr><tr><td>295</td><td>0.551343</td><td>0.448657</td><td>0</td><td>1</td></tr><tr><td>296</td><td>0.126727</td><td>0.861489</td><td>0.0117845</td><td>-1</td></tr><tr><td>297</td><td>0.188861</td><td>0.811139</td><td>0</td><td>1</td></tr><tr><td>298</td><td>0.385874</td><td>0.614126</td><td>0</td><td>1</td></tr><tr><td>299</td><td>0.00121121</td><td>0.998789</td><td>0</td><td>1</td></tr><tr><td>300</td><td>0.153955</td><td>0.846045</td><td>0</td><td>1</td></tr><tr><td>301</td><td>0.321195</td><td>0.678805</td><td>0</td><td>1</td></tr><tr><td>302</td><td>0.2481</td><td>0.706551</td><td>0.0453492</td><td>1</td></tr><tr><td>303</td><td>0.0632269</td><td>0.936773</td><td>0</td><td>1</td></tr><tr><td>304</td><td>0.323608</td><td>0.676392</td><td>0</td><td>0</td></tr><tr><td>305</td><td>0.179161</td><td>0.820839</td><td>0</td><td>0</td></tr><tr><td>306</td><td>0.0379078</td><td>0.962092</td><td>0</td><td>1</td></tr><tr><td>307</td><td>0.0275507</td><td>0.952605</td><td>0.0198446</td><td>1</td></tr><tr><td>308</td><td>0.216969</td><td>0.783031</td><td>0</td><td>0</td></tr><tr><td>309</td><td>0.684982</td><td>0.315018</td><td>0</td><td>0</td></tr><tr><td>310</td><td>0.130347</td><td>0.869653</td><td>0</td><td>1</td></tr><tr><td>311</td><td>0.797634</td><td>0.202366</td><td>0</td><td>0</td></tr><tr><td>312</td><td>0.141808</td><td>0.858192</td><td>0</td><td>1</td></tr><tr><td>313</td><td>0.687129</td><td>0.312871</td><td>0</td><td>0</td></tr><tr><td>314</td><td>0.230842</td><td>0.769158</td><td>0</td><td>1</td></tr><tr><td>315</td><td>0.0477205</td><td>0.95228</td><td>0</td><td>-1</td></tr><tr><td>316</td><td>0.19223</td><td>0.7354</td><td>0.0723709</td><td>1</td></tr><tr><td>317</td><td>1</td><td>0</td><td>0</td><td>0</td></tr><tr><td>318</td><td>0.0124453</td><td>0.365188</td><td>0.622367</td><td>2</td></tr><tr><td>319</td><td>0.252145</td><td>0.747855</td><td>0</td><td>-1</td></tr><tr><td>320</td><td>0.0156597</td><td>0.37394</td><td>0.6104</td><td>2</td></tr><tr><td>321</td><td>0.024763</td><td>0.975237</td><td>6.77947e-08</td><td>1</td></tr><tr><td>322</td><td>0.239235</td><td>0.760765</td><td>0</td><td>1</td></tr><tr><td>323</td><td>1</td><td>0</td><td>0</td><td>-1</td></tr><tr><td>324</td><td>0.00771291</td><td>0.992287</td><td>0</td><td>1</td></tr><tr><td>325</td><td>0.00795431</td><td>0.992046</td><td>0</td><td>1</td></tr><tr><td>326</td><td>0.0239275</td><td>0.976072</td><td>0</td><td>1</td></tr><tr><td>327</td><td>0.0297882</td><td>0.970212</td><td>0</td><td>-1</td></tr><tr><td>328</td><td>0.456133</td><td>0.543867</td><td>0</td><td>1</td></tr><tr><td>329</td><td>0.963371</td><td>0.0366295</td><td>0</td><td>0</td></tr><tr><td>330</td><td>0.292329</td><td>0.707671</td><td>0</td><td>1</td></tr><tr><td>331</td><td>0.0124348</td><td>0.90815</td><td>0.0794147</td><td>1</td></tr><tr><td>332</td><td>0.439242</td><td>0.560758</td><td>0</td><td>1</td></tr><tr><td>333</td><td>0.70439</td><td>0.29561</td><td>0</td><td>0</td></tr><tr><td>334</td><td>0.0554868</td><td>0.944513</td><td>0</td><td>1</td></tr><tr><td>335</td><td>0.0950192</td><td>0.904981</td><td>0</td><td>1</td></tr><tr><td>336</td><td>0.080435</td><td>0.919565</td><td>0</td><td>1</td></tr><tr><td>337</td><td>0.0995137</td><td>0.765782</td><td>0.134704</td><td>1</td></tr><tr><td>338</td><td>0.325618</td><td>0.674382</td><td>0</td><td>1</td></tr><tr><td>339</td><td>0.245849</td><td>0.754151</td><td>0</td><td>1</td></tr><tr><td>340</td><td>0.556698</td><td>0.443302</td><td>0</td><td>0</td></tr><tr><td>341</td><td>0.15776</td><td>0.84224</td><td>0</td><td>1</td></tr><tr><td>342</td><td>0.886031</td><td>0.113969</td><td>1.16008e-18</td><td>-1</td></tr><tr><td>343</td><td>0.364025</td><td>0.635975</td><td>0</td><td>1</td></tr><tr><td>344</td><td>0.356974</td><td>0.643026</td><td>0</td><td>1</td></tr><tr><td>345</td><td>0.635541</td><td>0.364459</td><td>0</td><td>-1</td></tr><tr><td>346</td><td>0.0709953</td><td>0.88583</td><td>0.0431747</td><td>0</td></tr><tr><td>347</td><td>0.277211</td><td>0.704414</td><td>0.0183749</td><td>1</td></tr><tr><td>348</td><td>0.207758</td><td>0.788147</td><td>0.00409495</td><td>1</td></tr><tr><td>349</td><td>0.196014</td><td>0.744998</td><td>0.0589882</td><td>1</td></tr><tr><td>350</td><td>0.165665</td><td>0.834335</td><td>0</td><td>1</td></tr><tr><td>351</td><td>0.979886</td><td>0.0201136</td><td>0</td><td>0</td></tr><tr><td>352</td><td>0.0427899</td><td>0.855563</td><td>0.101647</td><td>1</td></tr><tr><td>353</td><td>0.00013686</td><td>0.999863</td><td>1.83577e-08</td><td>-1</td></tr><tr><td>354</td><td>0.0629068</td><td>0.859466</td><td>0.0776269</td><td>1</td></tr><tr><td>355</td><td>0.199613</td><td>0.764143</td><td>0.0362446</td><td>0</td></tr><tr><td>356</td><td>0.0808777</td><td>0.919062</td><td>5.99315e-05</td><td>1</td></tr><tr><td>357</td><td>0.0879949</td><td>0.912005</td><td>0</td><td>1</td></tr><tr><td>358</td><td>0.436019</td><td>0.563981</td><td>0</td><td>1</td></tr><tr><td>359</td><td>0.384878</td><td>0.615122</td><td>0</td><td>-1</td></tr><tr><td>360</td><td>0.286939</td><td>0.713061</td><td>0</td><td>1</td></tr><tr><td>361</td><td>0.198089</td><td>0.801911</td><td>0</td><td>-1</td></tr><tr><td>362</td><td>0.0372368</td><td>0.962763</td><td>0</td><td>1</td></tr><tr><td>363</td><td>0.111475</td><td>0.888525</td><td>1.04414e-55</td><td>1</td></tr><tr><td>364</td><td>0.103497</td><td>0.896503</td><td>0</td><td>1</td></tr><tr><td>365</td><td>0.291627</td><td>0.708373</td><td>1.25212e-22</td><td>0</td></tr><tr><td>366</td><td>0.0527061</td><td>0.947294</td><td>0</td><td>1</td></tr><tr><td>367</td><td>0.238275</td><td>0.760983</td><td>0.000741776</td><td>-1</td></tr><tr><td>368</td><td>0.0174604</td><td>0.98254</td><td>0</td><td>1</td></tr><tr><td>369</td><td>0.0257499</td><td>0.97425</td><td>0</td><td>1</td></tr><tr><td>370</td><td>0.125333</td><td>0.869368</td><td>0.00529853</td><td>1</td></tr><tr><td>371</td><td>0.112084</td><td>0.865087</td><td>0.0228291</td><td>1</td></tr><tr><td>372</td><td>0.139287</td><td>0.860713</td><td>0</td><td>1</td></tr><tr><td>373</td><td>0.369625</td><td>0.630375</td><td>0</td><td>-1</td></tr><tr><td>374</td><td>0.0859748</td><td>0.914025</td><td>0</td><td>-1</td></tr><tr><td>375</td><td>0.00223381</td><td>0.997766</td><td>0</td><td>1</td></tr><tr><td>376</td><td>0.0365306</td><td>0.915151</td><td>0.0483184</td><td>-1</td></tr><tr><td>377</td><td>0.311047</td><td>0.688953</td><td>0</td><td>0</td></tr><tr><td>378</td><td>0.151245</td><td>0.848755</td><td>0</td><td>1</td></tr><tr><td>379</td><td>0.251784</td><td>0.748216</td><td>0</td><td>1</td></tr><tr><td>380</td><td>0.0512815</td><td>0.948718</td><td>0</td><td>1</td></tr><tr><td>381</td><td>0.198349</td><td>0.801651</td><td>0</td><td>1</td></tr><tr><td>382</td><td>0.0716087</td><td>0.912307</td><td>0.0160838</td><td>1</td></tr><tr><td>383</td><td>0.369354</td><td>0.630646</td><td>0</td><td>1</td></tr><tr><td>384</td><td>0.33176</td><td>0.66824</td><td>0</td><td>1</td></tr><tr><td>385</td><td>0.918554</td><td>0.0814465</td><td>0</td><td>0</td></tr><tr><td>386</td><td>0.26625</td><td>0.73375</td><td>0</td><td>1</td></tr><tr><td>387</td><td>0.0255273</td><td>0.974473</td><td>0</td><td>1</td></tr><tr><td>388</td><td>0.0517369</td><td>0.948263</td><td>0</td><td>-1</td></tr><tr><td>389</td><td>0.000675456</td><td>0.999325</td><td>0</td><td>1</td></tr><tr><td>390</td><td>0.00599886</td><td>0.994001</td><td>0</td><td>1</td></tr><tr><td>391</td><td>0.131641</td><td>0.868359</td><td>0</td><td>-1</td></tr><tr><td>392</td><td>0.0944729</td><td>0.905527</td><td>1.93123e-08</td><td>1</td></tr><tr><td>393</td><td>0.301129</td><td>0.698871</td><td>0</td><td>1</td></tr><tr><td>394</td><td>0.0861574</td><td>0.243319</td><td>0.670524</td><td>2</td></tr><tr><td>395</td><td>0.486733</td><td>0.513267</td><td>0</td><td>1</td></tr><tr><td>396</td><td>0.216964</td><td>0.783036</td><td>0</td><td>1</td></tr><tr><td>397</td><td>0.250537</td><td>0.749463</td><td>0</td><td>1</td></tr><tr><td>398</td><td>0.0999837</td><td>0.900016</td><td>0</td><td>1</td></tr><tr><td>399</td><td>0.0899343</td><td>0.910066</td><td>0</td><td>1</td></tr><tr><td>400</td><td>0.163301</td><td>0.715901</td><td>0.120798</td><td>1</td></tr><tr><td>401</td><td>0.0910712</td><td>0.736348</td><td>0.172581</td><td>0</td></tr><tr><td>402</td><td>0.156029</td><td>0.819665</td><td>0.0243059</td><td>2</td></tr><tr><td>403</td><td>0.298124</td><td>0.701876</td><td>0</td><td>1</td></tr><tr><td>404</td><td>0.302293</td><td>0.697707</td><td>0</td><td>-1</td></tr><tr><td>405</td><td>0.147312</td><td>0.852688</td><td>0</td><td>1</td></tr><tr><td>406</td><td>0.00885205</td><td>0.991148</td><td>0</td><td>1</td></tr><tr><td>407</td><td>0.068782</td><td>0.931218</td><td>0</td><td>1</td></tr><tr><td>408</td><td>0.0350379</td><td>0.964962</td><td>0</td><td>1</td></tr><tr><td>409</td><td>0.117953</td><td>0.882044</td><td>2.63504e-06</td><td>1</td></tr><tr><td>410</td><td>0.0139272</td><td>0.986073</td><td>0</td><td>1</td></tr><tr><td>411</td><td>0.223248</td><td>0.776752</td><td>0</td><td>1</td></tr><tr><td>412</td><td>0.424853</td><td>0.575147</td><td>0</td><td>1</td></tr><tr><td>413</td><td>0.198777</td><td>0.774215</td><td>0.0270077</td><td>1</td></tr><tr><td>414</td><td>0.369339</td><td>0.630661</td><td>0</td><td>1</td></tr><tr><td>415</td><td>0.00721527</td><td>0.992785</td><td>0</td><td>1</td></tr><tr><td>416</td><td>0.0927693</td><td>0.907231</td><td>0</td><td>1</td></tr><tr><td>417</td><td>0.866142</td><td>0.133858</td><td>0</td><td>-1</td></tr><tr><td>418</td><td>0.281211</td><td>0.718789</td><td>0</td><td>0</td></tr><tr><td>419</td><td>0.0878102</td><td>0.91219</td><td>0</td><td>-1</td></tr><tr><td>420</td><td>0.031096</td><td>0.375199</td><td>0.593705</td><td>2</td></tr><tr><td>421</td><td>1</td><td>0</td><td>0</td><td>0</td></tr><tr><td>422</td><td>0.296572</td><td>0.703428</td><td>0</td><td>-1</td></tr><tr><td>423</td><td>0.968782</td><td>0</td><td>0.0312176</td><td>-1</td></tr><tr><td>424</td><td>0.00935389</td><td>0.990646</td><td>0</td><td>1</td></tr><tr><td>425</td><td>0.0221602</td><td>0.655503</td><td>0.322337</td><td>1</td></tr><tr><td>426</td><td>1</td><td>0</td><td>0</td><td>0</td></tr><tr><td>427</td><td>0.0447336</td><td>0.955266</td><td>0</td><td>-1</td></tr><tr><td>428</td><td>0.704262</td><td>0.295738</td><td>0</td><td>1</td></tr><tr><td>429</td><td>0.902638</td><td>0.0973615</td><td>0</td><td>0</td></tr><tr><td>430</td><td>0.340734</td><td>0.659266</td><td>1.25499e-07</td><td>-1</td></tr><tr><td>431</td><td>0.315564</td><td>0.684436</td><td>0</td><td>0</td></tr><tr><td>432</td><td>0.176813</td><td>0.823187</td><td>0</td><td>1</td></tr><tr><td>433</td><td>0.111834</td><td>0.888166</td><td>0</td><td>1</td></tr><tr><td>434</td><td>0.0444198</td><td>0.95558</td><td>0</td><td>1</td></tr><tr><td>435</td><td>0.0635683</td><td>0.936432</td><td>0</td><td>1</td></tr><tr><td>436</td><td>0.314897</td><td>0.685103</td><td>0</td><td>0</td></tr><tr><td>437</td><td>0.0833236</td><td>0.903528</td><td>0.013148</td><td>1</td></tr><tr><td>438</td><td>0.0639888</td><td>0.418824</td><td>0.517187</td><td>1</td></tr><tr><td>439</td><td>0.0171099</td><td>0.98289</td><td>4.78843e-07</td><td>1</td></tr><tr><td>440</td><td>0.031368</td><td>0.968632</td><td>0</td><td>1</td></tr><tr><td>441</td><td>0.371827</td><td>0.628173</td><td>0</td><td>1</td></tr><tr><td>442</td><td>0.0748749</td><td>0.626409</td><td>0.298716</td><td>1</td></tr><tr><td>443</td><td>0.00461752</td><td>0.995382</td><td>0</td><td>1</td></tr><tr><td>444</td><td>0.0167911</td><td>0.949772</td><td>0.0334372</td><td>1</td></tr><tr><td>445</td><td>0.909768</td><td>0.0902315</td><td>0</td><td>0</td></tr><tr><td>446</td><td>0.226885</td><td>0.773115</td><td>1.38984e-14</td><td>0</td></tr><tr><td>447</td><td>0.0892937</td><td>0.742489</td><td>0.168217</td><td>2</td></tr><tr><td>448</td><td>0.0171995</td><td>0.9828</td><td>0</td><td>1</td></tr><tr><td>449</td><td>1</td><td>0</td><td>0</td><td>0</td></tr><tr><td>450</td><td>0.218941</td><td>0.781059</td><td>0</td><td>1</td></tr><tr><td>451</td><td>0.279328</td><td>0.720672</td><td>0</td><td>-1</td></tr><tr><td>452</td><td>0.0903852</td><td>0.909615</td><td>0</td><td>-1</td></tr><tr><td>453</td><td>0.996761</td><td>0.00323877</td><td>4.98861e-83</td><td>0</td></tr><tr><td>454</td><td>0.327951</td><td>0.649472</td><td>0.0225776</td><td>0</td></tr><tr><td>455</td><td>0.278585</td><td>0.641881</td><td>0.0795345</td><td>1</td></tr><tr><td>456</td><td>0.0942313</td><td>0.905769</td><td>5.92872e-21</td><td>1</td></tr><tr><td>457</td><td>0.0251389</td><td>0.364696</td><td>0.610166</td><td>2</td></tr><tr><td>458</td><td>0.644178</td><td>0.355822</td><td>0</td><td>-1</td></tr><tr><td>459</td><td>0.0546236</td><td>0.906439</td><td>0.038937</td><td>1</td></tr><tr><td>460</td><td>0.0146811</td><td>0.985319</td><td>1.48646e-85</td><td>0</td></tr><tr><td>461</td><td>0.35073</td><td>0.64927</td><td>0</td><td>0</td></tr><tr><td>462</td><td>0.340175</td><td>0.659825</td><td>7.50663e-07</td><td>1</td></tr><tr><td>463</td><td>0.459338</td><td>0.526791</td><td>0.013871</td><td>1</td></tr><tr><td>464</td><td>0.0367215</td><td>0.963279</td><td>0</td><td>-1</td></tr><tr><td>465</td><td>0.238964</td><td>0.597141</td><td>0.163895</td><td>2</td></tr><tr><td>466</td><td>0.491585</td><td>0.508415</td><td>0</td><td>1</td></tr><tr><td>467</td><td>0.420076</td><td>0.565985</td><td>0.0139389</td><td>0</td></tr><tr><td>468</td><td>0.115597</td><td>0.831369</td><td>0.0530337</td><td>1</td></tr><tr><td>469</td><td>0.999432</td><td>0.000568486</td><td>0</td><td>0</td></tr><tr><td>470</td><td>0.250506</td><td>0.749494</td><td>0</td><td>1</td></tr><tr><td>471</td><td>0.0268988</td><td>0.973101</td><td>0</td><td>1</td></tr><tr><td>472</td><td>0.67254</td><td>0.32746</td><td>0</td><td>0</td></tr><tr><td>473</td><td>0.0250397</td><td>0.974959</td><td>1.39042e-06</td><td>1</td></tr><tr><td>474</td><td>0.42955</td><td>0.57045</td><td>0</td><td>0</td></tr><tr><td>475</td><td>0.311101</td><td>0.688899</td><td>0</td><td>1</td></tr><tr><td>476</td><td>0.417689</td><td>0.582311</td><td>0</td><td>1</td></tr><tr><td>477</td><td>0.131524</td><td>0.868476</td><td>0</td><td>0</td></tr><tr><td>478</td><td>0.0348191</td><td>0.478934</td><td>0.486247</td><td>-1</td></tr><tr><td>479</td><td>0.0623641</td><td>0.937636</t