<!DOCTYPE HTML PUBLIC "-//W3C//DTD HTML 4.01 Transitional//EN">

<html>
<head>
<script src="http://transp-or.epfl.ch/biogeme/sorttable.js"></script>
<meta http-equiv='Content-Type' content='text/html; charset=utf-8' />
<title>Model5_simulation_PT_sales.html - Report from biogeme 2.6a [Mon Apr 24 10:21:29 BST 2017]</title>
<meta name="keywords" content="biogeme, discrete choice, random utility">
<meta name="description" content="Report from biogeme 2.6a [Mon Apr 24 10:21:29 BST 2017]">
<meta name="author" content="Michel Bierlaire">
<style type=text/css>
<!--table
.biostyle
	{font-size:10.0pt;
	font-weight:400;
	font-style:normal;
	font-family:Courier;}
.boundstyle
	{font-size:10.0pt;
	font-weight:400;
	font-style:normal;
	font-family:Courier;
        color:red}
-->
</style>
</head>

<body bgcolor="#ffffff">
<p>biogeme 2.6a [Mon Apr 24 10:21:29 BST 2017]</p>
<p>Home page: <a href='http://biogeme.epfl.ch' target='_blank'>http://biogeme.epfl.ch</a></p>
<p>Submit questions to <a href='https://groups.google.com/d/forum/biogeme' target='_blank'>https://groups.google.com/d/forum/biogeme</a></p>
<p><a href='http://people.epfl.ch/michel.bierlaire'>Michel Bierlaire</a>, <a href='http://transp-or.epfl.ch'>Transport and Mobility Laboratory</a>, <a href='http://www.epfl.ch'>Ecole Polytechnique F&eacute;d&eacute;rale de Lausanne (EPFL)</a></p>
<p>This file has automatically been generated on
Sat Nov 11 16:35:29 2017</p>
<p>If you drag this HTML file into the Calc application of <a href='http://www.openoffice.org/' target='_blank'>OpenOffice</a>, or the spreadsheet of <a href='https://www.libreoffice.org/' target='_blank'>LibreOffice</a>, you will be able to perform additional calculations.</p><table><tr class=biostyle><td align=right><strong>Report file</strong>:	</td><td>Model5_simulation_PT_sales.html</td></tr><tr class=biostyle><td align=right><strong>Sample file</strong>:	</td><td>__bin_data.dat</td></tr></table><h1>Simulation report</h1>

<p>Number of draws for Monte-Carlo: 1000</p>
<p>Type of draws: MLHS</p>
<h2>Aggregate values</h2><table border='1'>
<tr><th></th><th>01 Prob. PT</th><th>02 Prob. PM</th><th>03 Prob. SM</th><th>Choice</th></tr><tr><th>Total</th><td>629.084</td><td>1316.12</td><td>92.798</td><td>1017</td></tr><tr><th>Average</th><td>0.308677</td><td>0.645789</td><td>0.0455339</td><td>0.499019</td></tr><tr><th>Non zeros</th><td>2038</td><td>1952</td><td>707</td><td>1569</td></tr><tr><th>Non zeros average</th><td>0.308677</td><td>0.674241</td><td>0.131256</td><td>0.648184</td></tr><tr><th>Minimum</th><td>8.7148e-09</td><td>0</td><td>0</td><td>-1</td></tr><tr><th>Maximum</th><td>1</td><td>1</td><td>0.929035</td><td>2</td></tr></table><h2>Detailed records</h2><table border='1'>
<tr><th>Row</th><th>01 Prob. PT</th><th>02 Prob. PM</th><th>03 Prob. SM</th><th>Choice</th></tr><tr><td>1</td><td>1</td><td>0</td><td>0</td><td>0</td></tr><tr><td>2</td><td>0.169294</td><td>0.804448</td><td>0.0262582</td><td>1</td></tr><tr><td>3</td><td>0.247814</td><td>0.752186</td><td>0</td><td>1</td></tr><tr><td>4</td><td>0.0818288</td><td>0.918171</td><td>0</td><td>1</td></tr><tr><td>5</td><td>0.173751</td><td>0.826249</td><td>2.82154e-07</td><td>1</td></tr><tr><td>6</td><td>0.0205483</td><td>0.977078</td><td>0.00237332</td><td>1</td></tr><tr><td>7</td><td>0.166376</td><td>0.833624</td><td>0</td><td>1</td></tr><tr><td>8</td><td>0.923227</td><td>0.0767729</td><td>0</td><td>0</td></tr><tr><td>9</td><td>0.0866276</td><td>0.857686</td><td>0.0556862</td><td>1</td></tr><tr><td>10</td><td>0.0242312</td><td>0.975769</td><td>0</td><td>1</td></tr><tr><td>11</td><td>0.124187</td><td>0.870923</td><td>0.00489019</td><td>-1</td></tr><tr><td>12</td><td>0.0944789</td><td>0.905521</td><td>0</td><td>1</td></tr><tr><td>13</td><td>0.172063</td><td>0.79911</td><td>0.0288274</td><td>1</td></tr><tr><td>14</td><td>0.0815105</td><td>0.863145</td><td>0.0553447</td><td>1</td></tr><tr><td>15</td><td>0.579016</td><td>0.420984</td><td>0</td><td>1</td></tr><tr><td>16</td><td>0.0468552</td><td>0.671653</td><td>0.281492</td><td>2</td></tr><tr><td>17</td><td>0.113064</td><td>0.886936</td><td>0</td><td>0</td></tr><tr><td>18</td><td>0.172341</td><td>0.827659</td><td>0</td><td>1</td></tr><tr><td>19</td><td>0.488146</td><td>0.489043</td><td>0.0228111</td><td>-1</td></tr><tr><td>20</td><td>0.0399974</td><td>0.960003</td><td>0</td><td>1</td></tr><tr><td>21</td><td>0.960962</td><td>0.0390376</td><td>2.01734e-49</td><td>0</td></tr><tr><td>22</td><td>0.89545</td><td>0.10455</td><td>3.56154e-14</td><td>0</td></tr><tr><td>23</td><td>0.114361</td><td>0.885639</td><td>0</td><td>-1</td></tr><tr><td>24</td><td>0.335094</td><td>0.664906</td><td>0</td><td>1</td></tr><tr><td>25</td><td>0.825946</td><td>0.174054</td><td>0</td><td>0</td></tr><tr><td>26</td><td>0.0352688</td><td>0.964731</td><td>0</td><td>-1</td></tr><tr><td>27</td><td>0.830145</td><td>0.169855</td><td>0</td><td>0</td></tr><tr><td>28</td><td>0.0427624</td><td>0.676295</td><td>0.280943</td><td>2</td></tr><tr><td>29</td><td>0.143567</td><td>0.856433</td><td>7.72715e-14</td><td>-1</td></tr><tr><td>30</td><td>0.771916</td><td>0.228084</td><td>0</td><td>1</td></tr><tr><td>31</td><td>0.0777763</td><td>0.587302</td><td>0.334922</td><td>1</td></tr><tr><td>32</td><td>0.0554202</td><td>0.94458</td><td>0</td><td>1</td></tr><tr><td>33</td><td>0.175702</td><td>0.824298</td><td>0</td><td>0</td></tr><tr><td>34</td><td>0.848507</td><td>0.151493</td><td>0</td><td>1</td></tr><tr><td>35</td><td>0.29353</td><td>0.70647</td><td>0</td><td>-1</td></tr><tr><td>36</td><td>0.469945</td><td>0.530055</td><td>0</td><td>0</td></tr><tr><td>37</td><td>0.626731</td><td>0.373269</td><td>0</td><td>0</td></tr><tr><td>38</td><td>0.285292</td><td>0.683743</td><td>0.0309644</td><td>0</td></tr><tr><td>39</td><td>0.384846</td><td>0.615154</td><td>0</td><td>1</td></tr><tr><td>40</td><td>0.0892093</td><td>0.910791</td><td>0</td><td>-1</td></tr><tr><td>41</td><td>0.419572</td><td>0.580428</td><td>0</td><td>1</td></tr><tr><td>42</td><td>0.194058</td><td>0.805942</td><td>0</td><td>1</td></tr><tr><td>43</td><td>0.0502223</td><td>0.949778</td><td>0</td><td>-1</td></tr><tr><td>44</td><td>0.00338978</td><td>0.99661</td><td>0</td><td>-1</td></tr><tr><td>45</td><td>0.125347</td><td>0.874653</td><td>0</td><td>0</td></tr><tr><td>46</td><td>0.00310928</td><td>0.996891</td><td>0</td><td>1</td></tr><tr><td>47</td><td>1</td><td>0</td><td>0</td><td>0</td></tr><tr><td>48</td><td>0.0257946</td><td>0.974205</td><td>0</td><td>1</td></tr><tr><td>49</td><td>0.229088</td><td>0.770912</td><td>0</td><td>1</td></tr><tr><td>50</td><td>0.0272593</td><td>0.972741</td><td>0</td><td>1</td></tr><tr><td>51</td><td>0.102063</td><td>0.897937</td><td>0</td><td>1</td></tr><tr><td>52</td><td>0.975928</td><td>0.0240717</td><td>0</td><td>0</td></tr><tr><td>53</td><td>0.0335233</td><td>0.966477</td><td>0</td><td>1</td></tr><tr><td>54</td><td>1</td><td>0</td><td>0</td><td>0</td></tr><tr><td>55</td><td>0.963234</td><td>0.0367663</td><td>0</td><td>-1</td></tr><tr><td>56</td><td>0.150594</td><td>0.849406</td><td>0</td><td>1</td></tr><tr><td>57</td><td>0.0528065</td><td>0.947194</td><td>0</td><td>2</td></tr><tr><td>58</td><td>0.761341</td><td>0.238659</td><td>0</td><td>-1</td></tr><tr><td>59</td><td>0.144438</td><td>0.644059</td><td>0.211503</td><td>1</td></tr><tr><td>60</td><td>0.449414</td><td>0.549672</td><td>0.000914332</td><td>1</td></tr><tr><td>61</td><td>0.0624077</td><td>0.906859</td><td>0.0307329</td><td>-1</td></tr><tr><td>62</td><td>0.0159943</td><td>0.37325</td><td>0.610755</td><td>2</td></tr><tr><td>63</td><td>0.0104872</td><td>0.521461</td><td>0.468052</td><td>1</td></tr><tr><td>64</td><td>0.1026</td><td>0.8974</td><td>0</td><td>1</td></tr><tr><td>65</td><td>0.187846</td><td>0.812154</td><td>0</td><td>1</td></tr><tr><td>66</td><td>0.0401951</td><td>0.726972</td><td>0.232833</td><td>2</td></tr><tr><td>67</td><td>0.00842251</td><td>0.67349</td><td>0.318087</td><td>1</td></tr><tr><td>68</td><td>0.164103</td><td>0.762137</td><td>0.0737602</td><td>2</td></tr><tr><td>69</td><td>0.463713</td><td>0.536287</td><td>0</td><td>1</td></tr><tr><td>70</td><td>0.324169</td><td>0.675831</td><td>0</td><td>1</td></tr><tr><td>71</td><td>0.0889634</td><td>0.911037</td><td>0</td><td>2</td></tr><tr><td>72</td><td>0.35258</td><td>0.64742</td><td>0</td><td>-1</td></tr><tr><td>73</td><td>0.117527</td><td>0.882473</td><td>0</td><td>1</td></tr><tr><td>74</td><td>0.155958</td><td>0.493998</td><td>0.350044</td><td>2</td></tr><tr><td>75</td><td>0.201495</td><td>0.588836</td><td>0.209668</td><td>1</td></tr><tr><td>76</td><td>0.156325</td><td>0.843675</td><td>0</td><td>0</td></tr><tr><td>77</td><td>0.00894384</td><td>0.384809</td><td>0.606247</td><td>1</td></tr><tr><td>78</td><td>0.0462351</td><td>0.953765</td><td>0</td><td>1</td></tr><tr><td>79</td><td>0.0904817</td><td>0.852045</td><td>0.057473</td><td>1</td></tr><tr><td>80</td><td>0.0843638</td><td>0.885658</td><td>0.0299783</td><td>1</td></tr><tr><td>81</td><td>0.0705073</td><td>0.929493</td><td>0</td><td>1</td></tr><tr><td>82</td><td>0.359034</td><td>0.640966</td><td>0</td><td>0</td></tr><tr><td>83</td><td>0.215968</td><td>0.784032</td><td>0</td><td>-1</td></tr><tr><td>84</td><td>0.193774</td><td>0.785002</td><td>0.0212232</td><td>1</td></tr><tr><td>85</td><td>0.0263501</td><td>0.97365</td><td>0</td><td>1</td></tr><tr><td>86</td><td>0.223255</td><td>0.679722</td><td>0.0970226</td><td>-1</td></tr><tr><td>87</td><td>0.433565</td><td>0.566435</td><td>0</td><td>1</td></tr><tr><td>88</td><td>0.829151</td><td>0.170849</td><td>1.22652e-11</td><td>0</td></tr><tr><td>89</td><td>0.837083</td><td>0.162917</td><td>0</td><td>0</td></tr><tr><td>90</td><td>0.182316</td><td>0.817684</td><td>0</td><td>1</td></tr><tr><td>91</td><td>0.83781</td><td>0.16219</td><td>0</td><td>0</td></tr><tr><td>92</td><td>0.100794</td><td>0.899206</td><td>4.36986e-33</td><td>0</td></tr><tr><td>93</td><td>0.0276709</td><td>0.972329</td><td>0</td><td>1</td></tr><tr><td>94</td><td>0.384499</td><td>0.615501</td><td>0</td><td>-1</td></tr><tr><td>95</td><td>0.248879</td><td>0.694878</td><td>0.0562424</td><td>1</td></tr><tr><td>96</td><td>0.0252964</td><td>0.974704</td><td>0</td><td>1</td></tr><tr><td>97</td><td>0.982169</td><td>0.0178306</td><td>0</td><td>0</td></tr><tr><td>98</td><td>0.101766</td><td>0.898234</td><td>0</td><td>1</td></tr><tr><td>99</td><td>0.266699</td><td>0.733301</td><td>0</td><td>1</td></tr><tr><td>100</td><td>0.931337</td><td>0</td><td>0.0686632</td><td>-1</td></tr><tr><td>101</td><td>0.488197</td><td>0.511114</td><td>0.000688787</td><td>0</td></tr><tr><td>102</td><td>0.799961</td><td>0.200039</td><td>0</td><td>0</td></tr><tr><td>103</td><td>0.0449936</td><td>0.611099</td><td>0.343907</td><td>2</td></tr><tr><td>104</td><td>0.191805</td><td>0.808195</td><td>0</td><td>1</td></tr><tr><td>105</td><td>0.734198</td><td>0.265802</td><td>0</td><td>0</td></tr><tr><td>106</td><td>0.0107202</td><td>0.98928</td><td>1.57483e-76</td><td>1</td></tr><tr><td>107</td><td>0.157589</td><td>0.769891</td><td>0.0725204</td><td>1</td></tr><tr><td>108</td><td>0.080792</td><td>0.919076</td><td>0.000132278</td><td>0</td></tr><tr><td>109</td><td>0.0735703</td><td>0.92643</td><td>6.7848e-24</td><td>-1</td></tr><tr><td>110</td><td>0.924823</td><td>0.075177</td><td>1.51228e-69</td><td>-1</td></tr><tr><td>111</td><td>0.916271</td><td>0.0837286</td><td>0</td><td>0</td></tr><tr><td>112</td><td>0.822053</td><td>0.177947</td><td>0</td><td>0</td></tr><tr><td>113</td><td>0.812554</td><td>0.187446</td><td>0</td><td>1</td></tr><tr><td>114</td><td>0.00433178</td><td>0.995581</td><td>8.68528e-05</td><td>1</td></tr><tr><td>115</td><td>0.18189</td><td>0.81811</td><td>4.50645e-08</td><td>1</td></tr><tr><td>116</td><td>0.0986347</td><td>0.901291</td><td>7.4412e-05</td><td>1</td></tr><tr><td>117</td><td>0.559949</td><td>0.440051</td><td>0</td><td>1</td></tr><tr><td>118</td><td>0.994663</td><td>0.00533699</td><td>0</td><td>-1</td></tr><tr><td>119</td><td>0.275845</td><td>0.724155</td><td>0</td><td>-1</td></tr><tr><td>120</td><td>0.125885</td><td>0.835952</td><td>0.0381621</td><td>1</td></tr><tr><td>121</td><td>0.312147</td><td>0.687853</td><td>0</td><td>1</td></tr><tr><td>122</td><td>0.926633</td><td>0.0733665</td><td>0</td><td>0</td></tr><tr><td>123</td><td>0.159739</td><td>0.840261</td><td>0</td><td>1</td></tr><tr><td>124</td><td>0.219877</td><td>0.780123</td><td>0</td><td>1</td></tr><tr><td>125</td><td>0.347139</td><td>0.652861</td><td>7.08304e-10</td><td>1</td></tr><tr><td>126</td><td>0.102082</td><td>0.897918</td><td>0</td><td>1</td></tr><tr><td>127</td><td>0.464863</td><td>0.535137</td><td>0</td><td>1</td></tr><tr><td>128</td><td>0.19141</td><td>0.629161</td><td>0.179429</td><td>1</td></tr><tr><td>129</td><td>0.167688</td><td>0.832312</td><td>0</td><td>1</td></tr><tr><td>130</td><td>0.791508</td><td>0.208492</td><td>0</td><td>0</td></tr><tr><td>131</td><td>0.0389857</td><td>0.961014</td><td>0</td><td>-1</td></tr><tr><td>132</td><td>0.140274</td><td>0.859726</td><td>1.52699e-08</td><td>0</td></tr><tr><td>133</td><td>0.679134</td><td>0.320866</td><td>0</td><td>1</td></tr><tr><td>134</td><td>0.114643</td><td>0.818639</td><td>0.0667182</td><td>1</td></tr><tr><td>135</td><td>0.0232396</td><td>0.97676</td><td>0</td><td>1</td></tr><tr><td>136</td><td>0.199333</td><td>0.800667</td><td>0</td><td>1</td></tr><tr><td>137</td><td>0.0707859</td><td>0.585691</td><td>0.343523</td><td>2</td></tr><tr><td>138</td><td>0.347336</td><td>0.652664</td><td>0</td><td>0</td></tr><tr><td>139</td><td>0.294413</td><td>0.705587</td><td>3.39186e-19</td><td>1</td></tr><tr><td>140</td><td>0.053014</td><td>0.946986</td><td>0</td><td>1</td></tr><tr><td>141</td><td>0.0803811</td><td>0.919619</td><td>0</td><td>1</td></tr><tr><td>142</td><td>0.961518</td><td>0.0384816</td><td>0</td><td>-1</td></tr><tr><td>143</td><td>0.983454</td><td>0</td><td>0.0165457</td><td>0</td></tr><tr><td>144</td><td>0.814265</td><td>0.185735</td><td>0</td><td>0</td></tr><tr><td>145</td><td>0.342911</td><td>0.657089</td><td>0</td><td>-1</td></tr><tr><td>146</td><td>8.7148e-09</td><td>1</td><td>0</td><td>1</td></tr><tr><td>147</td><td>0.17283</td><td>0.82717</td><td>0</td><td>1</td></tr><tr><td>148</td><td>0.416908</td><td>0.583092</td><td>0</td><td>0</td></tr><tr><td>149</td><td>0.112332</td><td>0.887668</td><td>7.6004e-21</td><td>1</td></tr><tr><td>150</td><td>0.119003</td><td>0.880997</td><td>0</td><td>1</td></tr><tr><td>151</td><td>0.963371</td><td>0.0366295</td><td>0</td><td>0</td></tr><tr><td>152</td><td>1</td><td>0</td><td>0</td><td>0</td></tr><tr><td>153</td><td>0.000297611</td><td>0.999702</td><td>0</td><td>1</td></tr><tr><td>154</td><td>0.60339</td><td>0.39661</td><td>0</td><td>-1</td></tr><tr><td>155</td><td>0.0931051</td><td>0.906895</td><td>0</td><td>-1</td></tr><tr><td>156</td><td>0.862926</td><td>0.137074</td><td>0</td><td>0</td></tr><tr><td>157</td><td>0.304195</td><td>0.640729</td><td>0.0550759</td><td>1</td></tr><tr><td>158</td><td>0.0828293</td><td>0.917171</td><td>0</td><td>1</td></tr><tr><td>159</td><td>0.231339</td><td>0.753709</td><td>0.0149516</td><td>0</td></tr><tr><td>160</td><td>0.148086</td><td>0.84235</td><td>0.0095646</td><td>-1</td></tr><tr><td>161</td><td>0.60634</td><td>0.39366</td><td>0</td><td>0</td></tr><tr><td>162</td><td>0.864168</td><td>0.135832</td><td>0</td><td>0</td></tr><tr><td>163</td><td>0.260609</td><td>0.739391</td><td>0</td><td>-1</td></tr><tr><td>164</td><td>0.8504</td><td>0.1496</td><td>0</td><td>0</td></tr><tr><td>165</td><td>0.16029</td><td>0.83971</td><td>0</td><td>0</td></tr><tr><td>166</td><td>0.319878</td><td>0.680122</td><td>6.20356e-14</td><td>0</td></tr><tr><td>167</td><td>0.337394</td><td>0.662606</td><td>0</td><td>0</td></tr><tr><td>168</td><td>0.044525</td><td>0.955475</td><td>0</td><td>1</td></tr><tr><td>169</td><td>0.552389</td><td>0.447611</td><td>0</td><td>0</td></tr><tr><td>170</td><td>0.0920813</td><td>0.838668</td><td>0.0692507</td><td>1</td></tr><tr><td>171</td><td>0.0488775</td><td>0.343378</td><td>0.607744</td><td>2</td></tr><tr><td>172</td><td>0.109335</td><td>0.890665</td><td>0</td><td>1</td></tr><tr><td>173</td><td>0.171448</td><td>0.828552</td><td>0</td><td>1</td></tr><tr><td>174</td><td>0.453262</td><td>0.542586</td><td>0.00415262</td><td>0</td></tr><tr><td>175</td><td>0.256555</td><td>0.743445</td><td>0</td><td>2</td></tr><tr><td>176</td><td>0.0513053</td><td>0.948695</td><td>0</td><td>1</td></tr><tr><td>177</td><td>0.175843</td><td>0.824157</td><td>0</td><td>1</td></tr><tr><td>178</td><td>1</td><td>0</td><td>0</td><td>0</td></tr><tr><td>179</td><td>0.410652</td><td>0.589348</td><td>0</td><td>-1</td></tr><tr><td>180</td><td>0.971898</td><td>0.0281023</td><td>0</td><td>0</td></tr><tr><td>181</td><td>0.0397428</td><td>0.960257</td><td>0</td><td>1</td></tr><tr><td>182</td><td>0.271975</td><td>0.728025</td><td>0</td><td>-1</td></tr><tr><td>183</td><td>0.116745</td><td>0.83316</td><td>0.0500954</td><td>1</td></tr><tr><td>184</td><td>0.0388071</td><td>0.917247</td><td>0.0439461</td><td>1</td></tr><tr><td>185</td><td>0.240444</td><td>0.75567</td><td>0.00388574</td><td>1</td></tr><tr><td>186</td><td>0.179439</td><td>0.757071</td><td>0.0634908</td><td>1</td></tr><tr><td>187</td><td>0.40084</td><td>0.59916</td><td>0</td><td>1</td></tr><tr><td>188</td><td>0.124697</td><td>0.875251</td><td>5.17321e-05</td><td>1</td></tr><tr><td>189</td><td>0.160034</td><td>0.839966</td><td>0</td><td>1</td></tr><tr><td>190</td><td>0.356971</td><td>0.643029</td><td>0</td><td>1</td></tr><tr><td>191</td><td>0.999309</td><td>0.000690943</td><td>0</td><td>-1</td></tr><tr><td>192</td><td>1</td><td>0</td><td>9.85088e-50</td><td>-1</td></tr><tr><td>193</td><td>0.233735</td><td>0.766265</td><td>0</td><td>1</td></tr><tr><td>194</td><td>0.0044959</td><td>0.995504</td><td>0</td><td>1</td></tr><tr><td>195</td><td>0.109513</td><td>0.890487</td><td>0</td><td>1</td></tr><tr><td>196</td><td>0.0668242</td><td>0.933176</td><td>0</td><td>1</td></tr><tr><td>197</td><td>0.321266</td><td>0.678734</td><td>0</td><td>1</td></tr><tr><td>198</td><td>0.465815</td><td>0.534185</td><td>0</td><td>-1</td></tr><tr><td>199</td><td>0.144221</td><td>0.855779</td><td>0</td><td>1</td></tr><tr><td>200</td><td>0.102253</td><td>0.859366</td><td>0.0383816</td><td>1</td></tr><tr><td>201</td><td>0.282427</td><td>0.717573</td><td>0</td><td>1</td></tr><tr><td>202</td><td>0.0108208</td><td>0.989179</td><td>0</td><td>1</td></tr><tr><td>203</td><td>0.326142</td><td>0.673858</td><td>0</td><td>1</td></tr><tr><td>204</td><td>0.70564</td><td>0.293487</td><td>0.000873272</td><td>0</td></tr><tr><td>205</td><td>0.5752</td><td>0.4248</td><td>0</td><td>0</td></tr><tr><td>206</td><td>0.240394</td><td>0.759606</td><td>0</td><td>1</td></tr><tr><td>207</td><td>0.180289</td><td>0.798135</td><td>0.0215762</td><td>1</td></tr><tr><td>208</td><td>0.278766</td><td>0.721234</td><td>0</td><td>1</td></tr><tr><td>209</td><td>0.045</td><td>0.435181</td><td>0.519819</td><td>2</td></tr><tr><td>210</td><td>0.101999</td><td>0.888831</td><td>0.00917055</td><td>1</td></tr><tr><td>211</td><td>0.197065</td><td>0.802935</td><td>0</td><td>1</td></tr><tr><td>212</td><td>0.0533181</td><td>0.946682</td><td>0</td><td>1</td></tr><tr><td>213</td><td>0.577441</td><td>0.422559</td><td>4.24067e-08</td><td>0</td></tr><tr><td>214</td><td>0.265926</td><td>0.734074</td><td>0</td><td>-1</td></tr><tr><td>215</td><td>0.463422</td><td>0.536578</td><td>0</td><td>1</td></tr><tr><td>216</td><td>0.0716178</td><td>0.928382</td><td>0</td><td>1</td></tr><tr><td>217</td><td>0.126428</td><td>0.873165</td><td>0.000406132</td><td>-1</td></tr><tr><td>218</td><td>0.425819</td><td>0.574181</td><td>0</td><td>2</td></tr><tr><td>219</td><td>0.230222</td><td>0.769778</td><td>0</td><td>1</td></tr><tr><td>220</td><td>0.00259075</td><td>0.997409</td><td>1.15386e-14</td><td>1</td></tr><tr><td>221</td><td>0.0270169</td><td>0.971166</td><td>0.00181752</td><td>1</td></tr><tr><td>222</td><td>0.272417</td><td>0.727583</td><td>0</td><td>1</td></tr><tr><td>223</td><td>0.0281489</td><td>0.581981</td><td>0.38987</td><td>1</td></tr><tr><td>224</td><td>0.377722</td><td>0.622278</td><td>0</td><td>1</td></tr><tr><td>225</td><td>0.18771</td><td>0.81229</td><td>0</td><td>1</td></tr><tr><td>226</td><td>0.00466634</td><td>0.995334</td><td>0</td><td>1</td></tr><tr><td>227</td><td>0.839856</td><td>0.160144</td><td>6.3726e-18</td><td>0</td></tr><tr><td>228</td><td>0.0489017</td><td>0.951098</td><td>0</td><td>1</td></tr><tr><td>229</td><td>0.160031</td><td>0.769668</td><td>0.070301</td><td>1</td></tr><tr><td>230</td><td>0.259906</td><td>0.740094</td><td>6.70795e-08</td><td>1</td></tr><tr><td>231</td><td>1</td><td>0</td><td>5.84487e-18</td><td>0</td></tr><tr><td>232</td><td>0.000359725</td><td>0.99964</td><td>2.40068e-27</td><td>1</td></tr><tr><td>233</td><td>0.379813</td><td>0.607543</td><td>0.0126436</td><td>0</td></tr><tr><td>234</td><td>0.326538</td><td>0.673462</td><td>0</td><td>2</td></tr><tr><td>235</td><td>0.402502</td><td>0.597498</td><td>0</td><td>1</td></tr><tr><td>236</td><td>0.182625</td><td>0.817375</td><td>0</td><td>1</td></tr><tr><td>237</td><td>0.163634</td><td>0.836366</td><td>0</td><td>1</td></tr><tr><td>238</td><td>0.214017</td><td>0.785983</td><td>2.06778e-14</td><td>-1</td></tr><tr><td>239</td><td>0.27357</td><td>0.70325</td><td>0.02318</td><td>1</td></tr><tr><td>240</td><td>0.335654</td><td>0.664346</td><td>1.19259e-07</td><td>0</td></tr><tr><td>241</td><td>0.93019</td><td>0.0698101</td><td>0</td><td>-1</td></tr><tr><td>242</td><td>0.0478123</td><td>0.952188</td><td>0</td><td>-1</td></tr><tr><td>243</td><td>0.0802012</td><td>0.919799</td><td>0</td><td>-1</td></tr><tr><td>244</td><td>0.190708</td><td>0.809292</td><td>0</td><td>1</td></tr><tr><td>245</td><td>0.0310586</td><td>0.968941</td><td>1.744e-17</td><td>1</td></tr><tr><td>246</td><td>0.113013</td><td>0.886987</td><td>0</td><td>0</td></tr><tr><td>247</td><td>0.0382879</td><td>0.936328</td><td>0.0253845</td><td>1</td></tr><tr><td>248</td><td>0.800121</td><td>0.199879</td><td>0</td><td>0</td></tr><tr><td>249</td><td>0.0752493</td><td>0.90873</td><td>0.0160208</td><td>-1</td></tr><tr><td>250</td><td>0.274229</td><td>0.725771</td><td>0</td><td>1</td></tr><tr><td>251</td><td>0.125191</td><td>0.79055</td><td>0.0842587</td><td>1</td></tr><tr><td>252</td><td>0.00818953</td><td>0.99181</td><td>0</td><td>1</td></tr><tr><td>253</td><td>0.0761685</td><td>0.446147</td><td>0.477685</td><td>1</td></tr><tr><td>254</td><td>0.0689432</td><td>0.873162</td><td>0.0578952</td><td>1</td></tr><tr><td>255</td><td>0.178639</td><td>0.376026</td><td>0.445335</td><td>2</td></tr><tr><td>256</td><td>0.26413</td><td>0.73587</td><td>0</td><td>1</td></tr><tr><td>257</td><td>0.124121</td><td>0.87583</td><td>4.95976e-05</td><td>1</td></tr><tr><td>258</td><td>0.0187176</td><td>0.981282</td><td>0</td><td>1</td></tr><tr><td>259</td><td>0.221102</td><td>0.778898</td><td>0</td><td>0</td></tr><tr><td>260</td><td>0.0250793</td><td>0.764754</td><td>0.210167</td><td>1</td></tr><tr><td>261</td><td>0.311899</td><td>0.688101</td><td>0</td><td>1</td></tr><tr><td>262</td><td>0.0109102</td><td>0.98909</td><td>3.59794e-12</td><td>1</td></tr><tr><td>263</td><td>1</td><td>0</td><td>8.88049e-54</td><td>-1</td></tr><tr><td>264</td><td>0.909625</td><td>0.0903752</td><td>0</td><td>0</td></tr><tr><td>265</td><td>0.241415</td><td>0.698809</td><td>0.0597754</td><td>1</td></tr><tr><td>266</td><td>0.0223802</td><td>0.97762</td><td>0</td><td>1</td></tr><tr><td>267</td><td>0.315392</td><td>0.677384</td><td>0.00722338</td><td>1</td></tr><tr><td>268</td><td>0.0939964</td><td>0.906004</td><td>0</td><td>1</td></tr><tr><td>269</td><td>0.564646</td><td>0.435354</td><td>0</td><td>0</td></tr><tr><td>270</td><td>0.436845</td><td>0.563155</td><td>0</td><td>1</td></tr><tr><td>271</td><td>0.0362422</td><td>0.416344</td><td>0.547413</td><td>-1</td></tr><tr><td>272</td><td>0.00913635</td><td>0.990864</td><td>0</td><td>-1</td></tr><tr><td>273</td><td>0.947653</td><td>0.0523471</td><td>0</td><td>0</td></tr><tr><td>274</td><td>0.522045</td><td>0.477955</td><td>0</td><td>1</td></tr><tr><td>275</td><td>0.230534</td><td>0.769466</td><td>0</td><td>1</td></tr><tr><td>276</td><td>0.965125</td><td>0.0348754</td><td>0</td><td>0</td></tr><tr><td>277</td><td>0.0760627</td><td>0.923937</td><td>0</td><td>1</td></tr><tr><td>278</td><td>0.524904</td><td>0.475096</td><td>0</td><td>-1</td></tr><tr><td>279</td><td>0.994162</td><td>0.00583755</td><td>0</td><td>-1</td></tr><tr><td>280</td><td>0.187709</td><td>0.812291</td><td>0</td><td>1</td></tr><tr><td>281</td><td>0.184558</td><td>0.815442</td><td>0</td><td>1</td></tr><tr><td>282</td><td>0.0664388</td><td>0.933561</td><td>0</td><td>-1</td></tr><tr><td>283</td><td>0.231628</td><td>0.608537</td><td>0.159835</td><td>-1</td></tr><tr><td>284</td><td>0.144562</td><td>0.560411</td><td>0.295027</td><td>1</td></tr><tr><td>285</td><td>0.16944</td><td>0.829987</td><td>0.000572616</td><td>1</td></tr><tr><td>286</td><td>0.404024</td><td>0.595976</td><td>6.09386e-11</td><td>1</td></tr><tr><td>287</td><td>0.484663</td><td>0.515337</td><td>0</td><td>1</td></tr><tr><td>288</td><td>0.0440089</td><td>0.955991</td><td>0</td><td>-1</td></tr><tr><td>289</td><td>0.110908</td><td>0.889092</td><td>0</td><td>1</td></tr><tr><td>290</td><td>0.126956</td><td>0.50165</td><td>0.371394</td><td>2</td></tr><tr><td>291</td><td>0.192134</td><td>0.807866</td><td>0</td><td>1</td></tr><tr><td>292</td><td>0.279439</td><td>0.720561</td><td>0</td><td>1</td></tr><tr><td>293</td><td>0.00766115</td><td>0.992339</td><td>3.97384e-09</td><td>1</td></tr><tr><td>294</td><td>0.304697</td><td>0.695303</td><td>0</td><td>1</td></tr><tr><td>295</td><td>0.58859</td><td>0.41141</td><td>0</td><td>1</td></tr><tr><td>296</td><td>0.132769</td><td>0.855528</td><td>0.011703</td><td>-1</td></tr><tr><td>297</td><td>0.218822</td><td>0.781178</td><td>0</td><td>1</td></tr><tr><td>298</td><td>0.414477</td><td>0.585523</td><td>0</td><td>1</td></tr><tr><td>299</td><td>0.00152934</td><td>0.998471</td><td>0</td><td>1</td></tr><tr><td>300</td><td>0.166385</td><td>0.833615</td><td>0</td><td>1</td></tr><tr><td>301</td><td>0.379794</td><td>0.620206</td><td>0</td><td>1</td></tr><tr><td>302</td><td>0.258217</td><td>0.697044</td><td>0.0447389</td><td>1</td></tr><tr><td>303</td><td>0.0740949</td><td>0.925905</td><td>0</td><td>1</td></tr><tr><td>304</td><td>0.37667</td><td>0.62333</td><td>0</td><td>0</td></tr><tr><td>305</td><td>0.254561</td><td>0.745439</td><td>0</td><td>0</td></tr><tr><td>306</td><td>0.0502303</td><td>0.94977</td><td>0</td><td>1</td></tr><tr><td>307</td><td>0.0290214</td><td>0.951164</td><td>0.0198146</td><td>1</td></tr><tr><td>308</td><td>0.307574</td><td>0.692426</td><td>0</td><td>0</td></tr><tr><td>309</td><td>0.684982</td><td>0.315018</td><td>0</td><td>0</td></tr><tr><td>310</td><td>0.176139</td><td>0.823861</td><td>0</td><td>1</td></tr><tr><td>311</td><td>0.797634</td><td>0.202366</td><td>0</td><td>0</td></tr><tr><td>312</td><td>0.150301</td><td>0.849699</td><td>0</td><td>1</td></tr><tr><td>313</td><td>0.724471</td><td>0.275529</td><td>0</td><td>0</td></tr><tr><td>314</td><td>0.252222</td><td>0.747778</td><td>0</td><td>1</td></tr><tr><td>315</td><td>0.0698058</td><td>0.930194</td><td>0</td><td>-1</td></tr><tr><td>316</td><td>0.2054</td><td>0.723409</td><td>0.0711908</td><td>1</td></tr><tr><td>317</td><td>1</td><td>0</td><td>0</td><td>0</td></tr><tr><td>318</td><td>0.0131205</td><td>0.364938</td><td>0.621941</td><td>2</td></tr><tr><td>319</td><td>0.32023</td><td>0.67977</td><td>0</td><td>-1</td></tr><tr><td>320</td><td>0.0165064</td><td>0.373618</td><td>0.609875</td><td>2</td></tr><tr><td>321</td><td>0.0359516</td><td>0.964048</td><td>6.70169e-08</td><td>1</td></tr><tr><td>322</td><td>0.255999</td><td>0.744001</td><td>0</td><td>1</td></tr><tr><td>323</td><td>1</td><td>0</td><td>0</td><td>-1</td></tr><tr><td>324</td><td>0.0104505</td><td>0.98955</td><td>0</td><td>1</td></tr><tr><td>325</td><td>0.0116389</td><td>0.988361</td><td>0</td><td>1</td></tr><tr><td>326</td><td>0.0430931</td><td>0.956907</td><td>0</td><td>1</td></tr><tr><td>327</td><td>0.0489076</td><td>0.951092</td><td>0</td><td>-1</td></tr><tr><td>328</td><td>0.479143</td><td>0.520857</td><td>0</td><td>1</td></tr><tr><td>329</td><td>0.963371</td><td>0.0366295</td><td>0</td><td>0</td></tr><tr><td>330</td><td>0.514938</td><td>0.485062</td><td>0</td><td>1</td></tr><tr><td>331</td><td>0.013236</td><td>0.907414</td><td>0.0793503</td><td>1</td></tr><tr><td>332</td><td>0.486988</td><td>0.513012</td><td>0</td><td>1</td></tr><tr><td>333</td><td>0.938592</td><td>0.0614079</td><td>0</td><td>0</td></tr><tr><td>334</td><td>0.0608126</td><td>0.939187</td><td>0</td><td>1</td></tr><tr><td>335</td><td>0.135301</td><td>0.864699</td><td>0</td><td>1</td></tr><tr><td>336</td><td>0.0919135</td><td>0.908087</td><td>0</td><td>1</td></tr><tr><td>337</td><td>0.104413</td><td>0.761615</td><td>0.133971</td><td>1</td></tr><tr><td>338</td><td>0.337478</td><td>0.662522</td><td>0</td><td>1</td></tr><tr><td>339</td><td>0.280727</td><td>0.719273</td><td>0</td><td>1</td></tr><tr><td>340</td><td>0.556698</td><td>0.443302</td><td>0</td><td>0</td></tr><tr><td>341</td><td>0.198187</td><td>0.801813</td><td>0</td><td>1</td></tr><tr><td>342</td><td>0.886031</td><td>0.113969</td><td>1.16008e-18</td><td>-1</td></tr><tr><td>343</td><td>0.385682</td><td>0.614318</td><td>0</td><td>1</td></tr><tr><td>344</td><td>0.40512</td><td>0.59488</td><td>0</td><td>1</td></tr><tr><td>345</td><td>0.635541</td><td>0.364459</td><td>0</td><td>-1</td></tr><tr><td>346</td><td>0.0746072</td><td>0.882386</td><td>0.0430069</td><td>0</td></tr><tr><td>347</td><td>0.321011</td><td>0.661728</td><td>0.0172614</td><td>1</td></tr><tr><td>348</td><td>0.23983</td><td>0.756241</td><td>0.00392918</td><td>1</td></tr><tr><td>349</td><td>0.204585</td><td>0.737055</td><td>0.0583593</td><td>1</td></tr><tr><td>350</td><td>0.230059</td><td>0.769941</td><td>0</td><td>1</td></tr><tr><td>351</td><td>0.979886</td><td>0.0201136</td><td>0</td><td>0</td></tr><tr><td>352</td><td>0.047395</td><td>0.851447</td><td>0.101158</td><td>1</td></tr><tr><td>353</td><td>0.000624187</td><td>0.999376</td><td>1.83488e-08</td><td>-1</td></tr><tr><td>354</td><td>0.0679625</td><td>0.854829</td><td>0.0772081</td><td>1</td></tr><tr><td>355</td><td>0.214792</td><td>0.74965</td><td>0.0355572</td><td>0</td></tr><tr><td>356</td><td>0.103133</td><td>0.896809</td><td>5.84804e-05</td><td>1</td></tr><tr><td>357</td><td>0.146866</td><td>0.853134</td><td>0</td><td>1</td></tr><tr><td>358</td><td>0.454042</td><td>0.545958</td><td>0</td><td>1</td></tr><tr><td>359</td><td>0.415818</td><td>0.584182</td><td>0</td><td>-1</td></tr><tr><td>360</td><td>0.339162</td><td>0.660838</td><td>0</td><td>1</td></tr><tr><td>361</td><td>0.220203</td><td>0.779797</td><td>0</td><td>-1</td></tr><tr><td>362</td><td>0.0485596</td><td>0.95144</td><td>0</td><td>1</td></tr><tr><td>363</td><td>0.264556</td><td>0.735444</td><td>8.6425e-56</td><td>1</td></tr><tr><td>364</td><td>0.172875</td><td>0.827125</td><td>0</td><td>1</td></tr><tr><td>365</td><td>0.471554</td><td>0.528446</td><td>9.34082e-23</td><td>0</td></tr><tr><td>366</td><td>0.0596636</td><td>0.940336</td><td>0</td><td>1</td></tr><tr><td>367</td><td>0.273433</td><td>0.72586</td><td>0.000707539</td><td>-1</td></tr><tr><td>368</td><td>0.0704143</td><td>0.929586</td><td>0</td><td>1</td></tr><tr><td>369</td><td>0.311763</td><td>0.688237</td><td>0</td><td>1</td></tr><tr><td>370</td><td>0.176674</td><td>0.818339</td><td>0.00498752</td><td>1</td></tr><tr><td>371</td><td>0.117521</td><td>0.859789</td><td>0.0226893</td><td>1</td></tr><tr><td>372</td><td>0.153884</td><td>0.846116</td><td>0</td><td>1</td></tr><tr><td>373</td><td>0.785902</td><td>0.214098</td><td>0</td><td>-1</td></tr><tr><td>374</td><td>0.0859748</td><td>0.914025</td><td>0</td><td>-1</td></tr><tr><td>375</td><td>0.00451268</td><td>0.995487</td><td>0</td><td>1</td></tr><tr><td>376</td><td>0.0384617</td><td>0.913317</td><td>0.0482215</td><td>-1</td></tr><tr><td>377</td><td>0.340964</td><td>0.659036</td><td>0</td><td>0</td></tr><tr><td>378</td><td>0.169575</td><td>0.830425</td><td>0</td><td>1</td></tr><tr><td>379</td><td>0.269595</td><td>0.730405</td><td>0</td><td>1</td></tr><tr><td>380</td><td>0.062185</td><td>0.937815</td><td>0</td><td>1</td></tr><tr><td>381</td><td>0.249766</td><td>0.750234</td><td>0</td><td>1</td></tr><tr><td>382</td><td>0.0752493</td><td>0.90873</td><td>0.0160208</td><td>1</td></tr><tr><td>383</td><td>0.413357</td><td>0.586643</td><td>0</td><td>1</td></tr><tr><td>384</td><td>0.33176</td><td>0.66824</td><td>0</td><td>1</td></tr><tr><td>385</td><td>0.984369</td><td>0.015631</td><td>0</td><td>0</td></tr><tr><td>386</td><td>0.293695</td><td>0.706305</td><td>0</td><td>1</td></tr><tr><td>387</td><td>0.0463421</td><td>0.953658</td><td>0</td><td>1</td></tr><tr><td>388</td><td>0.0593845</td><td>0.940615</td><td>0</td><td>-1</td></tr><tr><td>389</td><td>0.0049438</td><td>0.995056</td><td>0</td><td>1</td></tr><tr><td>390</td><td>0.0147689</td><td>0.985231</td><td>0</td><td>1</td></tr><tr><td>391</td><td>0.17183</td><td>0.82817</td><td>0</td><td>-1</td></tr><tr><td>392</td><td>0.134558</td><td>0.865442</td><td>1.84575e-08</td><td>1</td></tr><tr><td>393</td><td>0.369255</td><td>0.630745</td><td>0</td><td>1</td></tr><tr><td>394</td><td>0.0949667</td><td>0.240973</td><td>0.66406</td><td>2</td></tr><tr><td>395</td><td>0.503758</td><td>0.496242</td><td>0</td><td>1</td></tr><tr><td>396</td><td>0.233079</td><td>0.766921</td><td>0</td><td>1</td></tr><tr><td>397</td><td>0.261658</td><td>0.738342</td><td>0</td><td>1</td></tr><tr><td>398</td><td>0.110993</td><td>0.889007</td><td>0</td><td>1</td></tr><tr><td>399</td><td>0.124074</td><td>0.875926</td><td>0</td><td>1</td></tr><tr><td>400</td><td>0.176328</td><td>0.704755</td><td>0.118917</td><td>1</td></tr><tr><td>401</td><td>0.0972952</td><td>0.731305</td><td>0.171399</td><td>0</td></tr><tr><td>402</td><td>0.163207</td><td>0.812694</td><td>0.0240992</td><td>2</td></tr><tr><td>403</td><td>0.298124</td><td>0.701876</td><td>0</td><td>1</td></tr><tr><td>404</td><td>0.313699</td><td>0.686301</td><td>0</td><td>-1</td></tr><tr><td>405</td><td>0.212783</td><td>0.787217</td><td>0</td><td>1</td></tr><tr><td>406</td><td>0.0116481</td><td>0.988352</td><td>0</td><td>1</td></tr><tr><td>407</td><td>0.0991598</td><td>0.90084</td><td>0</td><td>1</td></tr><tr><td>408</td><td>0.045301</td><td>0.954699</td><td>0</td><td>1</td></tr><tr><td>409</td><td>0.149996</td><td>0.850001</td><td>2.53931e-06</td><td>1</td></tr><tr><td>410</td><td>0.0416465</td><td>0.958353</td><td>0</td><td>1</td></tr><tr><td>411</td><td>0.297838</td><td>0.702162</td><td>0</td><td>1</td></tr><tr><td>412</td><td>0.557816</td><td>0.442184</td><td>0</td><td>1</td></tr><tr><td>413</td><td>0.21886</td><td>0.754809</td><td>0.0263307</td><td>1</td></tr><tr><td>414</td><td>0.391119</td><td>0.608881</td><td>0</td><td>1</td></tr><tr><td>415</td><td>0.00879415</td><td>0.991206</td><td>0</td><td>1</td></tr><tr><td>416</td><td>0.104205</td><td>0.895795</td><td>0</td><td>1</td></tr><tr><td>417</td><td>0.866142</td><td>0.133858</td><td>0</td><td>-1</td></tr><tr><td>418</td><td>0.306437</td><td>0.693563</td><td>0</td><td>0</td></tr><tr><td>419</td><td>0.101329</td><td>0.898671</td><td>0</td><td>-1</td></tr><tr><td>420</td><td>0.0361452</td><td>0.373244</td><td>0.590611</td><td>2</td></tr><tr><td>421</td><td>1</td><td>0</td><td>0</td><td>0</td></tr><tr><td>422</td><td>0.316212</td><td>0.683788</td><td>0</td><td>-1</td></tr><tr><td>423</td><td>0.970361</td><td>0</td><td>0.029639</td><td>-1</td></tr><tr><td>424</td><td>0.0589695</td><td>0.941031</td><td>0</td><td>1</td></tr><tr><td>425</td><td>0.02335</td><td>0.654705</td><td>0.321945</td><td>1</td></tr><tr><td>426</td><td>1</td><td>0</td><td>0</td><td>0</td></tr><tr><td>427</td><td>0.0576671</td><td>0.942333</td><td>0</td><td>-1</td></tr><tr><td>428</td><td>0.729912</td><td>0.270088</td><td>0</td><td>1</td></tr><tr><td>429</td><td>0.902638</td><td>0.0973615</td><td>0</td><td>0</td></tr><tr><td>430</td><td>0.396128</td><td>0.603872</td><td>1.14954e-07</td><td>-1</td></tr><tr><td>431</td><td>0.35233</td><td>0.64767</td><td>0</td><td>0</td></tr><tr><td>432</td><td>0.216272</td><td>0.783728</td><td>0</td><td>1</td></tr><tr><td>433</td><td>0.12135</td><td>0.87865</td><td>0</td><td>1</td></tr><tr><td>434</td><td>0.0474025</td><td>0.952598</td><td>0</td><td>1</td></tr><tr><td>435</td><td>0.0721761</td><td>0.927824</td><td>0</td><td>1</td></tr><tr><td>436</td><td>0.343352</td><td>0.656648</td><td>0</td><td>0</td></tr><tr><td>437</td><td>0.088676</td><td>0.898253</td><td>0.0130713</td><td>1</td></tr><tr><td>438</td><td>0.06727</td><td>0.417356</td><td>0.515374</td><td>1</td></tr><tr><td>439</td><td>0.0340471</td><td>0.965952</td><td>4.70591e-07</td><td>1</td></tr><tr><td>440</td><td>0.0472284</td><td>0.952772</td><td>0</td><td>1</td></tr><tr><td>441</td><td>0.390183</td><td>0.609817</td><td>0</td><td>1</td></tr><tr><td>442</td><td>0.0786675</td><td>0.623841</td><td>0.297491</td><td>1</td></tr><tr><td>443</td><td>0.00518647</td><td>0.994814</td><td>0</td><td>1</td></tr><tr><td>444</td><td>0.0190123</td><td>0.947626</td><td>0.0333617</td><td>1</td></tr><tr><td>445</td><td>0.909768</td><td>0.0902315</td><td>0</td><td>0</td></tr><tr><td>446</td><td>0.355834</td><td>0.644166</td><td>1.15803e-14</td><td>0</td></tr><tr><td>447</td><td>0.0892937</td><td>0.742489</td><td>0.168217</td><td>2</td></tr><tr><td>448</td><td>0.0224652</td><td>0.977535</td><td>0</td><td>1</td></tr><tr><td>449</td><td>1</td><td>0</td><td>0</td><td>0</td></tr><tr><td>450</td><td>0.265251</td><td>0.734749</td><td>0</td><td>1</td></tr><tr><td>451</td><td>0.29831</td><td>0.70169</td><td>0</td><td>-1</td></tr><tr><td>452</td><td>0.100456</td><td>0.899544</td><td>0</td><td>-1</td></tr><tr><td>453</td><td>0.996761</td><td>0.00323877</td><td>4.98861e-83</td><td>0</td></tr><tr><td>454</td><td>0.344233</td><td>0.633737</td><td>0.0220306</td><td>0</td></tr><tr><td>455</td><td>0.298556</td><td>0.624112</td><td>0.0773327</td><td>1</td></tr><tr><td>456</td><td>0.215858</td><td>0.784142</td><td>5.13261e-21</td><td>1</td></tr><tr><td>457</td><td>0.0264843</td><td>0.364192</td><td>0.609323</td><td>2</td></tr><tr><td>458</td><td>0.878439</td><td>0.121561</td><td>0</td><td>-1</td></tr><tr><td>459</td><td>0.0579833</td><td>0.903218</td><td>0.0387987</td><td>1</td></tr><tr><td>460</td><td>0.161481</td><td>0.838519</td><td>1.265e-85</td><td>0</td></tr><tr><td>461</td><td>0.405573</td><td>0.594427</td><td>0</td><td>0</td></tr><tr><td>462</td><td>0.388575</td><td>0.611425</td><td>6.95599e-07</td><td>1</td></tr><tr><td>463</td><td>0.477508</td><td>0.509087</td><td>0.0134048</td><td>1</td></tr><tr><td>464</td><td>0.0498168</td><td>0.950183</td><td>0</td><td>-1</td></tr><tr><td>465</td><td>0.248833</td><td>0.589398</td><td>0.16177</td><td>2</td></tr><tr><td>466</td><td>0.526832</td><td>0.473168</td><td>0</td><td>1</td></tr><tr><td>467</td><td>0.458403</td><td>0.528579</td><td>0.0130176</td><td>0</td></tr><tr><td>468</td><td>0.12646</td><td>0.821158</td><td>0.0523823</td><td>1</td></tr><tr><td>469</td><td>0.999432</td><td>0.000568486</td><td>0</td><td>0</td></tr><tr><td>470</td><td>0.319658</td><td>0.680342</td><td>0</td><td>1</td></tr><tr><td>471</td><td>0.034864</td><td>0.965136</td><td>0</td><td>1</td></tr><tr><td>472</td><td>0.692564</td><td>0.307436</td><td>0</td><td>0</td></tr><tr><td>473</td><td>0.103535</td><td>0.896464</td><td>1.27848e-06</td><td>1</td></tr><tr><td>474</td><td>0.452334</td><td>0.547666</td><td>0</td><td>0</td></tr><tr><td>475</td><td>0.50195</td><td>0.49805</td><td>0</td><td>1</td></tr><tr><td>476</td><td>0.430761</td><td>0.569239</td><td>0</td><td>1</td></tr><tr><td>477</td><td>0.149111</td><td>0.850889</td><td>0</td><td>0</td></tr><tr><td>478</td><td>0.0366632</td><td>0.478019</td><td>0.485318</td><td>-1</td></tr><tr><td>479</td><td>0.0855048</td><td>0.914495</td><td>0</td><td>-1</td></tr><tr><td>480</td><td>0.344604</td><td