============== BHHH ===============

Size = 4
Data size = 10
[ 1.81962e+06 492042 -16220.9 -1578.28 ;
492042 244079 -4881.31 -364.671 ;
-16220.9 -4881.31 354.359 -68.1889 ;
-1578.28 -364.671 -68.1889 96.2314 ;
]

============== Hessian ===============

Size = 4
Data size = 10
[ 2.88577e+06 629525 -15442.9 -6061.21 ;
629525 210314 -4131.44 -927.486 ;
-15442.9 -4131.44 362.38 -67.3532 ;
-6061.21 -927.486 -67.3532 93.864 ;
]

