Iter 0

Size = 4
Data size = 10
[ 3.81349e+06 732692 -22738.4 -6296.44 ;
732692 247307 -5151.94 -989.884 ;
-22738.4 -5151.94 391.167 -64.3333 ;
-6296.44 -989.884 -64.3333 134.667 ;
]
+++++++++++++
Iter 1

Size = 4
Data size = 10
[ 2.63736e+06 557933 -17462.7 -5540.27 ;
557933 197886 -4271.75 -856.805 ;
-17462.7 -4271.75 364.459 -78.409 ;
-5540.27 -856.805 -78.409 140.864 ;
]
+++++++++++++
Iter 2

Size = 4
Data size = 10
[ 2.33023e+06 530667 -15717 -3364.13 ;
530667 190950 -4123.12 -514.557 ;
-15717 -4123.12 323.769 -58.5485 ;
-3364.13 -514.557 -58.5485 84.5018 ;
]
+++++++++++++
Iter 3

Size = 4
Data size = 10
[ 2.21739e+06 512076 -15675.1 -2995.33 ;
512076 185092 -4093.15 -463.398 ;
-15675.1 -4093.15 319.002 -48.8482 ;
-2995.33 -463.398 -48.8482 71.4443 ;
]
+++++++++++++
Iter 4

Size = 4
Data size = 10
[ 2.20937e+06 510739 -15676.6 -2957.34 ;
510739 184721 -4092.26 -457.913 ;
-15676.6 -4092.26 318.396 -48.0102 ;
-2957.34 -457.913 -48.0102 70.257 ;
]
+++++++++++++
Iter 5

Size = 4
Data size = 10
[ 2.20937e+06 510739 -15676.8 -2957.08 ;
510739 184721 -4092.29 -457.873 ;
-15676.8 -4092.29 318.391 -48.0059 ;
-2957.08 -457.873 -48.0059 70.2504 ;
]
+++++++++++++
