============== BHHH ===============

Size = 4
Data size = 10
[ 1.8534e+06 490717 -14437.2 -1561.49 ;
490717 239170 -4442.36 -389.346 ;
-14437.2 -4442.36 317.733 -58.9598 ;
-1561.49 -389.346 -58.9598 78.8264 ;
]

============== Hessian ===============

Size = 4
Data size = 10
[ 2.20937e+06 510739 -15676.8 -2957.08 ;
510739 184721 -4092.29 -457.873 ;
-15676.8 -4092.29 318.391 -48.0059 ;
-2957.08 -457.873 -48.0059 70.2504 ;
]

