Iter 0

Size = 20
Data size = 210
[ 397.167 21988.1 0 21322.7 32.1161 103128 29095.3 346.694 14264.1 198.083 136.333 184.194 34.6944 -326.833 -14640.3 -327.472 -12162.2 -73.1389 -95.3056 -1555.07 ;
21988.1 2.56558e+06 44799.3 1.70525e+06 3286.94 1.00384e+07 3.24047e+06 22076.2 799993 11186.4 7016.11 9344.61 2978.83 -19868.2 -1.655e+06 -21831 -746153 -6946.56 -5497.56 -193421 ;
0 44799.3 0 0 0 0 0 0 0 0 0 0 0 0 0 0 0 0 0 0 ;
21322.7 1.70525e+06 0 1.80902e+06 16590 8.15944e+06 2.1335e+06 19297.1 772364 10888.4 6254.86 9066.58 1835.97 -18618.9 -1.11625e+06 -18804.2 -698153 -6930.14 -5778.75 -129157 ;
32.1161 3286.94 0 16590 761919 761919 0 8252.34 8252.34 -37.1422 156.238 18.6969 -698.951 -93.6506 26729.3 -6276.13 -6276.13 -85.7683 -21.3975 8564.36 ;
103128 1.00384e+07 0 8.15944e+06 761919 1.58444e+08 0 8252.34 4.94206e+06 55727.2 29726.8 40182.9 -8700.51 -84766.5 -4.72897e+06 -6276.13 -4.00788e+06 -31957.8 -30866.4 -1.32429e+06 ;
29095.3 3.24047e+06 0 2.1335e+06 0 0 8.57547e+07 0 0 11055.4 1184.71 26646.2 -2236.15 -17923 -1.44169e+06 0 0 -8172.23 -6267.29 -1.08428e+06 ;
346.694 22076.2 0 19297.1 8252.34 8252.34 0 7844.25 7844.25 155.75 186 88.2778 84.5556 -327.472 -16480.6 -7262.25 -7262.25 -70.1944 -111.222 43.8611 ;
14264.1 799993 0 772364 8252.34 4.94206e+06 0 7844.25 688481 7448.75 5577.5 5610.56 1269.83 -12162.2 -551453 -7262.25 -583665 -2763.22 -3491.25 -38820.7 ;
198.083 11186.4 0 10888.4 -37.1422 55727.2 11055.4 155.75 7448.75 198.083 74.5833 88.6111 17.9444 -166.167 -7475.25 -154.75 -6404.5 -35.9444 -27.7222 -712.842 ;
136.333 7016.11 0 6254.86 156.238 29726.8 1184.71 186 5577.5 74.5833 136.333 0 16.5556 -116.667 -4900.58 -173 -4842.75 -6.83333 -30.0278 -381.217 ;
184.194 9344.61 0 9066.58 18.6969 40182.9 26646.2 88.2778 5610.56 88.6111 0 184.194 12.6944 -143.222 -6008.72 -85.3889 -4603.53 -26.5833 -44.6944 -832.629 ;
34.6944 2978.83 0 1835.97 -698.951 -8700.51 -2236.15 84.5556 1269.83 17.9444 16.5556 12.6944 34.6944 -31.9722 -2382.19 -79.7778 -1190.17 -5.94444 -6.69444 -250.244 ;
-326.833 -19868.2 0 -18618.9 -93.6506 -84766.5 -17923 -327.472 -12162.2 -166.167 -116.667 -143.222 -31.9722 391.167 16057.1 337.694 14116.6 80.0278 116.861 -1300.72 ;
-14640.3 -1.655e+06 0 -1.11625e+06 26729.3 -4.72897e+06 -1.44169e+06 -16480.6 -551453 -7475.25 -4900.58 -6008.72 -2382.19 16057.1 1.51578e+06 16455.5 589241 5514.67 4294.83 -131435 ;
-327.472 -21831 0 -18804.2 -6276.13 -6276.13 0 -7262.25 -7262.25 -154.75 -173 -85.3889 -79.7778 337.694 16455.5 7682.25 7682.25 71.6389 115.444 77.6111 ;
-12162.2 -746153 0 -698153 -6276.13 -4.00788e+06 0 -7262.25 -583665 -6404.5 -4842.75 -4603.53 -1190.17 14116.6 589241 7682.25 681627 2939.44 4133.25 -34843.1 ;
-73.1389 -6946.56 0 -6930.14 -85.7683 -31957.8 -8172.23 -70.1944 -2763.22 -35.9444 -6.83333 -26.5833 -5.94444 80.0278 5514.67 71.6389 2939.44 80.0278 25.8056 -335.289 ;
-95.3056 -5497.56 0 -5778.75 -21.3975 -30866.4 -6267.29 -111.222 -3491.25 -27.7222 -30.0278 -44.6944 -6.69444 116.861 4294.83 115.444 4133.25 25.8056 116.861 -410.518 ;
-1555.07 -193421 0 -129157 8564.36 -1.32429e+06 -1.08428e+06 43.8611 -38820.7 -712.842 -381.217 -832.629 -250.244 -1300.72 -131435 77.6111 -34843.1 -335.289 -410.518 359003 ;
]
+++++++++++++
Iter 1

Size = 20
Data size = 210
[ 297.305 16117 442.41 14392.1 26.6639 53024.9 18914.7 288.641 9869.45 147.102 104.816 141.247 29.6325 -256.71 -11479.1 -273.975 -8962.24 -49.4914 -72.1433 -554.841 ;
16117 1.77547e+06 55418.9 1.12435e+06 12448.1 5.16005e+06 1.97879e+06 17027 556056 8062.4 5415.8 6968.48 2413.44 -15186.9 -1.26295e+06 -16837.4 -539692 -4757.83 -4033.47 -37813.4 ;
442.41 55418.9 1810.11 33080.6 676.706 159373 64867 456.554 15380.7 220.766 142.378 191.4 71.1091 -420.865 -39790.4 -453.036 -15007.9 -144.6 -109.614 -1070.83 ;
14392.1 1.12435e+06 33080.6 1.054e+06 7263.11 3.60892e+06 1.2235e+06 14591.7 481369 7344.15 4481.69 6311.24 1538.8 -13115.6 -801151 -14303.7 -455480 -4340.14 -3831.52 -31928.1 ;
26.6639 12448.1 676.706 7263.11 397729 397729 0 7853.86 7853.86 -122.393 118.289 -62.9706 -393.018 -43.2937 -10748.3 -6101.95 -6101.95 -111.233 -95.6825 3001.13 ;
53024.9 5.16005e+06 159373 3.60892e+06 397729 7.47164e+07 0 7853.86 2.47534e+06 29127.7 16026.9 22279.6 -8048.97 -45860.2 -2.53747e+06 -6101.95 -2.11951e+06 -14584 -16429.9 -246889 ;
18914.7 1.97879e+06 64867 1.2235e+06 0 0 3.69095e+07 0 0 7986.6 1106.12 16962.5 -1832.89 -13181 -1.20053e+06 0 0 -3851.61 -4779.95 -208559 ;
288.641 17027 456.554 14591.7 7853.86 7853.86 0 6555.68 6555.68 135.286 161.185 70.9725 71.018 -273.975 -12076.4 -6107.99 -6107.99 -50.3452 -90.3128 -1.04792 ;
9869.45 556056 15380.7 481369 7853.86 2.47534e+06 0 6555.68 468960 5130.04 4090.34 3850.54 1078.61 -8962.24 -410758 -6107.99 -425205 -1738.47 -2468.75 -10221.6 ;
147.102 8062.4 220.766 7344.15 -122.393 29127.7 7986.6 135.286 5130.04 147.102 56.6307 67.1785 15.4175 -129.136 -5720.21 -134.967 -4662.59 -24.1511 -20.909 -267.587 ;
104.816 5415.8 142.378 4481.69 118.289 16026.9 1106.12 161.185 4090.34 56.6307 104.816 0 14.326 -94.1577 -3962.16 -149.737 -3764.89 -4.69815 -23.9112 -147.618 ;
141.247 6968.48 191.4 6311.24 -62.9706 22279.6 16962.5 70.9725 3850.54 67.1785 0 141.247 10.6634 -115.848 -4881.04 -69.4468 -3412.27 -18.9561 -34.91 -302.342 ;
29.6325 2413.44 71.1091 1538.8 -393.018 -8048.97 -1832.89 71.018 1078.61 15.4175 14.326 10.6634 29.6325 -28.4474 -2072.74 -67.4499 -1046.93 -5.51902 -5.94239 -48.6288 ;
-256.71 -15186.9 -420.865 -13115.6 -43.2937 -45860.2 -13181 -273.975 -8962.24 -129.136 -94.1577 -115.848 -28.4474 334.403 12718.7 289.953 11470.6 57.8446 99.3173 -969.472 ;
-11479.1 -1.26295e+06 -39790.4 -801151 -10748.3 -2.53747e+06 -1.20053e+06 -12076.4 -410758 -5720.21 -3962.16 -4881.04 -2072.74 12718.7 1.16765e+06 12168.3 445943 3966.54 3362.33 -46032.1 ;
-273.975 -16837.4 -453.036 -14303.7 -6101.95 -6101.95 0 -6107.99 -6107.99 -134.967 -149.737 -69.4468 -67.4499 289.953 12168.3 6637.09 6637.09 52.3059 97.1725 -40.4334 ;
-8962.24 -539692 -15007.9 -455480 -6101.95 -2.11951e+06 0 -6107.99 -425205 -4662.59 -3764.89 -3412.27 -1046.93 11470.6 445943 6637.09 550187 1943.59 3322.24 -27380.5 ;
-49.4914 -4757.83 -144.6 -4340.14 -111.233 -14584 -3851.61 -50.3452 -1738.47 -24.1511 -4.69815 -18.9561 -5.51902 57.8446 3966.54 52.3059 1943.59 57.8446 17.7309 -252.227 ;
-72.1433 -4033.47 -109.614 -3831.52 -95.6825 -16429.9 -4779.95 -90.3128 -2468.75 -20.909 -23.9112 -34.91 -5.94239 99.3173 3362.33 97.1725 3322.24 17.7309 99.3173 -366.947 ;
-554.841 -37813.4 -1070.83 -31928.1 3001.13 -246889 -208559 -1.04792 -10221.6 -267.587 -147.618 -302.342 -48.6288 -969.472 -46032.1 -40.4334 -27380.5 -252.227 -366.947 76777.3 ;
]
+++++++++++++
Iter 2

Size = 20
Data size = 210
[ 265.096 13170.6 734.064 11512.7 256.634 37923.1 13626.4 266.211 8860.46 131.189 98.1414 125.834 25.5993 -233.501 -9520.28 -250.171 -8140.26 -38.0391 -62.7289 -266.661 ;
13170.6 1.28637e+06 90564.7 835690 66816.1 3.62239e+06 1.21511e+06 15325.8 456792 6587.33 4783.15 5602.79 1678.51 -12643.4 -929468 -15061.7 -448024 -3494.4 -3210.65 -9907.58 ;
734.064 90564.7 6036.15 50199.3 5468.6 233638 79565.4 860.937 25724.2 366.194 257.346 309.82 96.9199 -711.273 -59168.1 -849.467 -25367.1 -218.445 -177.648 -495.555 ;
11512.7 835690 50199.3 749735 29006.7 2.20868e+06 745799 12667.9 386744 5889.6 3913.82 5023.19 1241.66 -10717.8 -608843 -12338.7 -369980 -3063.48 -2919.26 -10310.4 ;
256.634 66816.1 5468.6 29006.7 351751 351751 0 11995.4 11995.4 -83.8706 185.747 -40.1148 -223.467 -236.861 -60508.5 -10488.7 -10488.7 -214.692 -131.036 444.225 ;
37923.1 3.62239e+06 233638 2.20868e+06 351751 4.16948e+07 0 11995.4 1.7817e+06 20303.3 11791.9 16529.7 -5402.79 -33864 -2.09198e+06 -10488.7 -1.58209e+06 -8782.17 -11569.3 -63631.8 ;
13626.4 1.21511e+06 79565.4 745799 0 0 2.07683e+07 0 0 5707.16 1003.19 12081.5 -1155.74 -9835.65 -783798 0 0 -2007.34 -3659.27 -62003.3 ;
266.211 15325.8 860.937 12667.9 11995.4 11995.4 0 6079.88 6079.88 122.994 150.021 62.5697 58.5312 -250.171 -10785.2 -5648.63 -5648.63 -46.8829 -85.1649 -62.313 ;
8860.46 456792 25724.2 386744 11995.4 1.7817e+06 0 6079.88 423568 4595.08 3842.26 3487.92 940.746 -8140.26 -342075 -5648.63 -388819 -1317.96 -2113.19 -4728 ;
131.189 6587.33 366.194 5889.6 -83.8706 20303.3 5707.16 122.994 4595.08 131.189 52.5678 60.334 13.7766 -117.286 -4782.37 -121.846 -4222.52 -18.5336 -17.97 -119.726 ;
98.1414 4783.15 257.346 3913.82 185.747 11791.9 1003.19 150.021 3842.26 52.5678 98.1414 0 12.8211 -89.7446 -3543.09 -137.957 -3586.55 -3.88055 -21.7911 -67.2102 ;
125.834 5602.79 309.82 5023.19 -40.1148 16529.7 12081.5 62.5697 3487.92 60.334 0 125.834 9.40788 -105.641 -3972.91 -59.7735 -3122.84 -14.5504 -30.543 -165.188 ;
25.5993 1678.51 96.9199 1241.66 -223.467 -5402.79 -1155.74 58.5312 940.746 13.7766 12.8211 9.40788 25.5993 -24.8621 -1447.75 -54.8338 -919.671 -4.44552 -4.98379 -9.86815 ;
-233.501 -12643.4 -711.273 -10717.8 -236.861 -33864 -9835.65 -250.171 -8140.26 -117.286 -89.7446 -105.641 -24.8621 302.551 10376.2 264.86 10267.1 44.7655 87.2828 -593.787 ;
-9520.28 -929468 -59168.1 -608843 -60508.5 -2.09198e+06 -783798 -10785.2 -342075 -4782.37 -3543.09 -3972.91 -1447.75 10376.2 831147 10872.7 363709 2893 2639.98 -17121.4 ;
-250.171 -15061.7 -849.467 -12338.7 -10488.7 -10488.7 0 -5648.63 -5648.63 -121.846 -137.957 -59.7735 -54.8338 264.86 10872.7 6118.03 6118.03 47.7486 91.1664 -58.7435 ;
-8140.26 -448024 -25367.1 -369980 -10488.7 -1.58209e+06 0 -5648.63 -388819 -4222.52 -3586.55 -3122.84 -919.671 10267.1 363709 6118.03 493329 1464.24 2858.6 -14626.8 ;
-38.0391 -3494.4 -218.445 -3063.48 -214.692 -8782.17 -2007.34 -46.8829 -1317.96 -18.5336 -3.88055 -14.5504 -4.44552 44.7655 2893 47.7486 1464.24 44.7655 12.6293 -127.183 ;
-62.7289 -3210.65 -177.648 -2919.26 -131.036 -11569.3 -3659.27 -85.1649 -2113.19 -17.97 -21.7911 -30.543 -4.98379 87.2828 2639.98 91.1664 2858.6 12.6293 87.2828 -244.904 ;
-266.661 -9907.58 -495.555 -10310.4 444.225 -63631.8 -62003.3 -62.313 -4728 -119.726 -67.2102 -165.188 -9.86815 -593.787 -17121.4 -58.7435 -14626.8 -127.183 -244.904 19724.3 ;
]
+++++++++++++
Iter 3

Size = 20
Data size = 210
[ 246.67 11144.4 685.866 9767.37 320.731 30310.6 11175.6 236.779 8376.23 121.489 93.6036 118.096 23.3264 -221.365 -8254.63 -218.15 -7739.69 -30.58 -58.3049 -143.899 ;
11144.4 1.00073e+06 76215.9 647584 48566.4 2.56398e+06 934532 12221 387091 5549.32 4235.02 4814.63 1376.77 -10842.3 -737567 -11930.2 -381479 -2610.89 -2689.83 -3186.1 ;
685.866 76215.9 5636.83 43027.8 4179.23 183191 68352.9 748.115 24046.3 341.454 252.881 294.675 87.6131 -672.487 -51982.9 -734.416 -23816.8 -181.362 -164.067 -154.759 ;
9767.37 647584 43027.8 570664 23915.1 1.49742e+06 561532 10841.7 333166 4992.93 3520.33 4307.09 1099.93 -9230.94 -485323 -10428.2 -320016 -2254.78 -2442 -4049.29 ;
320.731 48566.4 4179.23 23915.1 241251 241251 0 12428.2 12428.2 -20.6346 256.48 8.57091 -127.976 -287.538 -42757.4 -11246.1 -11246.1 -162.127 -162.604 -87.6875 ;
30310.6 2.56398e+06 183191 1.49742e+06 241251 2.78053e+07 0 12428.2 1.44268e+06 15515.7 9875.15 13839.7 -4259.24 -27600.3 -1.64087e+06 -11246.1 -1.31142e+06 -5370.77 -9159.7 -20304.7 ;
11175.6 934532 68352.9 561532 0 0 1.66162e+07 0 0 4427.62 918.662 9853.24 -1158.47 -8714.28 -636620 0 0 -1529.63 -3612.62 -26135 ;
236.779 12221 748.115 10841.7 12428.2 12428.2 0 5439.27 5439.27 106.064 135.065 53.8921 45.6507 -218.15 -8437.29 -4996.38 -4996.38 -42.7331 -79.4574 -82.8667 ;
8376.23 387091 24046.3 333166 12428.2 1.44268e+06 0 5439.27 403471 4307.37 3699.58 3362.74 855.256 -7739.69 -295650 -4996.38 -372799 -1059.77 -1957.46 -2904.71 ;
121.489 5549.32 341.454 4992.93 -20.6346 15515.7 4427.62 106.064 4307.37 121.489 49.2863 56.8092 12.7897 -110.292 -4163.91 -103.614 -3978.21 -14.9985 -16.5221 -60.2056 ;
93.6036 4235.02 252.881 3520.33 256.48 9875.15 918.662 135.065 3699.58 49.2863 93.6036 0 11.5832 -86.672 -3200.76 -121.881 -3479.68 -3.37451 -21.0314 -35.8408 ;
118.096 4814.63 294.675 4307.09 8.57091 13839.7 9853.24 53.8921 3362.74 56.8092 0 118.096 8.87581 -102.039 -3503.34 -48.9175 -3029.22 -12.0053 -28.6311 -94.5719 ;
23.3264 1376.77 87.6131 1099.93 -127.976 -4259.24 -1158.47 45.6507 855.256 12.7897 11.5832 8.87581 23.3264 -22.726 -1195.45 -41.176 -834.889 -3.91084 -4.38156 -3.05674 ;
-221.365 -10842.3 -672.487 -9230.94 -287.538 -27600.3 -8714.28 -218.15 -7739.69 -110.292 -86.672 -102.039 -22.726 277.311 8781.8 228.533 9427.49 34.9992 77.7597 -334.927 ;
-8254.63 -737567 -51982.9 -485323 -42757.4 -1.64087e+06 -636620 -8437.29 -295650 -4163.91 -3200.76 -3503.34 -1195.45 8781.8 650003 8489.82 308382 2164.75 2164.54 -6238.65 ;
-218.15 -11930.2 -734.416 -10428.2 -11246.1 -11246.1 0 -4996.38 -4996.38 -103.614 -121.881 -48.9175 -41.176 228.533 8489.82 5333.97 5333.97 42.6561 83.9224 -41.3351 ;
-7739.69 -381479 -23816.8 -320016 -11246.1 -1.31142e+06 0 -4996.38 -372799 -3978.21 -3479.68 -3029.22 -834.889 9427.49 308382 5333.97 454734 1159.4 2554.52 -7807.3 ;
-30.58 -2610.89 -181.362 -2254.78 -162.127 -5370.77 -1529.63 -42.7331 -1059.77 -14.9985 -3.37451 -12.0053 -3.91084 34.9992 2164.75 42.6561 1159.4 34.9992 8.97221 -48.1641 ;
-58.3049 -2689.83 -164.067 -2442 -162.604 -9159.7 -3612.62 -79.4574 -1957.46 -16.5221 -21.0314 -28.6311 -4.38156 77.7597 2164.54 83.9224 2554.52 8.97221 77.7597 -136.825 ;
-143.899 -3186.1 -154.759 -4049.29 -87.6875 -20304.7 -26135 -82.8667 -2904.71 -60.2056 -35.8408 -94.5719 -3.05674 -334.927 -6238.65 -41.3351 -7807.3 -48.1641 -136.825 5964 ;
]
+++++++++++++
Iter 4

Size = 20
Data size = 210
[ 231.853 10014.3 388.762 8977.82 330.152 27487.8 9938.3 203.231 7801.65 114.098 88.9839 111.376 22.3512 -210.272 -7734.27 -184.923 -7170.08 -27.6131 -54.1689 -90.5352 ;
10014.3 855967 40612.6 566374 28244.5 2.19702e+06 739153 9575.67 348991 5051.51 3904.41 4358.29 1303.13 -9831.96 -652129 -9320.96 -344529 -2245.92 -2355.21 -1304.85 ;
388.762 40612.6 1940.08 23749.9 1374.55 99100 33711.4 361.459 13713.6 197.227 147.634 168.65 52.9261 -384.036 -28946.2 -354.151 -13602.6 -98.5828 -90.2947 -35.1848 ;
8977.82 566374 23749.9 511058 16450.4 1.30938e+06 469854 9645.23 305065 4615.63 3312.66 3977.37 1058.01 -8564.1 -443540 -9215.3 -292895 -1996.61 -2193 -2171.15 ;
330.152 28244.5 1374.55 16450.4 166353 166353 0 12191.1 12191.1 19.4691 282.643 30.5792 -73.1833 -295.795 -24670.5 -11293.5 -11293.5 -117.417 -168.256 -131.755 ;
27487.8 2.19702e+06 99100 1.30938e+06 166353 2.56249e+07 0 12191.1 1.30528e+06 14382.7 9142.83 12746.5 -4153.71 -25080 -1.55289e+06 -11293.5 -1.18876e+06 -4586.27 -8093.65 -12313.2 ;
9938.3 739153 33711.4 469854 0 0 1.40032e+07 0 0 3814.16 898.009 8702.45 -1122.23 -8479.69 -562304 0 0 -1438.52 -3754.24 -9559.33 ;
203.231 9575.67 361.459 9645.23 12191.1 12191.1 0 4717.14 4717.14 88.019 116.568 47.0825 33.8761 -184.923 -6488.78 -4310.73 -4310.73 -39.1592 -70.5246 -74.762 ;
7801.65 348991 13713.6 305065 12191.1 1.30528e+06 0 4717.14 375941 4030.37 3506.88 3120.78 829.964 -7170.08 -276367 -4310.73 -345290 -944.748 -1762.44 -2394.07 ;
114.098 5051.51 197.227 4615.63 19.4691 14382.7 3814.16 88.019 4030.37 114.098 46.7305 53.4658 12.2246 -104.2 -3982.06 -85.3544 -3698.1 -13.8239 -15.5133 -38.2581 ;
88.9839 3904.41 147.634 3312.66 282.643 9142.83 898.009 116.568 3506.88 46.7305 88.9839 0 11.233 -82.7318 -3057.07 -103.597 -3287.56 -3.10494 -19.9184 -24.5713 ;
111.376 4358.29 168.65 3977.37 30.5792 12746.5 8702.45 47.0825 3120.78 53.4658 0 111.376 8.50307 -98.1738 -3325.54 -41.7766 -2789.7 -11.339 -26.7669 -57.0965 ;
22.3512 1303.13 52.9261 1058.01 -73.1833 -4153.71 -1122.23 33.8761 829.964 12.2246 11.233 8.50307 22.3512 -21.7881 -1143.82 -29.599 -810.067 -3.74444 -4.03028 -1.84942 ;
-210.272 -9831.96 -384.036 -8564.1 -295.795 -25080 -8479.69 -184.923 -7170.08 -104.2 -82.7318 -98.1738 -21.7881 261.884 8086.8 192.014 8967.26 30.806 71.4163 -210.907 ;
-7734.27 -652129 -28946.2 -443540 -24670.5 -1.55289e+06 -562304 -6488.78 -276367 -3982.06 -3057.07 -3325.54 -1143.82 8086.8 573950 6534.82 287282 1894.62 1894.61 -2456.4 ;
-184.923 -9320.96 -354.151 -9215.3 -11293.5 -11293.5 0 -4310.73 -4310.73 -85.3544 -103.597 -41.7766 -29.599 192.014 6534.82 4529.21 4529.21 38.8107 74.0293 -36.0156 ;
-7170.08 -344529 -13602.6 -292895 -11293.5 -1.18876e+06 0 -4310.73 -345290 -3698.1 -3287.56 -2789.7 -810.067 8967.26 287282 4529.21 433325 1038.55 2377.18 -6394.61 ;
-27.6131 -2245.92 -98.5828 -1996.61 -117.417 -4586.27 -1438.52 -39.1592 -944.748 -13.8239 -3.10494 -11.339 -3.74444 30.806 1894.62 38.8107 1038.55 30.806 7.08458 -16.2002 ;
-54.1689 -2355.21 -90.2947 -2193 -168.256 -8093.65 -3754.24 -70.5246 -1762.44 -15.5133 -19.9184 -26.7669 -4.03028 71.4163 1894.61 74.0293 2377.18 7.08458 71.4163 -79.6783 ;
-90.5352 -1304.85 -35.1848 -2171.15 -131.755 -12313.2 -9559.33 -74.762 -2394.07 -38.2581 -24.5713 -57.0965 -1.84942 -210.907 -2456.4 -36.0156 -6394.61 -16.2002 -79.6783 2191.14 ;
]
+++++++++++++
Iter 5

Size = 20
Data size = 210
[ 231.049 9295.81 335.61 9045.93 276.34 27042.5 9660.51 204.919 7714.01 113.455 89.5004 109.908 22.481 -213.53 -7821.71 -194.001 -7132.71 -27.9899 -54.6307 -54.6071 ;
9295.81 723766 31469.5 525301 18304.8 1.98557e+06 647473 8889 322968 4687.04 3652.88 4021.75 1210.9 -9195.62 -602669 -8777.52 -319881 -2079.77 -2176.56 -562.797 ;
335.61 31469.5 1405.86 20492.5 790.907 83447.3 27416.7 309.662 11809.7 170.301 128.423 144.979 45.8293 -333.301 -24924.3 -306.828 -11738.8 -84.9337 -77.3334 -13.1522 ;
9045.93 525301 20492.5 519990 10990 1.30585e+06 452702 9635.9 305873 4646.86 3365.52 3960.76 1063.76 -8734.04 -448616 -9409.64 -295424 -2039.88 -2219.23 -1213.52 ;
276.34 18304.8 790.907 10990 148904 148904 0 11102.6 11102.6 5.77114 269.751 14.6038 -78.448 -254.767 -18146.9 -10581.4 -10581.4 -86.12 -169.278 -77.4862 ;
27042.5 1.98557e+06 83447.3 1.30585e+06 148904 2.51147e+07 0 11102.6 1.28275e+06 14115.1 9173.86 12293.9 -4140.26 -25015.3 -1.55916e+06 -10581.4 -1.18404e+06 -4597.04 -7849.74 -8200.31 ;
9660.51 647473 27416.7 452702 0 0 1.31469e+07 0 0 3700.34 885.616 8433.27 -1115.77 -8844.63 -556527 0 0 -1532.3 -3834.15 -3336.67 ;
204.919 8889 309.662 9635.9 11102.6 11102.6 0 4759.95 4759.95 90.7583 117.831 47.0688 34.9042 -194.001 -6561.69 -4526.18 -4526.18 -38.3788 -73.7729 -36.3208 ;
7714.01 322968 11809.7 305873 11102.6 1.28275e+06 0 4759.95 371011 3972.64 3518.67 3023.18 834.923 -7132.71 -277717 -4526.18 -342527 -951.01 -1741.28 -1783.46 ;
113.455 4687.04 170.301 4646.86 5.77114 14115.1 3700.34 90.7583 3972.64 113.455 47.0719 52.5418 12.2898 -105.025 -4011.45 -89.7253 -3663.01 -13.9524 -15.5878 -23.9098 ;
89.5004 3652.88 128.423 3365.52 269.751 9173.86 885.616 117.831 3518.67 47.0719 89.5004 0 11.3146 -84.1779 -3101.44 -109.064 -3310.53 -3.12603 -20.2889 -16.5643 ;
109.908 4021.75 144.979 3960.76 14.6038 12293.9 8433.27 47.0688 3023.18 52.5418 0 109.908 8.53216 -99.6221 -3359.04 -44.8513 -2724.95 -11.4367 -26.7309 -31.9062 ;
22.481 1210.9 45.8293 1063.76 -78.448 -4140.26 -1115.77 34.9042 834.923 12.2898 11.3146 8.53216 22.481 -22.0105 -1145.71 -32.3142 -817.574 -3.73626 -4.10899 -1.23744 ;
-213.53 -9195.62 -333.301 -8734.04 -254.767 -25015.3 -8844.63 -194.001 -7132.71 -105.025 -84.1779 -99.6221 -22.0105 257.976 8053.92 197.682 8860.57 30.5608 68.9188 -134.774 ;
-7821.71 -602669 -24924.3 -448616 -18146.9 -1.55916e+06 -556527 -6561.69 -277717 -4011.45 -3101.44 -3359.04 -1145.71 8053.92 574834 6589.59 286517 1893.13 1853.09 -1122.06 ;
-194.001 -8777.52 -306.828 -9409.64 -10581.4 -10581.4 0 -4526.18 -4526.18 -89.7253 -109.064 -44.8513 -32.3142 197.682 6589.59 4643.48 4643.48 38.0517 75.3246 -21.287 ;
-7132.71 -319881 -11738.8 -295424 -10581.4 -1.18404e+06 0 -4526.18 -342527 -3663.01 -3310.53 -2724.95 -817.574 8860.57 286517 4643.48 427973 1039.51 2308.9 -5028.82 ;
-27.9899 -2079.77 -84.9337 -2039.88 -86.12 -4597.04 -1532.3 -38.3788 -951.01 -13.9524 -3.12603 -11.4367 -3.73626 30.5608 1893.13 38.0517 1039.51 30.5608 6.81857 -7.56068 ;
-54.6307 -2176.56 -77.3334 -2219.23 -169.278 -7849.74 -3834.15 -73.7729 -1741.28 -15.5878 -20.2889 -26.7309 -4.10899 68.9188 1853.09 75.3246 2308.9 6.81857 68.9188 -49.944 ;
-54.6071 -562.797 -13.1522 -1213.52 -77.4862 -8200.31 -3336.67 -36.3208 -1783.46 -23.9098 -16.5643 -31.9062 -1.23744 -134.774 -1122.06 -21.287 -5028.82 -7.56068 -49.944 963.904 ;
]
+++++++++++++
Iter 12

Size = 20
Data size = 210
[ 200.289 3411.58 339.33 7648.66 35.6946 16515.1 8166.88 218.999 6722.17 96.9886 88.7291 83.7951 25.6455 -188.221 -7528.39 -217.53 -6291.87 -23.5321 -40.8719 -31.9506 ;
3411.58 91455 2208.78 172895 -1304.07 356843 281299 3976.85 115286 1635.46 1512.28 1345.96 602.347 -3381.64 -226716 -3972.77 -114261 -640.488 -705.748 -155.977 ;
339.33 2208.78 205.54 18691.6 -234.566 38700.9 38278.9 374.57 11484.1 162.246 145.792 135.109 65.6834 -337.238 -26863.4 -374.406 -11406.9 -72.6704 -69.8531 -9.71976 ;
7648.66 172895 18691.6 418774 -2765.35 611726 414566 9142.87 259814 3849 3296.58 2888.57 1258.3 -7445.33 -421549 -9128.19 -252536 -1632.52 -1584.68 -672.578 ;
35.6946 -1304.07 -234.566 -2765.35 114084 114084 0 5331.68 5331.68 -76.4017 190.924 -58.4711 -160.849 -34.5544 3845.11 -5232.98 -5232.98 2.99806 -111.845 0.620713 ;
16515.1 356843 38700.9 611726 114084 1.9331e+07 0 5331.68 798436 8034.14 7331.41 6028.22 -5621.98 -15026.8 -646558 -5232.98 -724784 -1433.98 -3879.39 -5314.73 ;
8166.88 281299 38278.9 414566 0 0 1.65995e+07 0 0 2534.04 842.871 6984.64 -1936.39 -7669.58 -865684 0 0 -2031.29 -2949.59 -1549.61 ;
218.999 3976.85 374.57 9142.87 5331.68 5331.68 0 4963.53 4963.53 104.837 126.682 49.0679 50.0227 -217.53 -7369.58 -4926.27 -4926.27 -32.4991 -75.0554 -2.25965 ;
6722.17 115286 11484.1 259814 5331.68 798436 0 4963.53 323079 3382.61 3510.88 2189.47 931.667 -6291.87 -257092 -4926.27 -301588 -786.7 -1316.44 -1166.35 ;
96.9886 1635.46 162.246 3849 -76.4017 8034.14 2534.04 104.837 3382.61 96.9886 46.6868 38.5946 13.4712 -90.7901 -3551.66 -104.971 -3135.54 -10.6073 -10.5882 -14.9546 ;
88.7291 1512.28 145.792 3296.58 190.924 7331.41 842.871 126.682 3510.88 46.6868 88.7291 0 12.5187 -84.3348 -3169.77 -125.067 -3321.38 -3.2809 -18.7404 -11.5418 ;
83.7951 1345.96 135.109 2888.57 -58.4711 6028.22 6984.64 49.0679 2189.47 38.5946 0 83.7951 9.72107 -77.6189 -3050.81 -49.1133 -2007.35 -8.46645 -16.6299 -16.5369 ;
25.6455 602.347 65.6834 1258.3 -160.849 -5621.98 -1936.39 50.0227 931.667 13.4712 12.5187 9.72107 25.6455 -25.288 -1566.48 -49.701 -917.148 -4.43691 -4.79471 -0.778954 ;
-188.221 -3381.64 -337.238 -7445.33 -34.5544 -15026.8 -7669.58 -217.53 -6291.87 -90.7901 -84.3348 -77.6189 -25.288 228.834 7706.11 216.473 7920.26 25.9468 52.3508 -101.62 ;
-7528.39 -226716 -26863.4 -421549 3845.11 -646558 -865684 -7369.58 -257092 -3551.66 -3169.77 -3050.81 -1566.48 7706.11 696927 7366.35 264350 1790.54 1671.36 -717.562 ;
-217.53 -3972.77 -374.406 -9128.19 -5232.98 -5232.98 0 -4926.27 -4926.27 -104.971 -125.067 -49.1133 -49.701 216.473 7366.35 4940.24 4940.24 32.1508 75.0448 1.82176 ;
-6291.87 -114261 -11406.9 -252536 -5232.98 -724784 0 -4926.27 -301588 -3135.54 -3321.38 -2007.35 -917.148 7920.26 264350 4940.24 382492 872.329 1794.93 -4072.7 ;
-23.5321 -640.488 -72.6704 -1632.52 2.99806 -1433.98 -2031.29 -32.4991 -786.7 -10.6073 -3.2809 -8.46645 -4.43691 25.9468 1790.54 32.1508 872.329 25.9468 5.16775 -5.76544 ;
-40.8719 -705.748 -69.8531 -1584.68 -111.845 -3879.39 -2949.59 -75.0554 -1316.44 -10.5882 -18.7404 -16.6299 -4.79471 52.3508 1671.36 75.0448 1794.93 5.16775 52.3508 -32.0908 ;
-31.9506 -155.977 -9.71976 -672.578 0.620713 -5314.73 -1549.61 -2.25965 -1166.35 -14.9546 -11.5418 -16.5369 -0.778954 -101.62 -717.562 1.82176 -4072.7 -5.76544 -32.0908 573.083 ;
]
+++++++++++++
Iter 13

Size = 20
Data size = 210
[ 233.742 4086.65 442.409 9750.07 273.248 32728.5 9837.97 221.452 8022.79 116.048 99.2199 98.9483 23.1283 -220.975 -8582.4 -220.145 -7565.74 -32.3146 -49.8094 -33.8055 ;
4086.65 107506 13917 225446 8380.93 898873 272423 4135.55 143550 2072.8 1711.68 1631 486.076 -4053.9 -246398 -4131.77 -142432 -893.134 -871.367 -166.435 ;
442.409 13917 1800.39 26467.9 1143.16 113095 35685.5 432.844 15697.5 226.805 179.688 176.83 55.1998 -439.921 -30910.6 -432.676 -15606.7 -110.166 -93.1353 -11.393 ;
9750.07 225446 26467.9 592159 16968.9 1.76529e+06 524716 10310.2 340184 5103.9 3919.4 3740.67 1105.37 -9528.44 -515225 -10296.7 -332223 -2455.81 -2084.29 -720.425 ;
273.248 8380.93 1143.16 16968.9 187911 187911 0 11212.8 11212.8 1.0356 277.307 -10.5419 -102.652 -272.781 -27039.6 -11122.3 -11122.3 -109.542 -155.738 2.31066 ;
32728.5 898873 113095 1.76529e+06 187911 3.23219e+07 0 11212.8 1.5616e+06 17875.8 13576.4 11622.7 -4084.36 -31158.8 -1.99787e+06 -11122.3 -1.48417e+06 -6790.81 -7571.77 -5527.09 ;
9837.97 272423 35685.5 524716 0 0 1.67836e+07 0 0 3830.24 981.954 8345.91 -1296.82 -9324.52 -707510 0 0 -1950.52 -3432.18 -1615.73 ;
221.452 4135.55 432.844 10310.2 11212.8 11212.8 0 5094.38 5094.38 102.098 123.375 53.5549 39.5816 -220.145 -7635.67 -5059.1 -5059.1 -40.5903 -81.1862 -2.02898 ;
8022.79 143550 15697.5 340184 11212.8 1.5616e+06 0 5094.38 386673 4164.58 3966.94 2719.86 848.94 -7565.74 -308291 -5059.1 -363866 -1130.55 -1635.33 -1227.07 ;
116.048 2072.8 226.805 5103.9 1.0356 17875.8 3830.24 102.098 4164.58 116.048 53.1123 47.1575 12.7078 -109.537 -4420.37 -102.242 -3905.41 -16.0221 -13.7029 -15.6103 ;
99.2199 1711.68 179.688 3919.4 277.307 13576.4 981.954 123.375 3966.94 53.1123 99.2199 0 11.095 -94.5902 -3473.92 -121.914 -3766.59 -3.86587 -21.351 -12.3082 ;
98.9483 1631 176.83 3740.67 -10.5419 11622.7 8345.91 53.5549 2719.86 47.1575 0 98.9483 9.19476 -92.3821 -3476.19 -53.6026 -2525.02 -11.7116 -20.8019 -17.5743 ;
23.1283 486.076 55.1998 1105.37 -102.652 -4084.36 -1296.82 39.5816 848.94 12.7078 11.095 9.19476 23.1283 -22.7478 -1190.6 -39.2636 -833.473 -3.89437 -4.59159 -0.82151 ;
-220.975 -4053.9 -439.921 -9528.44 -272.781 -31158.8 -9324.52 -220.145 -7565.74 -109.537 -94.5902 -92.3821 -22.7478 260.493 8754.07 219.042 9145.7 34.6688 61.0098 -98.0246 ;
-8582.4 -246398 -30910.6 -515225 -27039.6 -1.99787e+06 -707510 -7635.67 -308291 -4420.37 -3473.92 -3476.19 -1190.6 8754.07 672503 7632.17 315258 2248.91 1839.77 -691.968 ;
-220.145 -4131.77 -432.676 -10296.7 -11122.3 -11122.3 0 -5059.1 -5059.1 -102.242 -121.914 -53.6026 -39.2636 219.042 7632.17 5071.02 5071.02 40.2482 81.1748 2.04441 ;
-7565.74 -142432 -15606.7 -332223 -11122.3 -1.48417e+06 0 -5059.1 -363866 -3905.41 -3766.59 -2525.02 -833.473 9145.7 315258 5071.02 442358 1213.39 2100.57 -3906.54 ;
-32.3146 -893.134 -110.166 -2455.81 -109.542 -6790.81 -1950.52 -40.5903 -1130.55 -16.0221 -3.86587 -11.7116 -3.89437 34.6688 2248.91 40.2482 1213.39 34.6688 6.72359 -5.6698 ;
-49.8094 -871.367 -93.1353 -2084.29 -155.738 -7571.77 -3432.18 -81.1862 -1635.33 -13.7029 -21.351 -20.8019 -4.59159 61.0098 1839.77 81.1748 2100.57 6.72359 61.0098 -31.2564 ;
-33.8055 -166.435 -11.393 -720.425 2.31066 -5527.09 -1615.73 -2.02898 -1227.07 -15.6103 -12.3082 -17.5743 -0.82151 -98.0246 -691.968 2.04441 -3906.54 -5.6698 -31.2564 562.153 ;
]
+++++++++++++
Iter 14

Size = 20
Data size = 210
[ 218.992 3786.04 458.366 8891.95 267.918 28276.5 9859.02 202.998 7420.19 108.155 93.643 93.3348 21.7725 -207.138 -7900.67 -201.649 -7004.6 -28.8571 -45.9813 -31.693 ;
3786.04 98048.6 13814.2 203616 6707.73 772368 273901 3706.86 131393 1911.26 1602.64 1527.19 446.699 -3755.53 -222659 -3702.78 -130378 -789.255 -794.545 -157.787 ;
458.366 13814.2 2009.02 26753.2 931.242 109227 40115.2 430.752 16082.4 234.185 188.466 185.342 56.4018 -455.766 -31154.3 -430.535 -15989.3 -108.978 -94.937 -12.1244 ;
8891.95 203616 26753.2 525132 12471.6 1.45495e+06 532789 9388.29 305962 4643.73 3628.74 3452.47 1030.15 -8691.18 -463418 -9372.86 -298905 -2143 -1860.78 -667.343 ;
267.918 6707.73 931.242 12471.6 146792 146792 0 10787.8 10787.8 10.9911 282.573 -1.94763 -73.8992 -267.399 -18875.2 -10697.7 -10697.7 -81.8848 -161.432 1.98796 ;
28276.5 772368 109227 1.45495e+06 146792 2.68641e+07 0 10787.8 1.34542e+06 15099.9 11891.7 10166.4 -3676.83 -26828.3 -1.7423e+06 -10697.7 -1.27391e+06 -5362.62 -6429.04 -5149.39 ;
9859.02 273901 40115.2 532789 0 0 1.76332e+07 0 0 3891.98 982.999 8390.73 -1202.74 -9348.54 -692249 0 0 -1719.13 -3393.01 -1620.62 ;
202.998 3706.86 430.752 9388.29 10787.8 10787.8 0 4693.73 4693.73 91.9827 113.713 49.3872 33.2753 -201.649 -6635.33 -4658.03 -4658.03 -37.4699 -77.6387 -2.22852 ;
7420.19 131393 16082.4 305962 10787.8 1.34542e+06 0 4693.73 357487 3834.16 3725.25 2505.04 800.623 -7004.6 -281344 -4658.03 -336761 -995.482 -1483.59 -1128.35 ;
108.155 1911.26 234.185 4643.73 10.9911 15099.9 3891.98 91.9827 3834.16 108.155 49.7143 44.2998 12.0205 -102.116 -4071.01 -92.1034 -3596.53 -14.3179 -12.587 -14.6123 ;
93.643 1602.64 188.466 3628.74 282.573 11891.7 982.999 113.713 3725.25 49.7143 93.643 0 10.4668 -89.3643 -3241.01 -112.247 -3541.89 -3.55087 -19.9876 -11.3771 ;
93.3348 1527.19 185.342 3452.47 -1.94763 10166.4 8390.73 49.3872 2505.04 44.2998 0 93.3348 8.72421 -87.2135 -3232.47 -49.4029 -2329.39 -10.6926 -19.286 -16.5779 ;
21.7725 446.699 56.4018 1030.15 -73.8992 -3676.83 -1202.74 33.2753 800.623 12.0205 10.4668 8.72421 21.7725 -21.431 -1080.57 -32.9474 -786.768 -3.64922 -4.2665 -0.744109 ;
-207.138 -3755.53 -455.766 -8691.18 -267.399 -26828.3 -9348.54 -201.649 -7004.6 -102.116 -89.3643 -87.2135 -21.431 247.111 8073.78 200.494 8599.66 31.2716 57.1296 -98.6529 ;
-7900.67 -222659 -31154.3 -463418 -18875.2 -1.7423e+06 -692249 -6635.33 -281344 -4071.01 -3241.01 -3232.47 -1080.57 8073.78 599268 6631.65 288342 1982.28 1668.75 -696.573 ;
-201.649 -3702.78 -430.535 -9372.86 -10697.7 -10697.7 0 -4658.03 -4658.03 -92.1034 -112.247 -49.4029 -32.9474 200.494 6631.65 4669.91 4669.91 37.1199 77.6333 2.14081 ;
-7004.6 -130378 -15989.3 -298905 -10697.7 -1.27391e+06 0 -4658.03 -336761 -3596.53 -3541.89 -2329.39 -786.768 8599.66 288342 4669.91 415986 1080.54 1944.55 -3913.68 ;
-28.8571 -789.255 -108.978 -2143 -81.8848 -5362.62 -1719.13 -37.4699 -995.482 -14.3179 -3.55087 -10.6926 -3.64922 31.2716 1982.28 37.1199 1080.54 31.2716 5.84295 -5.80794 ;
-45.9813 -794.545 -94.937 -1860.78 -161.432 -6429.04 -3393.01 -77.6387 -1483.59 -12.587 -19.9876 -19.286 -4.2665 57.1296 1668.75 77.6333 1944.55 5.84295 57.1296 -31.0451 ;
-31.693 -157.787 -12.1244 -667.343 1.98796 -5149.39 -1620.62 -2.22852 -1128.35 -14.6123 -11.3771 -16.5779 -0.744109 -98.6529 -696.573 2.14081 -3913.68 -5.80794 -31.0451 557.355 ;
]
+++++++++++++
Iter 19

Size = 20
Data size = 210
[ 208.497 2544.44 588.124 8175.12 223.34 23194.3 9291 198.133 6935.29 101.235 89.0794 90.4335 22.5695 -198.172 -7731.79 -197.332 -6578.51 -26.0299 -43.4014 -25.8414 ;
2544.44 43122.8 9226.22 127087 2750.87 404592 171436 2550.69 86645.3 1244.5 1094.44 1039.77 334.861 -2524.83 -148442 -2548.93 -85995.6 -477.357 -537.904 -96.6646 ;
588.124 9226.22 2421.52 31848.4 549.092 107915 49023.6 561.911 20251 290.221 247.228 239.581 82.4321 -584.429 -40281 -561.799 -20114.3 -126.695 -123.663 -14.5268 ;
8175.12 127087 31848.4 456943 7129.9 1.05029e+06 456341 8818.75 276548 4185.97 3385.98 3217.31 1094.07 -8004.96 -437451 -8812.27 -270695 -1845.01 -1699 -526.01 ;
223.34 2750.87 549.092 7129.9 113455 113455 0 9739.26 9739.26 8.19372 279.035 -0.823853 -77.5748 -223.853 -7075.15 -9678.51 -9678.51 -44.5038 -166.14 3.48027 ;
23194.3 404592 107915 1.05029e+06 113455 2.36151e+07 0 9739.26 1.10534e+06 11677.4 9813.84 8673.18 -4396.17 -21909.8 -1.32097e+06 -9678.51 -1.04191e+06 -3561.03 -5336 -4283.71 ;
9291 171436 49023.6 456341 0 0 1.52834e+07 0 0 3428.72 946.494 7925.87 -1334.87 -8845 -742473 0 0 -1827.49 -3469.1 -1237.67 ;
198.133 2550.69 561.911 8818.75 9739.26 9739.26 0 4586.27 4586.27 89.4545 112.973 46.6627 32.8538 -197.332 -6338.33 -4562.68 -4562.68 -35.2795 -77.5656 -0.971699 ;
6935.29 86645.3 20251 276548 9739.26 1.10534e+06 0 4586.27 333371 3507.84 3528.63 2342.93 830.738 -6578.51 -271447 -4562.68 -315623 -874.155 -1370.3 -921.699 ;
101.235 1244.5 290.221 4185.97 8.19372 11677.4 3428.72 89.4545 3507.84 101.235 46.6671 42.0936 12.2565 -96.0169 -3820.98 -89.5905 -3304.13 -12.3897 -11.5384 -11.7782 ;
89.0794 1094.44 247.228 3385.98 279.035 9813.84 946.494 112.973 3528.63 46.6671 89.0794 0 10.8707 -85.4207 -3182.47 -112.004 -3370.75 -3.32607 -19.0154 -9.37732 ;
90.4335 1039.77 239.581 3217.31 -0.823853 8673.18 7925.87 46.6627 2342.93 42.0936 0 90.4335 8.88012 -84.9828 -3184.11 -46.7353 -2189.82 -9.79698 -18.4515 -13.5651 ;
22.5695 334.861 82.4321 1094.07 -77.5748 -4396.17 -1334.87 32.8538 830.738 12.2565 10.8707 8.88012 22.5695 -22.2574 -1228.45 -32.6477 -818.067 -3.98071 -4.26763 -0.634385 ;
-198.172 -2524.83 -584.429 -8004.96 -223.853 -21909.8 -8845 -197.332 -6578.51 -96.0169 -85.4207 -84.9828 -22.2574 236.975 7888.32 196.098 8159.78 28.4618 53.953 -88.3138 ;
-7731.79 -148442 -40281 -437451 -7075.15 -1.32097e+06 -742473 -6338.33 -271447 -3820.98 -3182.47 -3184.11 -1228.45 7888.32 650519 6334.6 278047 1910.68 1699.77 -578.555 ;
-197.332 -2548.93 -561.799 -8812.27 -9678.51 -9678.51 0 -4562.68 -4562.68 -89.5905 -112.004 -46.7353 -32.6477 196.098 6334.6 4569.4 4569.4 34.933 77.5407 2.33621 ;
-6578.51 -85995.6 -20114.3 -270695 -9678.51 -1.04191e+06 0 -4562.68 -315623 -3304.13 -3370.75 -2189.82 -818.067 8159.78 278047 4569.4 394264 961.579 1816.13 -3644.36 ;
-26.0299 -477.357 -126.695 -1845.01 -44.5038 -3561.03 -1827.49 -35.2795 -874.155 -12.3897 -3.32607 -9.79698 -3.98071 28.4618 1910.68 34.933 961.579 28.4618 5.46813 -5.47636 ;
-43.4014 -537.904 -123.663 -1699 -166.14 -5336 -3469.1 -77.5656 -1370.3 -11.5384 -19.0154 -18.4515 -4.26763 53.953 1699.77 77.5407 1816.13 5.46813 53.953 -27.1879 ;
-25.8414 -96.6646 -14.5268 -526.01 3.48027 -4283.71 -1237.67 -0.971699 -921.699 -11.7782 -9.37732 -13.5651 -0.634385 -88.3138 -578.555 2.33621 -3644.36 -5.47636 -27.1879 448.227 ;
]
+++++++++++++
Iter 20

Size = 20
Data size = 210
[ 219.585 2682.77 622.689 8862.04 262.525 28468.3 10135.2 194.698 7376.64 107.739 92.326 95.7539 21.526 -208.927 -7997.69 -193.934 -7005.94 -28.7847 -46.423 -26.5875 ;
2682.77 45118.8 11760.5 137925 3639.51 513069 180203 2511 92439.5 1338.87 1130.23 1105.04 307.048 -2662.47 -150453 -2509.32 -91765 -525.435 -572.412 -99.1511 ;
622.689 11760.5 3169.29 34694.6 815.662 138636 50099 557.657 21724.7 314.975 256.236 255.567 74.7441 -618.837 -40584.1 -557.554 -21582.1 -139.651 -131.508 -15.0301 ;
8862.04 137925 34694.6 512887 9765.4 1.41739e+06 519752 8968.81 302861 4606.86 3579.88 3515.74 1032.91 -8684.56 -463062 -8962.91 -296717 -2099.67 -1859.98 -543.355 ;
262.525 3639.51 815.662 9765.4 122419 122419 0 10739.7 10739.7 23.6807 288.37 8.75086 -64.673 -263.173 -11079.3 -10680 -10680 -64.6888 -171.049 3.79772 ;
28468.3 513069 138636 1.41739e+06 122419 2.74898e+07 0 10739.7 1.35429e+06 15033.4 11825.7 10592.4 -3822.05 -27153.3 -1.7204e+06 -10680 -1.28939e+06 -5238.38 -6520.86 -4352.15 ;
10135.2 180203 50099 519752 0 0 1.67512e+07 0 0 3942.43 998.154 8642.43 -1159.24 -9683.93 -707113 0 0 -1822.08 -3609.59 -1256.76 ;
194.698 2511 557.657 8968.81 10739.7 10739.7 0 4534.52 4534.52 87.3104 110.2 47.1334 29.9565 -193.934 -6195.74 -4511.34 -4511.34 -36.3807 -77.1282 -0.908033 ;
7376.64 92439.5 21724.7 302861 10739.7 1.35429e+06 0 4534.52 355198 3781.86 3674.26 2535.29 796.452 -7005.94 -284745 -4511.34 -336751 -986.723 -1480.42 -949.955 ;
107.739 1338.87 314.975 4606.86 23.6807 15033.4 3942.43 87.3104 3781.86 107.739 48.7371 45.1426 11.865 -102.352 -4081.18 -87.4523 -3570.99 -14.1703 -12.638 -12.086 ;
92.326 1130.23 256.236 3579.88 288.37 11825.7 998.154 110.2 3674.26 48.7371 92.326 0 10.2811 -88.5499 -3243.58 -109.26 -3510.83 -3.48983 -19.8825 -9.68065 ;
95.7539 1105.04 255.567 3515.74 8.75086 10592.4 8642.43 47.1334 2535.29 45.1426 0 95.7539 8.6354 -90.1257 -3317.12 -47.2116 -2375.49 -10.8585 -19.9187 -13.9792 ;
21.526 307.048 74.7441 1032.91 -64.673 -3822.05 -1159.24 29.9565 796.452 11.865 10.2811 8.6354 21.526 -21.2012 -1095.27 -29.7551 -783.256 -3.73169 -4.21974 -0.655759 ;
-208.927 -2662.47 -618.837 -8684.56 -263.173 -27153.3 -9683.93 -193.934 -7005.94 -102.352 -88.5499 -90.1257 -21.2012 247.266 8151.94 192.699 8566.61 31.1917 56.8718 -86.9894 ;
-7997.69 -150453 -40584.1 -463062 -11079.3 -1.7204e+06 -707113 -6195.74 -284745 -4081.18 -3243.58 -3317.12 -1095.27 8151.94 627273 6191.98 291235 2013.13 1717.51 -569.772 ;
-193.934 -2509.32 -557.554 -8962.91 -10680 -10680 0 -4511.34 -4511.34 -87.4523 -109.26 -47.2116 -29.7551 192.699 6191.98 4517.7 4517.7 36.0362 77.1033 2.35731 ;
-7005.94 -91765 -21582.1 -296717 -10680 -1.28939e+06 0 -4511.34 -336751 -3570.99 -3510.83 -2375.49 -783.256 8566.61 291235 4517.7 414360 1073.03 1921.42 -3582.97 ;
-28.7847 -525.435 -139.651 -2099.67 -64.6888 -5238.38 -1822.08 -36.3807 -986.723 -14.1703 -3.48983 -10.8585 -3.73169 31.1917 2013.13 36.0362 1073.03 31.1917 5.89341 -5.43574 ;
-46.423 -572.412 -131.508 -1859.98 -171.049 -6520.86 -3609.59 -77.1282 -1480.42 -12.638 -19.8825 -19.9187 -4.21974 56.8718 1717.51 77.1033 1921.42 5.89341 56.8718 -26.9201 ;
-26.5875 -99.1511 -15.0301 -543.355 3.79772 -4352.15 -1256.76 -0.908033 -949.955 -12.086 -9.68065 -13.9792 -0.655759 -86.9894 -569.772 2.35731 -3582.97 -5.43574 -26.9201 444.762 ;
]
+++++++++++++
Iter 21

Size = 20
Data size = 210
[ 217.604 1451.06 418.066 8897.32 287.608 29636.2 10620.6 190.234 7353.06 106.461 90.8692 95.0235 21.1871 -207.016 -7959.56 -190.246 -6993.7 -29.6903 -43.6827 -29.6556 ;
1451.06 12059.7 3713.17 71767.2 2278.21 263235 93476.4 1376.88 49859.2 719.579 615.081 601.297 159.272 -1437.79 -73888.8 -1376.87 -49469.9 -268.148 -294.513 -79.8284 ;
418.066 3713.17 1184 22143.7 656.412 86390 31318.1 380.165 14579.4 212.497 173.659 171.665 47.8473 -412.43 -24300.3 -380.306 -14368 -87.3158 -83.2038 -17.6783 ;
8897.32 71767.2 22143.7 523172 11670 1.52269e+06 580904 8953.89 305980 4621.1 3536.71 3543.8 1020.15 -8712.9 -465226 -8959.29 -299676 -2190.82 -1758.97 -621.885 ;
287.608 2278.21 656.412 11670 127415 127415 0 11160.7 11160.7 30.5474 290.543 17.2306 -54.071 -290.603 -14029.1 -11132.1 -11132.1 -76.3901 -175.554 9.89695 ;
29636.2 263235 86390 1.52269e+06 127415 2.9071e+07 0 11160.7 1.41194e+06 15767.6 11994.6 11228.4 -3606.93 -28262.7 -1.83264e+06 -11132.1 -1.34426e+06 -6003.96 -6201.79 -4920.17 ;
10620.6 93476.4 31318.1 580904 0 0 1.95477e+07 0 0 4192.18 984.277 9093.08 -1128.35 -10117.5 -754405 0 0 -2037.81 -3495.52 -1591.72 ;
190.234 1376.88 380.165 8953.89 11160.7 11160.7 0 4429.5 4429.5 85.3016 108.053 46.2002 25.401 -190.246 -6139.48 -4419.61 -4419.61 -36.9084 -76.6292 0.678822 ;
7353.06 49859.2 14579.4 305980 11160.7 1.41194e+06 0 4429.5 354741 3773.37 3619.15 2557.43 789.927 -6993.7 -284160 -4419.61 -336814 -1020.29 -1402.44 -1033.07 ;
106.461 719.579 212.497 4621.1 30.5474 15767.6 4192.18 85.3016 3773.37 106.461 48.0517 44.5741 11.8031 -101.279 -4093.15 -85.4923 -3573.26 -14.5881 -11.6595 -13.4114 ;
90.8692 615.081 173.659 3536.71 290.543 11994.6 984.277 108.053 3619.15 48.0517 90.8692 0 10.0894 -87.1629 -3225.03 -107.818 -3462.91 -3.52425 -18.7373 -10.3979 ;
95.0235 601.297 171.665 3543.8 17.2306 11228.4 9093.08 46.2002 2557.43 44.5741 0 95.0235 8.60652 -89.3443 -3316.93 -46.3417 -2399.75 -11.2225 -18.654 -15.9787 ;
21.1871 159.272 47.8473 1020.15 -54.071 -3606.93 -1128.35 25.401 789.927 11.8031 10.0894 8.60652 21.1871 -20.8291 -1053.38 -25.3355 -775.21 -3.49925 -4.17327 -0.734013 ;
-207.016 -1437.79 -412.43 -8712.9 -290.603 -28262.7 -10117.5 -190.246 -6993.7 -101.279 -87.1629 -89.3443 -20.8291 247.106 8128.08 188.572 8593.41 32.2622 53.9706 -95.3625 ;
-7959.56 -73888.8 -24300.3 -465226 -14029.1 -1.83264e+06 -754405 -6139.48 -284160 -4093.15 -3225.03 -3316.93 -1053.38 8128.08 606433 6132.91 290989 2002.53 1625.46 -662.195 ;
-190.246 -1376.87 -380.306 -8959.29 -11132.1 -11132.1 0 -4419.61 -4419.61 -85.4923 -107.818 -46.3417 -25.3355 188.572 6132.91 4423.23 4423.23 36.5247 76.5487 4.27946 ;
-6993.7 -49469.9 -14368 -299676 -11132.1 -1.34426e+06 0 -4419.61 -336814 -3573.26 -3462.91 -2399.75 -775.21 8593.41 290989 4423.23 416286 1109.74 1827.3 -3786.01 ;
-29.6903 -268.148 -87.3158 -2190.82 -76.3901 -6003.96 -2037.81 -36.9084 -1020.29 -14.5881 -3.52425 -11.2225 -3.49925 32.2622 2002.53 36.5247 1109.74 32.2622 5.77732 -6.16375 ;
