Iter 0

Size = 22
Data size = 253
[ 397.167 21988.1 0 21322.7 278.933 107752 30417.8 346.694 14264.1 31.9167 136.333 184.194 -326.833 -14640.3 -327.472 -12162.2 -95.3056 -1555.07 -240.035 -149.342 -48.604 -27.6056 ;
21988.1 2.56558e+06 44799.3 1.70525e+06 31615.4 1.04105e+07 3.34944e+06 22076.2 799993 973.194 7016.11 9344.61 -19868.2 -1.655e+06 -21831 -746153 -5497.56 -193421 -6637.33 -3947.53 -1419.13 -856.733 ;
0 44799.3 0 0 0 0 0 0 0 0 0 0 0 0 0 0 0 0 0 0 0 0 ;
21322.7 1.70525e+06 0 1.80902e+06 53844.4 8.46232e+06 2.2656e+06 19297.1 772364 1203.97 6254.86 9066.58 -18618.9 -1.11625e+06 -18804.2 -698153 -5778.75 -129157 -8915.37 -5617.83 -1865.17 -1102.03 ;
278.933 31615.4 0 53844.4 766321 766321 0 13422.2 13422.2 -63.1944 155.312 142.114 -333.934 9197.81 -11308.8 -11308.8 -20.4725 8531.7 -317.953 -306.119 -124.912 -10.0967 ;
107752 1.04105e+07 0 8.46232e+06 766321 1.59181e+08 0 13422.2 5.16775e+06 9663.11 31690.2 42341.3 -88840.3 -5.0234e+06 -11308.8 -4.20365e+06 -32073.2 -1.36969e+06 -73066.6 -48452.8 -18563.8 -10910.5 ;
30417.8 3.34944e+06 0 2.2656e+06 0 0 8.59458e+07 0 0 4752.37 1365.16 27268.1 -19051.1 -1.51628e+06 0 0 -6267.29 -1.08866e+06 -41916.7 -14962.5 -2276.65 -1258.44 ;
346.694 22076.2 0 19297.1 13422.2 13422.2 0 7844.25 7844.25 1 186 88.2778 -327.472 -16480.6 -7262.25 -7262.25 -111.222 43.8611 -97.2222 -86.8364 -39.4389 -16 ;
14264.1 799993 0 772364 13422.2 5.16775e+06 0 7844.25 688481 1044.25 5577.5 5610.56 -12162.2 -551453 -7262.25 -583665 -3491.25 -38820.7 -8086.97 -5528.03 -2065.02 -1197.91 ;
31.9167 973.194 0 1203.97 -63.1944 9663.11 4752.37 1 1044.25 61.5833 10.6667 17.3056 29.6667 664 1 946 6.22222 -1344.56 -211.951 -133.644 -40.1311 -21.5222 ;
136.333 7016.11 0 6254.86 155.312 31690.2 1365.16 186 5577.5 10.6667 136.333 0 -116.667 -4900.58 -173 -4842.75 -30.0278 -381.217 -65.875 -42.2689 -12.3169 -6.09444 ;
184.194 9344.61 0 9066.58 142.114 42341.3 27268.1 88.2778 5610.56 17.3056 0 184.194 -143.222 -6008.72 -85.3889 -4603.53 -44.6944 -832.629 -140.986 -83.3783 -26.0824 -15.4278 ;
-326.833 -19868.2 0 -18618.9 -333.934 -88840.3 -19051.1 -327.472 -12162.2 29.6667 -116.667 -143.222 391.167 16057.1 337.694 14116.6 116.861 -1300.72 -219.222 -140.842 -44.854 -25.3556 ;
-14640.3 -1.655e+06 0 -1.11625e+06 9197.81 -5.0234e+06 -1.51628e+06 -16480.6 -551453 664 -4900.58 -6008.72 16057.1 1.51578e+06 16455.5 589241 4294.83 -131435 -4447.58 -2591.04 -883.628 -528.944 ;
-327.472 -21831 0 -18804.2 -11308.8 -11308.8 0 -7262.25 -7262.25 1 -173 -85.3889 337.694 16455.5 7682.25 7682.25 115.444 77.6111 -61.2222 -50.8364 -30.4389 -16 ;
-12162.2 -746153 0 -698153 -11308.8 -4.20365e+06 0 -7262.25 -583665 946 -4842.75 -4603.53 14116.6 589241 7682.25 681627 4133.25 -34843.1 -7560.47 -5271.53 -1911.52 -1097.41 ;
-95.3056 -5497.56 0 -5778.75 -20.4725 -32073.2 -6267.29 -111.222 -3491.25 6.22222 -30.0278 -44.6944 116.861 4294.83 115.444 4133.25 116.861 -410.518 -74.7222 -47.6409 -13.6101 -7 ;
-1555.07 -193421 0 -129157 8531.7 -1.36969e+06 -1.08866e+06 43.8611 -38820.7 -1344.56 -381.217 -832.629 -1300.72 -131435 77.6111 -34843.1 -410.518 359003 8998.47 5120.08 1804.86 1128.6 ;
-240.035 -6637.33 0 -8915.37 -317.953 -73066.6 -41916.7 -97.2222 -8086.97 -211.951 -65.875 -140.986 -219.222 -4447.58 -61.2222 -7560.47 -74.7222 8998.47 1786.15 1160.74 373.832 211.844 ;
-149.342 -3947.53 0 -5617.83 -306.119 -48452.8 -14962.5 -86.8364 -5528.03 -133.644 -42.2689 -83.3783 -140.842 -2591.04 -50.8364 -5271.53 -47.6409 5120.08 1160.74 974.644 373.832 211.844 ;
-48.604 -1419.13 0 -1865.17 -124.912 -18563.8 -2276.65 -39.4389 -2065.02 -40.1311 -12.3169 -26.0824 -44.854 -883.628 -30.4389 -1911.52 -13.6101 1804.86 373.832 373.832 313.609 211.844 ;
-27.6056 -856.733 0 -1102.03 -10.0967 -10910.5 -1258.44 -16 -1197.91 -21.5222 -6.09444 -15.4278 -25.3556 -528.944 -16 -1097.41 -7 1128.6 211.844 211.844 211.844 158.754 ;
]
+++++++++++++
Iter 1

Size = 22
Data size = 253
[ 297.487 16141.6 451.644 14389.5 246.578 57728.8 20189.8 290.034 9878.01 17.8639 104.855 141.251 -257.069 -11488.3 -275.516 -8979.31 -72.3921 -554.26 -130.834 -76.3514 -23.2045 -12.8704 ;
16141.6 1.7778e+06 57288.9 1.1237e+06 42053.2 5.60906e+06 2.06197e+06 17257.9 557954 418.141 5431.48 6943.5 -15212.1 -1.26466e+06 -17072.1 -541731 -4053.31 -37902.7 -2553.51 -1471.65 -553.539 -327.184 ;
451.644 57288.9 1910.36 33693 1708.09 176182 68366.1 474.226 15740.4 10.2136 145.634 194.067 -429.681 -40605.6 -470.724 -15363.8 -112.297 -1094.93 -58.9426 -34.1385 -13.3582 -7.9794 ;
14389.5 1.1237e+06 33693 1.04881e+06 36400.2 3.92501e+06 1.33415e+06 14389.6 482091 546.248 4490.3 6285.23 -13117 -800844 -14109.7 -456475 -3848.25 -31887.7 -3836.36 -2310.94 -738.868 -428.987 ;
246.578 42053.2 1708.09 36400.2 449866 449866 0 12532.3 12532.3 -35.2581 124.737 11.8276 -259.985 -30748.2 -10697.8 -10697.8 -93.4631 3052.84 -286.361 -280.88 -113 -11.5651 ;
57728.8 5.60906e+06 176182 3.92501e+06 449866 7.65286e+07 0 12532.3 2.70144e+06 3892.24 17872.8 24380.6 -50402.5 -2.9037e+06 -10697.8 -2.33759e+06 -17841.8 -255693 -28213.4 -18919.1 -7177.52 -4134.21 ;
20189.8 2.06197e+06 68366.1 1.33415e+06 0 0 3.72963e+07 0 0 2381.12 1286.24 17657.3 -14269.9 -1.25626e+06 0 0 -4790.19 -214355 -21815.2 -9725.84 -1592.13 -811.299 ;
290.034 17257.9 474.226 14389.6 12532.3 12532.3 0 6594.8 6594.8 0.302769 163.342 69.9333 -275.516 -12409.3 -6149.83 -6149.83 -92.109 0.834515 -75.2531 -68.8109 -30.3213 -11.877 ;
9878.01 557954 15740.4 482091 12532.3 2.70144e+06 0 6594.8 469217 462.838 4087.95 3852.16 -8979.31 -411836 -6149.83 -425883 -2477.86 -10094.4 -3449.5 -2302.66 -860.137 -492.921 ;
17.8639 418.141 10.2136 546.248 -35.2581 3892.24 2381.12 0.302769 462.838 53.2646 5.21846 10.6967 35.4007 607.187 2.54133 1199.92 7.59632 -772.385 -183.866 -115.772 -34.1057 -18.1043 ;
104.855 5431.48 145.634 4490.3 124.737 17872.8 1286.24 163.342 4087.95 5.21846 104.855 0 -94.2544 -3969.72 -151.854 -3765.84 -23.9458 -147.265 -33.5204 -20.3297 -5.30973 -2.20492 ;
141.251 6943.5 194.067 6285.23 11.8276 24380.6 17657.3 69.9333 3852.16 10.6967 0 141.251 -115.963 -4855.13 -68.594 -3418.41 -35.0026 -301.476 -82.9102 -46.2121 -14.1044 -8.51724 ;
-257.069 -15212.1 -429.681 -13117 -259.985 -50402.5 -14269.9 -275.516 -8979.31 35.4007 -94.2544 -115.963 334.437 12727.8 291.392 11471.9 99.4195 -970.783 -271.809 -177.371 -56.584 -31.8735 ;
-11488.3 -1.26466e+06 -40605.6 -800844 -30748.2 -2.9037e+06 -1.25626e+06 -12409.3 -411836 607.187 -3969.72 -4855.13 12727.8 1.16925e+06 12494.5 446975 3368.65 -46377.4 -4010.04 -2515.42 -823.756 -468.524 ;
-275.516 -17072.1 -470.724 -14109.7 -10697.8 -10697.8 0 -6149.83 -6149.83 2.54133 -151.854 -68.594 291.392 12494.5 6676.53 6676.53 98.78 -35.6181 -78.6056 -64.2723 -35.5237 -18.3167 ;
-8979.31 -541731 -15363.8 -456475 -10697.8 -2.33759e+06 0 -6149.83 -425883 1199.92 -3765.84 -3418.41 11471.9 446975 6676.53 550063 3324.93 -27421.5 -9636.34 -6744.61 -2439.61 -1396.03 ;
-72.3921 -4053.31 -112.297 -3848.25 -93.4631 -17841.8 -4790.19 -92.109 -2477.86 7.59632 -23.9458 -35.0026 99.4195 3368.65 98.78 3324.93 99.4195 -365.721 -97.5393 -62.6974 -17.3895 -8.89442 ;
-554.26 -37902.7 -1094.93 -31887.7 3052.84 -255693 -214355 0.834515 -10094.4 -772.385 -147.265 -301.476 -970.783 -46377.4 -35.6181 -27421.5 -365.721 77297.1 4626.74 2826.01 978.276 574.964 ;
-130.834 -2553.51 -58.9426 -3836.36 -286.361 -28213.4 -21815.2 -75.2531 -3449.5 -183.866 -33.5204 -82.9102 -271.809 -4010.04 -78.6056 -9636.34 -97.5393 4626.74 1565.47 1014.89 319.154 178.975 ;
-76.3514 -1471.65 -34.1385 -2310.94 -280.88 -18919.1 -9725.84 -68.8109 -2302.66 -115.772 -20.3297 -46.2121 -177.371 -2515.42 -64.2723 -6744.61 -62.6974 2826.01 1014.89 850.282 319.154 178.975 ;
-23.2045 -553.539 -13.3582 -738.868 -113 -7177.52 -1592.13 -30.3213 -860.137 -34.1057 -5.30973 -14.1044 -56.584 -823.756 -35.5237 -2439.61 -17.3895 978.276 319.154 319.154 266.427 178.975 ;
-12.8704 -327.184 -7.9794 -428.987 -11.5651 -4134.21 -811.299 -11.877 -492.921 -18.1043 -2.20492 -8.51724 -31.8735 -468.524 -18.3167 -1396.03 -8.89442 574.964 178.975 178.975 178.975 134.106 ;
]
+++++++++++++
Iter 2

Size = 22
Data size = 253
[ 262.754 12907.3 653.352 11069.1 390.64 40077.2 14401.9 267.362 8837.48 13.6603 97.616 125.52 -231.777 -9432.25 -251.347 -8114.02 -62.3446 -253.225 -103.101 -59.7063 -17.8889 -9.77119 ;
12907.3 1.26995e+06 74604.2 791385 74851.3 3.62992e+06 1.28212e+06 15279.5 447645 206.2 4727.45 5547.2 -12408 -930495 -15023.2 -439150 -3175.46 -9159.99 -1407.79 -809.46 -287.339 -159.739 ;
653.352 74604.2 4541.92 43124.2 5356.68 210415 76457 776.55 22869.6 8.3408 231.108 279.1 -633.914 -54011.6 -766.526 -22558.9 -159.866 -413.795 -52.7157 -30.7447 -11.236 -6.15904 ;
11069.1 791385 43124.2 687797 42823.1 2.22044e+06 787417 12265.1 374133 318.444 3825.77 4852.38 -10308.4 -585076 -11942.3 -357564 -2819.3 -9474.3 -2369.36 -1422.1 -449.851 -254.017 ;
390.64 74851.3 5356.68 42823.1 362271 362271 0 14634 14634 -13.5236 181.51 -6.82348 -366.505 -65656.7 -13074.3 -13074.3 -134.521 416.314 -255.244 -247.463 -87.8532 -9.23662 ;
40077.2 3.62992e+06 210415 2.22044e+06 362271 4.12352e+07 0 14634 1.8967e+06 1940.98 13137.2 17829.7 -36007.1 -2.1526e+06 -13074.3 -1.69687e+06 -12183.4 -61476.9 -15644.5 -10612.3 -4042.39 -2312.77 ;
14401.9 1.28212e+06 76457 787417 0 0 2.21951e+07 0 0 1471.62 1161.15 12528.8 -10590.1 -832287 0 0 -3755.76 -61517.5 -14031.8 -6182.43 -918.369 -403.225 ;
267.362 15279.5 776.55 12265.1 14634 14634 0 6094.94 6094.94 1.33954 153.303 61.7441 -251.347 -10842.7 -5670.08 -5670.08 -86.5136 -62.2232 -72.8481 -66.028 -29.3074 -12.5727 ;
8837.48 447645 22869.6 374133 14634 1.8967e+06 0 6094.94 423244 374.42 3831.44 3521.38 -8114.02 -338197 -5670.08 -388268 -2114.82 -4588.47 -2774.56 -1828.62 -658.756 -369.774 ;
13.6603 206.2 8.3408 318.444 -13.5236 1940.98 1471.62 1.33954 374.42 43.4138 3.81576 8.49118 29.7535 365.502 2.24754 942.803 6.21673 -380.715 -151.132 -94.4814 -26.8203 -14.1092 ;
97.616 4727.45 231.108 3825.77 181.51 13137.2 1161.15 153.303 3831.44 3.81576 97.616 0 -89.3261 -3519.85 -141.043 -3575.74 -21.8188 -63.7977 -27.2366 -16.3493 -3.76868 -1.28375 ;
125.52 5547.2 279.1 4852.38 -6.82348 17829.7 12528.8 61.7441 3521.38 8.49118 0 125.52 -105.788 -3988.5 -59.0484 -3152.85 -30.5653 -156.55 -65.897 -36.6056 -12.0568 -7.4493 ;
-231.777 -12408 -633.914 -10308.4 -366.505 -36007.1 -10590.1 -251.347 -8114.02 29.7535 -89.3261 -105.788 299.37 10279.9 265.348 10147.7 86.3538 -587.636 -237.478 -153.553 -47.2985 -26.5794 ;
-9432.25 -930495 -54011.6 -585076 -65656.7 -2.1526e+06 -832287 -10842.7 -338197 365.502 -3519.85 -3988.5 10279.9 845595 10913.4 358843 2646.49 -16959.9 -2721.1 -1668.14 -524.911 -295.604 ;
-251.347 -15023.2 -766.526 -11942.3 -13074.3 -13074.3 0 -5670.08 -5670.08 2.24754 -141.043 -59.0484 265.348 10913.4 6134.16 6134.16 92.1545 -46.5876 -67.9682 -54.2467 -27.3334 -14.6899 ;
-8114.02 -439150 -22558.9 -357564 -13074.3 -1.69687e+06 0 -5670.08 -388268 942.803 -3575.74 -3152.85 10147.7 358843 6134.16 488026 2831.07 -13912.2 -7880.24 -5550.63 -1995.94 -1147.71 ;
-62.3446 -3175.46 -159.866 -2819.3 -134.521 -12183.4 -3755.76 -86.5136 -2114.82 6.21673 -21.8188 -30.5653 86.3538 2646.49 92.1545 2831.07 86.3538 -240.614 -87.0294 -55.0787 -14.6842 -7.72143 ;
-253.225 -9159.99 -413.795 -9474.3 416.314 -61476.9 -61517.5 -62.2232 -4588.47 -380.715 -63.7977 -156.55 -587.636 -16959.9 -46.5876 -13912.2 -240.614 19077 2576.02 1535.93 491.384 275.583 ;
-103.101 -1407.79 -52.7157 -2369.36 -255.244 -15644.5 -14031.8 -72.8481 -2774.56 -151.132 -27.2366 -65.897 -237.478 -2721.1 -67.9682 -7880.24 -87.0294 2576.02 1324.02 853.038 260.749 145.402 ;
-59.7063 -809.46 -30.7447 -1422.1 -247.463 -10612.3 -6182.43 -66.028 -1828.62 -94.4814 -16.3493 -36.6056 -153.553 -1668.14 -54.2467 -5550.63 -55.0787 1535.93 853.038 712.236 260.749 145.402 ;
-17.8889 -287.339 -11.236 -449.851 -87.8532 -4042.39 -918.369 -29.3074 -658.756 -26.8203 -3.76868 -12.0568 -47.2985 -524.911 -27.3334 -1995.94 -14.6842 491.384 260.749 260.749 216.857 145.402 ;
-9.77119 -159.739 -6.15904 -254.017 -9.23662 -2312.77 -403.225 -12.5727 -369.774 -14.1092 -1.28375 -7.4493 -26.5794 -295.604 -14.6899 -1147.71 -7.72143 275.583 145.402 145.402 145.402 108.936 ;
]
+++++++++++++
Iter 3

Size = 22
Data size = 253
[ 243.717 11087.6 654.03 9539.02 495.842 33012.3 12215.4 241.748 8239.9 10.5783 92.1746 117.439 -219.782 -8266.97 -224.261 -7647.95 -58.0481 -135.412 -82.3107 -47.6615 -14.1169 -7.73654 ;
11087.6 1.01317e+06 69765.1 636943 74198.9 2.76632e+06 1.00994e+06 12911.2 383701 109.169 4201.31 4820.38 -10804.3 -752797 -12647.6 -378528 -2699.49 -2962.44 -852.458 -494.031 -171.88 -98.6621 ;
654.03 69765.1 4974.16 40569.4 6010.12 188117 70412.6 766.081 22844.8 4.81764 240.31 282.684 -642.087 -50955.2 -754.308 -22643.7 -157.922 -136.821 -34.5019 -20.3077 -7.17696 -4.0586 ;
9539.02 636943 40569.4 546187 43173.6 1.63539e+06 613999 11049.4 323549 207.765 3441.27 4221.4 -9034.68 -481058 -10669.4 -311377 -2400.08 -3777.03 -1656.03 -1001.11 -318.978 -183.281 ;
495.842 74198.9 6010.12 43173.6 292436 292436 0 16156.5 16156.5 -2.629 251.23 35.9943 -460.394 -64266.9 -14938 -14938 -163.995 -78.5485 -204.898 -191.776 -51.9835 -5.04572 ;
33012.3 2.76632e+06 188117 1.63539e+06 292436 2.85389e+07 0 16156.5 1.57359e+06 1149.96 11247.6 14993 -30407.2 -1.82477e+06 -14938 -1.4476e+06 -9928.94 -19040.5 -10050.5 -6840.88 -2467.06 -1413.12 ;
12215.4 1.00994e+06 70412.6 613999 0 0 1.80271e+07 0 0 865.103 1089.42 10613.7 -9786.43 -690661 0 0 -3752.35 -25386.4 -8928.33 -3781.84 -527.157 -210.886 ;
241.748 12911.2 766.081 11049.4 16156.5 16156.5 0 5546.86 5546.86 2.35586 137.526 53.9557 -224.261 -9046.69 -5129.98 -5129.98 -80.8507 -74.7619 -71.1496 -62.0968 -27.3934 -13.4904 ;
8239.9 383701 22844.8 323549 16156.5 1.57359e+06 0 5546.86 396480 308.022 3631.79 3330.75 -7647.95 -295123 -5129.98 -367957 -1944.9 -2693.22 -2270.41 -1495.87 -524.219 -293.905 ;
10.5783 109.169 4.81764 207.765 -2.629 1149.96 865.103 2.35586 308.022 33.8995 2.94626 6.60849 23.3212 195.308 1.56207 732.863 4.42079 -185.815 -120.211 -75.4415 -20.5733 -10.8855 ;
92.1746 4201.31 240.31 3441.27 251.23 11247.6 1089.42 137.526 3631.79 2.94626 92.1746 0 -85.6239 -3183.29 -124.753 -3426.81 -20.7664 -33.6612 -22.2293 -13.3117 -2.89239 -0.924023 ;
117.439 4820.38 282.684 4221.4 35.9943 14993 10613.7 53.9557 3330.75 6.60849 0 117.439 -102.235 -3537.62 -49.6084 -3021.52 -28.8486 -89.0927 -52.3419 -29.1122 -9.97157 -6.23559 ;
-219.782 -10804.3 -642.087 -9034.68 -460.394 -30407.2 -9786.43 -224.261 -7647.95 23.3212 -85.6239 -102.235 273.517 8771.03 234.48 9253.63 76.6144 -319.868 -191.357 -124.17 -37.3391 -20.9591 ;
-8266.97 -752797 -50955.2 -481058 -64266.9 -1.82477e+06 -690661 -9046.69 -295123 195.308 -3183.29 -3537.62 8771.03 667736 9092.86 307086 2183.37 -5918.96 -1654.53 -1020.37 -313.667 -176.88 ;
-224.261 -12647.6 -754.308 -10669.4 -14938 -14938 0 -5129.98 -5129.98 1.56207 -124.753 -49.6084 234.48 9092.86 5465.09 5465.09 84.9744 -37.4665 -47.7359 -36.6113 -15.1129 -8.12544 ;
-7647.95 -378528 -22643.7 -311377 -14938 -1.4476e+06 0 -5129.98 -367957 732.863 -3426.81 -3021.52 9253.63 307086 5465.09 445830 2510.41 -7321 -6239.14 -4421.96 -1568.59 -907.696 ;
-58.0481 -2699.49 -157.922 -2400.08 -163.995 -9928.94 -3752.35 -80.8507 -1944.9 4.42079 -20.7664 -28.8486 76.6144 2183.37 84.9744 2510.41 76.6144 -129.34 -68.0736 -43.7336 -11.3657 -6.07253 ;
-135.412 -2962.44 -136.821 -3777.03 -78.5485 -19040.5 -25386.4 -74.7619 -2693.22 -185.815 -33.6612 -89.0927 -319.868 -5918.96 -37.4665 -7321 -129.34 5616.12 1451.26 859.68 260.45 144.707 ;
-82.3107 -852.458 -34.5019 -1656.03 -204.898 -10050.5 -8928.33 -71.1496 -2270.41 -120.211 -22.2293 -52.3419 -191.357 -1654.53 -47.7359 -6239.14 -68.0736 1451.26 1064.88 687.327 205.824 114.783 ;
-47.6615 -494.031 -20.3077 -1001.11 -191.776 -6840.88 -3781.84 -62.0968 -1495.87 -75.4415 -13.3117 -29.1122 -124.17 -1020.37 -36.6113 -4421.96 -43.7336 859.68 687.327 572.922 205.824 114.783 ;
-14.1169 -171.88 -7.17696 -318.978 -51.9835 -2467.06 -527.157 -27.3934 -524.219 -20.5733 -2.89239 -9.97157 -37.3391 -313.667 -15.1129 -1568.59 -11.3657 260.45 205.824 205.824 170.552 114.783 ;
-7.73654 -98.6621 -4.0586 -183.281 -5.04572 -1413.12 -210.886 -13.4904 -293.905 -10.8855 -0.924023 -6.23559 -20.9591 -176.88 -8.12544 -907.696 -6.07253 144.707 114.783 114.783 114.783 85.9928 ;
]
+++++++++++++
Iter 4

Size = 22
Data size = 253
[ 240.122 10182.5 406.553 9461.66 507.928 32631.4 11417.8 223.916 8054.11 9.92414 91.3969 115.184 -218.731 -8134.43 -208.869 -7400.43 -56.8758 -86.6233 -77.2722 -46.268 -13.8175 -7.54106 ;
10182.5 850368 41438.3 582469 59429.7 2.51781e+06 812174 10874.5 353283 62.9388 3908.44 4419.74 -10011.8 -674809 -10683.9 -348828 -2431.92 -1183.43 -575.741 -352.621 -126.732 -75.4285 ;
406.553 41438.3 2031.54 25124.4 3168.53 116039 37838.7 432.67 14265.7 1.74635 151.631 175.683 -402.04 -30912.2 -427.162 -14152.3 -95.888 -32.463 -14.8774 -9.33372 -3.4562 -2.06267 ;
9461.66 582469 25124.4 544609 39429.4 1.63795e+06 555247 10507.9 319738 172.872 3444.01 4163.07 -9048.85 -472592 -10174.2 -307075 -2355.99 -2087.52 -1464.2 -926.375 -303.06 -176.107 ;
507.928 59429.7 3168.53 39429.4 248019 248019 0 16320.3 16320.3 2.39124 270.149 54.7433 -474.095 -54784.4 -15444.8 -15444.8 -167.585 -124.359 -149.377 -135.748 -29.6676 -2.62446 ;
32631.4 2.51781e+06 116039 1.63795e+06 248019 2.72041e+07 0 16320.3 1.55233e+06 1114.92 11369.3 14643.8 -30087.9 -1.89929e+06 -15444.8 -1.42872e+06 -9312.18 -12625.1 -9814.44 -6743.75 -2379.15 -1383.59 ;
11417.8 812174 37838.7 555247 0 0 1.51379e+07 0 0 462.284 1091.78 9836.69 -10068.1 -643884 0 0 -3987.44 -8211.18 -4984.31 -2037.81 -275.62 -112.239 ;
223.916 10874.5 432.67 10507.9 16320.3 16320.3 0 5175.71 5175.71 1.99965 125.822 49.76 -208.869 -7935.11 -4840.07 -4840.07 -76.2815 -57.8455 -56.9353 -47.7236 -19.2598 -9.39059 ;
8054.11 353283 14265.7 319738 16320.3 1.55233e+06 0 5175.71 387288 344.124 3591.04 3217.76 -7400.43 -289195 -4840.07 -355348 -1841.5 -2437.27 -2509.54 -1663.69 -568.076 -318.427 ;
9.92414 62.9388 1.74635 172.872 2.39124 1114.92 462.284 1.99965 344.124 32.5153 3.117 5.75835 22.5911 127.692 1.05462 834.677 3.77184 -115.895 -120.639 -77.7068 -21.4429 -11.7111 ;
91.3969 3908.44 151.631 3444.01 270.149 11369.3 1091.78 125.822 3591.04 3.117 91.3969 0 -85.1088 -3152.77 -114.522 -3362.88 -20.4942 -24.0548 -22.4045 -13.5357 -3.0206 -1.0826 ;
115.184 4419.74 175.683 4163.07 54.7433 14643.8 9836.69 49.76 3217.76 5.75835 0 115.184 -102.254 -3497.86 -45.9973 -2876.62 -28.2838 -53.6998 -46.8272 -27.0479 -9.45306 -5.81917 ;
-218.731 -10011.8 -402.04 -9048.85 -474.095 -30087.9 -10068.1 -208.869 -7400.43 22.5911 -85.1088 -102.254 268.904 8464.62 216.24 9210.99 73.4882 -196.903 -186.463 -125.452 -39.6379 -22.4994 ;
-8134.43 -674809 -30912.2 -472592 -54784.4 -1.89929e+06 -643884 -7935.11 -289195 127.692 -3152.77 -3497.86 8464.62 617535 7982.21 300025 2014.07 -2187 -1187.57 -795.895 -269.792 -155.406 ;
-208.869 -10683.9 -427.162 -10174.2 -15444.8 -15444.8 0 -4840.07 -4840.07 1.05462 -114.522 -45.9973 216.24 7982.21 5058.75 5058.75 79.2161 -36.7742 -30.7394 -22.7355 -8.27833 -4.38375 ;
-7400.43 -348828 -14152.3 -307075 -15444.8 -1.42872e+06 0 -4840.07 -355348 834.677 -3362.88 -2876.62 9210.99 300025 5058.75 444401 2454.54 -6342.82 -7038.22 -4994.57 -1774.12 -1031.71 ;
-56.8758 -2431.92 -95.888 -2355.99 -167.585 -9312.18 -3987.44 -76.2815 -1841.5 3.77184 -20.4942 -28.2838 73.4882 2014.07 79.2161 2454.54 73.4882 -73.6378 -63.2002 -43.1397 -11.8064 -6.40774 ;
-86.6233 -1183.43 -32.463 -2087.52 -124.359 -12625.1 -8211.18 -57.8455 -2437.27 -115.895 -24.0548 -53.6998 -196.903 -2187 -36.7742 -6342.82 -73.6378 1964.62 998.405 638.832 208.054 118.881 ;
-77.2722 -575.741 -14.8774 -1464.2 -149.377 -9814.44 -4984.31 -56.9353 -2509.54 -120.639 -22.4045 -46.8272 -186.463 -1187.57 -30.7394 -7038.22 -63.2002 998.405 1030.76 686.88 213.822 120.162 ;
-46.268 -352.621 -9.33372 -926.375 -135.748 -6743.75 -2037.81 -47.7236 -1663.69 -77.7068 -13.5357 -27.0479 -125.452 -795.895 -22.7355 -4994.57 -43.1397 638.832 686.88 578.397 213.822 120.162 ;
-13.8175 -126.732 -3.4562 -303.06 -29.6676 -2379.15 -275.62 -19.2598 -568.076 -21.4429 -3.0206 -9.45306 -39.6379 -269.792 -8.27833 -1774.12 -11.8064 208.054 213.822 213.822 176.271 120.162 ;
-7.54106 -75.4285 -2.06267 -176.107 -2.62446 -1383.59 -112.239 -9.39059 -318.427 -11.7111 -1.0826 -5.81917 -22.4994 -155.406 -4.38375 -1031.71 -6.40774 118.881 120.162 120.162 120.162 90.055 ;
]
+++++++++++++
Iter 5

Size = 22
Data size = 253
[ 232.574 8895.32 351.963 9083.84 467.032 31142.5 10777.4 216.756 7783.45 8.09484 90.2555 110.248 -215.969 -7909.84 -208.205 -7216.95 -54.972 -49.1837 -61.7828 -37.9805 -11.0878 -5.88187 ;
8895.32 649502 30993.9 499749 46788.8 2.12995e+06 680179 9445.19 308430 30.2528 3483.99 3836.02 -8809.22 -576864 -9369.72 -305666 -2088.24 -467.661 -312.815 -200.894 -70.2021 -41.0481 ;
351.963 30993.9 1520 21393.8 2462.29 97410.1 31450.4 371.22 12344.8 0.826578 134.032 151.324 -349.797 -26201.9 -369.168 -12274.9 -81.4153 -11.876 -7.8068 -5.18 -1.86439 -1.08805 ;
9083.84 499749 21393.8 516685 35374.1 1.5466e+06 518417 10067.9 307282 124.406 3391.59 3938.76 -8791.93 -453581 -9905.91 -297248 -2222.63 -1081.67 -1078.69 -704.142 -224.109 -127.012 ;
467.032 46788.8 2462.29 35374.1 226452 226452 0 15256.2 15256.2 1.11842 257.983 44.4699 -447.815 -49548.5 -14789 -14789 -163.094 -65.6401 -79.5803 -75.3898 -17.2141 -1.03046 ;
31142.5 2.12995e+06 97410.1 1.5466e+06 226452 2.55953e+07 0 15256.2 1.48229e+06 882.847 11263.9 13716.7 -29135.6 -1.83619e+06 -14789 -1.38432e+06 -8691.97 -7781.76 -7774.67 -5436.88 -1895.48 -1095.12 ;
10777.4 680179 31450.4 518417 0 0 1.44432e+07 0 0 266.638 1062.59 9256.88 -10028 -619133 0 0 -3917.1 -2857.71 -2793.13 -1061.76 -109.296 -45.5747 ;
216.756 9445.19 371.22 10067.9 15256.2 15256.2 0 5017.43 5017.43 0.614477 121.469 47.9962 -208.205 -7650.39 -4834.17 -4834.17 -76.0134 -25.7861 -31.6105 -26.4222 -9.06192 -3.29155 ;
7783.45 308430 12344.8 307282 15256.2 1.48229e+06 0 5017.43 374242 304.164 3550.05 3047.39 -7216.95 -280232 -4834.17 -346351 -1756.33 -1660.59 -2185.21 -1470.84 -484.536 -266.072 ;
8.09484 30.2528 0.826578 124.406 1.11842 882.847 266.638 0.614477 304.164 28.0453 2.77974 4.36415 19.9504 87.7228 0.152963 787.603 3.03131 -73.2675 -106.604 -70.0127 -18.9995 -10.3964 ;
90.2555 3483.99 134.032 3391.59 257.983 11263.9 1062.59 121.469 3550.05 2.77974 90.2555 0 -85.1352 -3108.5 -114.238 -3344.31 -20.313 -15.3155 -18.7957 -11.4616 -2.66526 -1.03151 ;
110.248 3836.02 151.324 3938.76 44.4699 13716.7 9256.88 47.9962 3047.39 4.36415 0 110.248 -100.619 -3399.78 -46.586 -2759.98 -26.9807 -28.217 -35.9878 -21.3597 -7.26203 -4.32738 ;
-215.969 -8809.22 -349.797 -8791.93 -447.815 -29135.6 -10028 -208.205 -7216.95 19.9504 -85.1352 -100.619 258.374 8123.4 211.263 8888.68 68.4798 -123.581 -160.887 -110.976 -35.7115 -20.2798 ;
-7909.84 -576864 -26201.9 -453581 -49548.5 -1.83619e+06 -619133 -7650.39 -280232 87.7228 -3108.5 -3399.78 8123.4 584800 7673.04 288535 1879.45 -993.865 -805.617 -570.215 -204.501 -118.927 ;
-208.205 -9369.72 -369.168 -9905.91 -14789 -14789 0 -4834.17 -4834.17 0.152963 -114.238 -46.586 211.263 7673.04 4936.65 4936.65 77.1091 -17.5734 -12.6467 -8.33321 -3.0622 -1.76601 ;
-7216.95 -305666 -12274.9 -297248 -14789 -1.38432e+06 0 -4834.17 -346351 787.603 -3344.31 -2759.98 8888.68 288535 4936.65 429081 2302.65 -4728.45 -6512.68 -4646.2 -1652.64 -959.354 ;
-54.972 -2088.24 -81.4153 -2222.63 -163.094 -8691.97 -3917.1 -76.0134 -1756.33 3.03131 -20.313 -26.9807 68.4798 1879.45 77.1091 2302.65 68.4798 -45.5116 -52.3073 -36.9242 -10.2982 -5.60626 ;
-49.1837 -467.661 -11.876 -1081.67 -65.6401 -7781.76 -2857.71 -25.7861 -1660.59 -73.2675 -15.3155 -28.217 -123.581 -993.865 -17.5734 -4728.45 -45.5116 844.684 642.899 434.592 145.438 83.318 ;
-61.7828 -312.815 -7.8068 -1078.69 -79.5803 -7774.67 -2793.13 -31.6105 -2185.21 -106.604 -18.7957 -35.9878 -160.887 -805.617 -12.6467 -6512.68 -52.3073 642.899 873.631 595.825 187.197 104.647 ;
-37.9805 -200.894 -5.18 -704.142 -75.3898 -5436.88 -1061.76 -26.4222 -1470.84 -70.0127 -11.4616 -21.3597 -110.976 -570.215 -8.33321 -4646.2 -36.9242 434.592 595.825 504.885 187.197 104.647 ;
-11.0878 -70.2021 -1.86439 -224.109 -17.2141 -1895.48 -109.296 -9.06192 -484.536 -18.9995 -2.66526 -7.26203 -35.7115 -204.501 -3.0622 -1652.64 -10.2982 145.438 187.197 187.197 152.627 104.647 ;
-5.88187 -41.0481 -1.08805 -127.012 -1.03046 -1095.12 -45.5747 -3.29155 -266.072 -10.3964 -1.03151 -4.32738 -20.2798 -118.927 -1.76601 -959.354 -5.60626 83.318 104.647 104.647 104.647 78.4517 ;
]
+++++++++++++
Iter 13

Size = 22
Data size = 253
[ 223.991 6369.86 348.572 8836.44 436.825 30061 10459.9 203.813 7541.21 6.56847 90.9908 101.938 -211.231 -7853.55 -199.999 -7090.21 -50.6886 -27.7182 -48.3789 -30.6787 -8.86108 -4.56509 ;
6369.86 314127 19039.9 348735 20787.3 1.43491e+06 486683 6256.21 221061 11.7417 2587.28 2690.24 -6333.58 -400658 -6240.89 -219815 -1423.05 -153.743 -138.475 -94.6678 -32.3373 -18.2865 ;
348.572 19039.9 1283.34 20660.4 1345.46 90837.9 31549.7 330.44 12229.7 0.511053 137.605 147.456 -347.291 -25258.1 -329.988 -12182.8 -76.6686 -5.17684 -4.90376 -3.47327 -1.18429 -0.654002 ;
8836.44 348735 20660.4 504233 26831.5 1.49463e+06 522214 9604.42 301169 91.0184 3460.09 3666.86 -8629.78 -448805 -9556.62 -293901 -2029.7 -555.536 -780.575 -527.105 -164.55 -89.5566 ;
436.825 20787.3 1345.46 26831.5 168219 168219 0 14406.5 14406.5 -0.586666 275.134 51.7542 -429.077 -30466.5 -14196.6 -14196.6 -167.612 -14.2432 -33.5711 -36.2783 -9.17447 -0.136216 ;
30061 1.43491e+06 90837.9 1.49463e+06 168219 2.48754e+07 0 14406.5 1.43466e+06 666.123 11773.7 12380.9 -28597.1 -1.80141e+06 -14196.6 -1.36307e+06 -7754.28 -4299.45 -5726.64 -4155.04 -1474.14 -834.623 ;
10459.9 486683 31549.7 522214 0 0 1.58221e+07 0 0 180.209 1066.48 8912.49 -9958.11 -647343 0 0 -3687.98 -1332.28 -1879.71 -690.883 -50.9951 -21.1657 ;
203.813 6256.21 330.44 9604.42 14406.5 14406.5 0 4723.07 4723.07 -0.0740715 112.45 47.1654 -199.999 -6768.44 -4642.85 -4642.85 -75.2915 -6.79137 -14.8895 -13.5309 -3.77382 -0.543962 ;
7541.21 221061 12229.7 301169 14406.5 1.43466e+06 0 4723.07 363314 254.918 3604.9 2786.94 -7090.21 -278985 -4642.85 -341050 -1624.21 -979.724 -1753.5 -1216.35 -396.615 -213.437 ;
6.56847 11.7417 0.511053 91.0184 -0.586666 666.123 180.209 -0.0740715 254.918 24.5498 2.43419 3.25368 17.9813 63.9557 -0.577554 716.495 2.41546 -48.1306 -94.9657 -64.271 -16.9551 -9.07488 ;
90.9908 2587.28 137.605 3460.09 275.134 11773.7 1066.48 112.45 3604.9 2.43419 90.9908 0 -86.8496 -3154.04 -108.733 -3427.27 -20.0453 -9.60163 -15.5812 -9.88774 -2.40115 -0.994244 ;
101.938 2690.24 147.456 3666.86 51.7542 12380.9 8912.49 47.1654 2786.94 3.25368 0 101.938 -94.8582 -3330.37 -46.9692 -2573.18 -23.5384 -15.0359 -26.9329 -16.3655 -5.44928 -3.15325 ;
-211.231 -6333.58 -347.291 -8629.78 -429.077 -28597.1 -9958.11 -199.999 -7090.21 17.9813 -86.8496 -94.8582 247.866 7999.46 199.551 8567.44 61.7503 -82.1478 -140.981 -100.469 -32.1787 -17.9587 ;
-7853.55 -400658 -25258.1 -448805 -30466.5 -1.80141e+06 -647343 -6768.44 -278985 63.9557 -3154.04 -3330.37 7999.46 586218 6769.37 285068 1757.5 -521.91 -564.723 -427.671 -158.14 -90.7975 ;
-199.999 -6240.89 -329.988 -9556.62 -14196.6 -14196.6 0 -4642.85 -4642.85 -0.577554 -108.733 -46.9692 199.551 6769.37 4662.49 4662.49 75.4444 -1.12775 -0.253825 0.284078 -0.14868 -0.237452 ;
-7090.21 -219815 -12182.8 -293901 -14196.6 -1.36307e+06 0 -4642.85 -341050 716.495 -3427.27 -2573.18 8567.44 285068 4662.49 414060 2088.36 -3351.83 -5786.7 -4218.82 -1498.89 -856.715 ;
-50.6886 -1423.05 -76.6686 -2029.7 -167.612 -7754.28 -3687.98 -75.2915 -1624.21 2.41546 -20.0453 -23.5384 61.7503 1757.5 75.4444 2088.36 61.7503 -29.1753 -43.3335 -32.0153 -8.90855 -4.7307 ;
-27.7182 -153.743 -5.17684 -555.536 -14.2432 -4299.45 -1332.28 -6.79137 -979.724 -48.1306 -9.60163 -15.0359 -82.1478 -521.91 -1.12775 -3351.83 -29.1753 403.387 421.944 305.517 103.659 57.9661 ;
-48.3789 -138.475 -4.90376 -780.575 -33.5711 -5726.64 -1879.71 -14.8895 -1753.5 -94.9657 -15.5812 -26.9329 -140.981 -564.723 -0.253825 -5786.7 -43.3335 421.944 746.229 524.592 164.159 90.0953 ;
-30.6787 -94.6678 -3.47327 -527.105 -36.2783 -4155.04 -690.883 -13.5309 -1216.35 -64.271 -9.88774 -16.3655 -100.469 -427.671 0.284078 -4218.82 -32.0153 305.517 524.592 447.986 164.159 90.0953 ;
-8.86108 -32.3373 -1.18429 -164.55 -9.17447 -1474.14 -50.9951 -3.77382 -396.615 -16.9551 -2.40115 -5.44928 -32.1787 -158.14 -0.14868 -1498.89 -8.90855 103.659 164.159 164.159 131.603 90.0953 ;
-4.56509 -18.2865 -0.654002 -89.5566 -0.136216 -834.623 -21.1657 -0.543962 -213.437 -9.07488 -0.994244 -3.15325 -17.9587 -90.7975 -0.237452 -856.715 -4.7307 57.9661 90.0953 90.0953 90.0953 67.5556 ;
]
+++++++++++++
Iter 14

Size = 22
Data size = 253
[ 228.811 6474.53 443.004 9105.06 449.539 31399.5 10924.3 203.467 7721.89 6.40602 92.4755 104.209 -216.365 -8038.08 -199.892 -7286.44 -52.2552 -26.3788 -47.1756 -29.9371 -8.60343 -4.42073 ;
6474.53 315277 25197.3 357123 21000.6 1.49388e+06 515611 6189.91 224758 11.0515 2608.48 2735.14 -6439.93 -406110 -6176.19 -223597 -1463.76 -143.852 -132.027 -90.2212 -30.7797 -17.5165 ;
443.004 25197.3 2091.31 26434.6 1688.05 118186 41976.5 408.253 15541.3 0.611672 173.421 187.217 -441.466 -31973.8 -407.763 -15486.1 -98.714 -6.07776 -5.88172 -4.16375 -1.41202 -0.785072 ;
9105.06 357123 26434.6 524625 27677.6 1.57994e+06 559164 9690.6 310517 88.4752 3537.01 3779.27 -8904.02 -462786 -9647 -303541 -2113.66 -526.853 -758.892 -512.119 -158.704 -86.0629 ;
449.539 21000.6 1688.05 27677.6 170354 170354 0 14800.5 14800.5 -0.63029 281.314 56.2189 -442.395 -30774 -14601.4 -14601.4 -170.583 -12.5803 -31.2487 -34.1481 -8.67536 -0.104263 ;
31399.5 1.49388e+06 118186 1.57994e+06 170354 2.59247e+07 0 14800.5 1.49907e+06 636.526 12270.9 12804 -30005.9 -1.87277e+06 -14601.4 -1.43106e+06 -8177.86 -3959.08 -5456.68 -3970.87 -1412.16 -799.319 ;
10924.3 515611 41976.5 559164 0 0 1.68154e+07 0 0 180.086 1080.14 9328.38 -10423.3 -685905 0 0 -3794.03 -1324.89 -1877.18 -690.949 -50.3618 -20.7572 ;
203.467 6189.91 408.253 9690.6 14800.5 14800.5 0 4725.12 4725.12 -0.0884937 111.924 47.5041 -199.892 -6755.45 -4649.48 -4649.48 -75.5249 -6.19278 -14.0479 -12.8174 -3.53502 -0.4679 ;
7721.89 224758 15541.3 310517 14800.5 1.49907e+06 0 4725.12 372221 246.607 3671.03 2857 -7286.44 -285889 -4649.48 -350751 -1681.14 -913.279 -1694.29 -1180.41 -384.476 -206.604 ;
6.40602 11.0515 0.611672 88.4752 -0.63029 636.526 180.086 -0.0884937 246.607 23.8592 2.35696 3.18266 17.4532 60.3647 -0.589567 691.345 2.30822 -45.3037 -92.2842 -62.5128 -16.2971 -8.66463 ;
92.4755 2608.48 173.421 3537.01 281.314 12270.9 1080.14 111.924 3671.03 2.35696 92.4755 0 -88.4714 -3202.12 -108.407 -3500.03 -20.4787 -9.05798 -15.0704 -9.59392 -2.32883 -0.965226 ;
104.209 2735.14 187.217 3779.27 56.2189 12804 9328.38 47.5041 2857 3.18266 0 104.209 -97.2678 -3404.26 -47.3463 -2650.24 -24.3206 -14.4406 -26.3998 -16.0406 -5.30495 -3.0598 ;
-216.365 -6439.93 -441.466 -8904.02 -442.395 -30005.9 -10423.3 -199.892 -7286.44 17.4532 -88.4714 -97.2678 251.686 8174.67 199.352 8700.87 62.7373 -76.6917 -135.9 -96.9222 -31.0073 -17.2867 ;
-8038.08 -406110 -31973.8 -462786 -30774 -1.87277e+06 -685905 -6755.45 -285889 60.3647 -3202.12 -3404.26 8174.67 603613 6755.81 291529 1808.38 -477.916 -528.466 -400.918 -147.588 -84.3957 ;
-199.892 -6176.19 -407.763 -9647 -14601.4 -14601.4 0 -4649.48 -4649.48 -0.589567 -108.407 -47.3463 199.352 6755.81 4667.03 4667.03 75.6617 -0.697264 0.0664392 0.511148 -0.0566598 -0.17997 ;
-7286.44 -223597 -15486.1 -303541 -14601.4 -1.43106e+06 0 -4649.48 -350751 691.345 -3500.03 -2650.24 8700.87 291529 4667.03 420569 2117.62 -3091.37 -5542.99 -4049.15 -1442.02 -824.313 ;
-52.2552 -1463.76 -98.714 -2113.66 -170.583 -8177.86 -3794.03 -75.5249 -1681.14 2.30822 -20.4787 -24.3206 62.7373 1808.38 75.6617 2117.62 62.7373 -26.925 -41.0651 -30.3704 -8.44437 -4.47366 ;
-26.3788 -143.852 -6.07776 -526.853 -12.5803 -3959.08 -1324.89 -6.19278 -913.279 -45.3037 -9.05798 -14.4406 -76.6917 -477.916 -0.697264 -3091.37 -26.925 370.119 395.636 286.536 96.5745 53.7615 ;
-47.1756 -132.027 -5.88172 -758.892 -31.2487 -5456.68 -1877.18 -14.0479 -1694.29 -92.2842 -15.0704 -26.3998 -135.9 -528.466 0.0664392 -5542.99 -41.0651 395.636 721.591 507.437 158.443 86.8297 ;
-29.9371 -90.2212 -4.16375 -512.119 -34.1481 -3970.87 -690.949 -12.8174 -1180.41 -62.5128 -9.59392 -16.0406 -96.9222 -400.918 0.511148 -4049.15 -30.3704 286.536 507.437 433.314 158.443 86.8297 ;
-8.60343 -30.7797 -1.41202 -158.704 -8.67536 -1412.16 -50.3618 -3.53502 -384.476 -16.2971 -2.32883 -5.30495 -31.0073 -147.588 -0.0566598 -1442.02 -8.44437 96.5745 158.443 158.443 126.857 86.8297 ;
-4.42073 -17.5165 -0.785072 -86.0629 -0.104263 -799.319 -20.7572 -0.4679 -206.604 -8.66463 -0.965226 -3.0598 -17.2867 -84.3957 -0.17997 -824.313 -4.47366 53.7615 86.8297 86.8297 86.8297 65.1079 ;
]
+++++++++++++
Iter 17

Size = 22
Data size = 253
[ 213.498 3259.91 407.078 8426.5 370.85 26831.7 9849.31 214.103 7186.63 6.11503 91.0533 92.8183 -201.215 -7840.53 -211.525 -6799.87 -44.1598 -31.4513 -46.6805 -29.9401 -8.45396 -4.34995 ;
3259.91 73310.3 7498.58 167481 6808.81 600414 221831 3483.28 111584 8.67941 1392.5 1335.32 -3230.82 -195867 -3476.62 -110812 -679.313 -141.331 -111.425 -76.415 -23.8416 -13.227 ;
407.078 7498.58 1084.83 22651.2 869.578 86297.4 33069.1 416.9 14090 1.10893 169.716 166.679 -404.414 -28565.7 -416.555 -14009 -83.7953 -11.3623 -10.2104 -7.18555 -2.15492 -1.13391 ;
8426.5 167481 22651.2 475696 19639.5 1.28123e+06 479811 9715.5 286227 89.8715 3471.02 3331.99 -8221.67 -444773 -9693.73 -279737 -1745.45 -641.149 -776.543 -531.83 -159.111 -85.4473 ;
370.85 6808.81 869.578 19639.5 147521 147521 0 12927.5 12927.5 -1.38591 276.419 28.8322 -366.299 -18394.4 -12750.1 -12750.1 -158.894 -4.49217 -22.29 -28.4704 -7.73744 -0.0864336 ;
26831.7 600414 86297.4 1.28123e+06 147521 2.32977e+07 0 12927.5 1.28508e+06 638.307 11288.6 10352.2 -25434.7 -1.60199e+06 -12750.1 -1.21773e+06 -6073.54 -4551.99 -5511.57 -4186.48 -1468.91 -822.443 ;
9849.31 221831 33069.1 479811 0 0 1.55739e+07 0 0 239.459 1097.02 8259.43 -9136.31 -668195 0 0 -3343.04 -2514.63 -2707.87 -1177.39 -150.997 -68.5328 ;
214.103 3483.28 416.9 9715.5 12927.5 12927.5 0 4918.94 4918.94 -0.229809 119.233 50.2264 -211.525 -7041.37 -4859.66 -4859.66 -80.2163 -3.59091 -11.0693 -10.9539 -2.97641 -0.260723 ;
7186.63 111584 14090 286227 12927.5 1.28508e+06 0 4918.94 346288 220.984 3607.01 2491.34 -6799.87 -277069 -4859.66 -327377 -1409.07 -930.453 -1515.95 -1097.31 -355.258 -188.862 ;
6.11503 8.67941 1.10893 89.8715 -1.38591 638.307 239.459 -0.229809 220.984 25.7093 2.40786 2.91486 19.5943 75.4815 -0.932711 741.498 2.80165 -56.3492 -99.4145 -68.7527 -17.8145 -9.3449 ;
91.0533 1392.5 169.716 3471.02 276.419 11288.6 1097.02 119.233 3607.01 2.40786 91.0533 0 -86.9459 -3231.79 -116.534 -3444.51 -18.9822 -10.6799 -15.6473 -10.2986 -2.46693 -0.990273 ;
92.8183 1335.32 166.679 3331.99 28.8322 10352.2 8259.43 50.2264 2491.34 2.91486 0 92.8183 -86.1234 -3228.99 -50.2255 -2322.25 -19.1211 -17.3428 -25.4182 -15.3977 -5.05696 -2.99399 ;
-201.215 -3230.82 -404.414 -8221.67 -366.299 -25434.7 -9136.31 -211.525 -6799.87 19.5943 -86.9459 -86.1234 241.807 8019.79 210.332 8321.32 56.3708 -101.741 -156.87 -113.859 -35.7578 -19.7618 ;
-7840.53 -195867 -28565.7 -444773 -18394.4 -1.60199e+06 -668195 -7041.37 -277069 75.4815 -3231.79 -3228.99 8019.79 636421 7037.49 283591 1688.32 -715.301 -697.291 -536.098 -188.469 -105.799 ;
-211.525 -3476.62 -416.555 -9693.73 -12750.1 -12750.1 0 -4859.66 -4859.66 -0.932711 -116.534 -50.2255 210.332 7037.49 4872.54 4872.54 80.2917 2.10339 1.72786 1.34739 0.0769976 -0.147308 ;
-6799.87 -110812 -14009 -279737 -12750.1 -1.21773e+06 0 -4859.66 -327377 741.498 -3444.51 -2322.25 8321.32 283591 4872.54 401602 1883.58 -3625.14 -6002.93 -4548.5 -1609.56 -909.309 ;
-44.1598 -679.313 -83.7953 -1745.45 -158.894 -6073.54 -3343.04 -80.2163 -1409.07 2.80165 -18.9822 -19.1211 56.3708 1688.32 80.2917 1883.58 56.3708 -34.0683 -47.9557 -36.1619 -9.67698 -5.02829 ;
-31.4513 -141.331 -11.3623 -641.149 -4.49217 -4551.99 -2514.63 -3.59091 -930.453 -56.3492 -10.6799 -17.3428 -101.741 -715.301 2.10339 -3625.14 -34.0683 551.068 514.302 381.015 123.112 67.4019 ;
-46.6805 -111.425 -10.2104 -776.543 -22.29 -5511.57 -2707.87 -11.0693 -1515.95 -99.4145 -15.6473 -25.4182 -156.87 -697.291 1.72786 -6002.93 -47.9557 514.302 804.768 575.198 176.847 96.4469 ;
-29.9401 -76.415 -7.18555 -531.83 -28.4704 -4186.48 -1177.39 -10.9539 -1097.31 -68.7527 -10.2986 -15.3977 -113.859 -536.098 1.34739 -4548.5 -36.1619 381.015 575.198 491.337 176.847 96.4469 ;
-8.45396 -23.8416 -2.15492 -159.111 -7.73744 -1468.91 -150.997 -2.97641 -355.258 -17.8145 -2.46693 -5.05696 -35.7578 -188.469 0.0769976 -1609.56 -9.67698 123.112 176.847 176.847 141.851 96.4469 ;
-4.34995 -13.227 -1.13391 -85.4473 -0.0864336 -822.443 -68.5328 -0.260723 -188.862 -9.3449 -0.990273 -2.99399 -19.7618 -105.799 -0.147308 -909.309 -5.02829 67.4019 96.4469 96.4469 96.4469 72.3017 ;
]
+++++++++++++
Iter 18

Size = 22
Data size = 253
[ 225.701 3456.89 446.748 9180.04 433.293 31959.2 11144.2 209.634 7655.91 6.31072 94.5762 98.7372 -213.015 -8158.09 -207.116 -7253.7 -47.5276 -32.4878 -48.2459 -31.1271 -8.84299 -4.56321 ;
3456.89 77112.7 11171.4 183205 9474.25 732914 256855 3430.36 119254 9.11378 1441.53 1429.18 -3426.54 -200285 -3423.84 -118441 -731.692 -146.518 -116.291 -80.1885 -25.0291 -13.9088 ;
446.748 11171.4 1710.4 25652.2 1391.63 109303 39474.7 428.109 15581.5 1.19966 181.603 184.511 -443.866 -29988.7 -427.761 -15493.7 -93.2588 -12.262 -11.0521 -7.81152 -2.3447 -1.23821 ;
9180.04 183205 25652.2 537458 26560.8 1.64056e+06 595032 9843.18 313778 94.1994 3679.07 3659.8 -8965.76 -475787 -9821.98 -306944 -1936.24 -667.645 -813.187 -559.777 -168.174 -90.4533 ;
433.293 9474.25 1391.63 26560.8 170802 170802 0 14460.7 14460.7 -1.42985 287.233 43.6012 -428.988 -29110.2 -14285.7 -14285.7 -162.824 -3.93518 -21.3875 -27.695 -7.53852 -0.0727558 ;
31959.2 732914 109303 1.64056e+06 170802 2.66294e+07 0 14460.7 1.52726e+06 652.316 13286.8 12202.8 -30529.4 -1.94493e+06 -14285.7 -1.45836e+06 -7258.35 -4631.23 -5641.85 -4287.31 -1508.19 -845.556 ;
11144.2 256855 39474.7 595032 0 0 1.83323e+07 0 0 242.209 1148.9 9404.01 -10423.7 -738310 0 0 -3565.94 -2540.55 -2737.09 -1192.7 -151.394 -67.8195 ;
209.634 3430.36 428.109 9843.18 14460.7 14460.7 0 4846.67 4846.67 -0.239927 114.826 49.9016 -207.116 -6973.78 -4788.12 -4788.12 -78.933 -3.48535 -10.8589 -10.7512 -2.91868 -0.255213 ;
7655.91 119254 15581.5 313778 14460.7 1.52726e+06 0 4846.67 369501 228.897 3764.25 2691.66 -7253.7 -290081 -4788.12 -349832 -1529.61 -965.949 -1577.14 -1145.58 -372.536 -198.47 ;
6.31072 9.11378 1.19966 94.1994 -1.42985 652.316 242.209 -0.239927 228.897 25.626 2.47583 3.01178 19.3153 73.9895 -0.922946 729.796 2.77123 -55.9624 -99.0975 -68.5726 -17.7363 -9.29269 ;
94.5762 1441.53 181.603 3679.07 287.233 13286.8 1148.9 114.826 3764.25 2.47583 94.5762 0 -90.3431 -3295.91 -112.182 -3595.97 -19.8736 -11.0194 -16.1361 -10.6783 -2.56608 -1.0423 ;
98.7372 1429.18 184.511 3659.8 43.6012 12202.8 9404.01 49.9016 2691.66 3.01178 0 98.7372 -91.8116 -3398.31 -49.9045 -2514.88 -20.8295 -17.9872 -26.313 -16.0465 -5.27788 -3.11951 ;
-213.015 -3426.54 -443.866 -8965.76 -428.988 -30529.4 -10423.7 -207.116 -7253.7 19.3153 -90.3431 -91.8116 253.037 8334.14 205.92 8752.51 59.6049 -99.9042 -154.676 -112.275 -35.2314 -19.4623 ;
-8158.09 -200285 -29988.7 -475787 -29110.2 -1.94493e+06 -738310 -6973.78 -290081 73.9895 -3295.91 -3398.31 8334.14 623449 6969.88 296479 1746.91 -701.301 -684.835 -526.257 -184.737 -103.662 ;
-207.116 -3423.84 -427.761 -9821.98 -14285.7 -14285.7 0 -4788.12 -4788.12 -0.922946 -112.182 -49.9045 205.92 6969.88 4800.34 4800.34 79.0088 2.13456 1.76781 1.37692 0.103173 -0.123496 ;
