============== BHHH ===============

Size = 22
Data size = 253
[ 205.118 1111.31 741.009 8649.14 434.48 33936.3 13264.3 236.796 7029.32 1.0617 81.2304 96.3189 -200.586 -9679.7 -237.102 -6929.4 -38.8841 -11.366 -17 -11.6287 -3.37913 -1.30969 ;
1111.31 6947.03 4707.19 53927.5 2246.79 254791 98481.5 1241.53 39162.3 -2.04263 424.744 521.476 -1105.35 -66846.9 -1242.15 -38909.4 -206.722 -20.0101 -20.7427 -13.3408 -7.42666 -5.66343 ;
741.009 4707.19 3560.94 38667.2 1256.96 201284 79598.8 749.04 26218.6 3.75016 263.293 350.775 -734.457 -50647.1 -749.228 -26115.3 -130.687 -7.80752 -25.501 -24.6312 -9.56547 -3.93804 ;
8649.14 53927.5 38667.2 525245 16958.8 1.83867e+06 1.27807e+06 11406 292590 9.69826 3076.36 4020.87 -8579.8 -591823 -11413.7 -290962 -1436.8 -213.107 -247.287 -180.504 -61.4462 -30.307 ;
434.48 2246.79 1256.96 16958.8 98884 98884 0 14173.8 14173.8 -0.480414 314.396 82.157 -434.613 -8705.82 -14173.6 -14173.6 -135.077 7.17422 -3.38389 1.52966 0.425037 -2.41619e-23 ;
33936.3 254791 201284 1.83867e+06 98884 5.32507e+07 0 14173.8 1.68501e+06 148.874 11739.5 15503.9 -33251.6 -2.33075e+06 -14173.6 -1.65186e+06 -9696.68 -1799.28 -2659.1 -2287.42 -905.244 -465.161 ;
13264.3 98481.5 79598.8 1.27807e+06 0 0 3.627e+07 0 0 51.6141 867.47 12106.6 -12916 -1.2349e+06 0 0 -1983.33 -769.263 -1282.72 -312.01 6.88356 -0.255694 ;
236.796 1241.53 749.04 11406 14173.8 14173.8 0 5390.96 5390.96 -0.0415531 125.509 74.5158 -237.102 -6780.2 -5390.66 -5390.66 -78.7169 2.07481 0.778167 0.950339 0.0469139 3.41224e-23 ;
7029.32 39162.3 26218.6 292590 14173.8 1.68501e+06 0 5390.96 344013 16.7648 3201.6 2771.45 -6929.4 -350652 -5390.66 -339352 -1361.34 -243.287 -394.044 -344.707 -128.741 -58.358 ;
1.0617 -2.04263 3.75016 9.69826 -0.480414 148.874 51.6141 -0.0415531 16.7648 17.8915 0.810396 0.111141 16.8298 58.2388 -0.767676 667.223 1.16706 -25.9939 -68.2245 -45.8179 -10.7275 -5.30032 ;
81.2304 424.744 263.293 3076.36 314.396 11739.5 867.47 125.509 3201.6 0.810396 81.2304 0 -79.2645 -2938.45 -125.684 -3131.03 -18.5492 -5.82517 -8.03892 -6.43907 -0.683257 0.260819 ;
96.3189 521.476 350.775 4020.87 82.157 15503.9 12106.6 74.5158 2771.45 0.111141 0 96.3189 -94.3576 -5112.72 -74.4979 -2754.94 -15.7415 -3.61128 -7.05378 -3.85201 -2.26964 -1.37818 ;
-200.586 -1105.35 -734.457 -8579.8 -434.613 -33251.6 -12916 -237.102 -6929.4 16.8298 -79.2645 -94.3576 241.094 9841.78 235 8496.19 50.8431 -82.3919 -152.18 -104.835 -29.0659 -15.7495 ;
-9679.7 -66846.9 -50647.1 -591823 -8705.82 -2.33075e+06 -1.2349e+06 -6780.2 -350652 58.2388 -2938.45 -5112.72 9841.78 1.09516e+06 6764.74 357149 1569.38 -538.044 -586.431 -476.257 -202.328 -123.634 ;
-237.102 -1242.15 -749.228 -11413.7 -14173.6 -14173.6 0 -5390.66 -5390.66 -0.767676 -125.684 -74.4979 235 6764.74 5392.76 5392.76 77.9553 9.22756 3.1357 1.47644 0.304297 -3.41224e-23 ;
-6929.4 -38909.4 -26115.3 -290962 -14173.6 -1.65186e+06 0 -5390.66 -339352 667.223 -3131.03 -2754.94 8496.19 357149 5392.76 416240 1803.74 -3076 -6074.18 -4499.54 -1379.53 -751.933 ;
-38.8841 -206.722 -130.687 -1436.8 -135.077 -9696.68 -1983.33 -78.7169 -1361.34 1.16706 -18.5492 -15.7415 50.8431 1569.38 77.9553 1803.74 50.8431 -28.2848 -43.8265 -30.3708 -3.25224 -0.901598 ;
-11.366 -20.0101 -7.80752 -213.107 7.17422 -1799.28 -769.263 2.07481 -243.287 -25.9939 -5.82517 -3.61128 -82.3919 -538.044 9.22756 -3076 -28.2848 325.216 334.858 258.027 79.3173 43.0938 ;
-17 -20.7427 -25.501 -247.287 -3.38389 -2659.1 -1282.72 0.778167 -394.044 -68.2245 -8.03892 -7.05378 -152.18 -586.431 3.1357 -6074.18 -43.8265 334.858 664.021 465.854 129.78 68.2367 ;
-11.6287 -13.3408 -24.6312 -180.504 1.52966 -2287.42 -312.01 0.950339 -344.707 -45.8179 -6.43907 -3.85201 -104.835 -476.257 1.47644 -4499.54 -30.3708 258.027 465.854 394.28 129.78 68.2367 ;
-3.37913 -7.42666 -9.56547 -61.4462 0.425037 -905.244 6.88356 0.0469139 -128.741 -10.7275 -0.683257 -2.26964 -29.0659 -202.328 0.304297 -1379.53 -3.25224 79.3173 129.78 129.78 100.615 68.2367 ;
-1.30969 -5.66343 -3.93804 -30.307 -2.41619e-23 -465.161 -0.255694 3.41224e-23 -58.358 -5.30032 0.260819 -1.37818 -15.7495 -123.634 -3.41224e-23 -751.933 -0.901598 43.0938 68.2367 68.2367 68.2367 51.1776 ;
]

============== Hessian ===============

Size = 22
Data size = 253
[ 211.979 1120.41 728.969 8788.11 412.267 31474.3 10911 195.423 7207.11 2.42965 88.5508 94.2106 -205.428 -8045.98 -195.984 -7012.56 -40.164 -18.2436 -24.236 -15.1398 -3.89732 -2.0693 ;
1120.41 6817.83 4558.08 53522.8 2428.69 202758 69408.2 1075.34 38501.3 1.47689 472.328 476.788 -1110.66 -54666.9 -1076.62 -38245.3 -215.524 -43.3796 -35.3446 -23.3598 -5.79569 -3.32824 ;
728.969 4558.08 3408.77 37205.4 1571.45 147567 51506.6 677.251 25362.3 4.14131 303.836 305.829 -720.786 -40561.9 -677.927 -25070.7 -138.285 -21.8089 -30.066 -20.394 -5.07624 -2.45382 ;
8788.11 53522.8 37205.4 509952 20999.8 1.57994e+06 579583 9236.94 302590 40.3608 3539.4 3554.47 -8667.52 -464524 -9248.95 -298955 -1611.03 -381.911 -447.125 -293.054 -72.6424 -38.7611 ;
412.267 2428.69 1571.45 20999.8 131778 131778 0 13762.1 13762.1 -1.3931 291.609 56.3684 -417.125 -17324.1 -13757.2 -13757.2 -168.161 18.8407 12.8242 6.37017 0.60467 -7.67225e-24 ;
31474.3 202758 147567 1.57994e+06 131778 2.63008e+07 0 13762.1 1.51413e+06 363.589 13181.9 12382.3 -30490.2 -1.90843e+06 -13757.2 -1.46586e+06 -6003.32 -3031.3 -3860.8 -2934.1 -907.801 -492.177 ;
10911 69408.2 51506.6 579583 0 0 1.85284e+07 0 0 87.9104 1055.74 9282.29 -10512.7 -762372 0 0 -3363.31 -1079.53 -1488.38 -591.129 -38.1349 -15.7994 ;
195.423 1075.34 677.251 9236.94 13762.1 13762.1 0 4517.62 4517.62 -0.197206 106.586 47.3701 -195.984 -6300.87 -4517.06 -4517.06 -78.5537 2.58786 1.1829 0.777741 0.0644803 -3.41224e-23 ;
7207.11 38501.3 25362.3 302590 13762.1 1.51413e+06 0 4517.62 348649 88.8607 3546.68 2577.27 -7012.56 -287620 -4517.06 -339013 -1283.88 -522.307 -762.258 -562.373 -172.935 -94.1356 ;
2.42965 1.47689 4.14131 40.3608 -1.3931 363.589 87.9104 -0.197206 88.8607 19.9499 1.02601 1.21793 17.5202 52.9982 -1.30952 663.529 1.7514 -33.7424 -75.8306 -54.0194 -12.1761 -5.85116 ;
88.5508 472.328 303.836 3539.4 291.609 13181.9 1055.74 106.586 3546.68 1.02601 88.5508 0 -86.3434 -3242.64 -106.928 -3460.82 -17.3609 -6.59494 -8.07558 -5.57389 -1.00277 -0.408388 ;
94.2106 476.788 305.829 3554.47 56.3684 12382.3 9282.29 47.3701 2577.27 1.21793 0 94.2106 -90.4258 -3404.9 -47.5348 -2488.2 -17.3607 -9.91846 -14.0423 -8.04556 -2.55711 -1.52754 ;
-205.428 -1110.66 -720.786 -8667.52 -417.125 -30490.2 -10512.7 -195.984 -7012.56 17.5202 -86.3434 -90.4258 242.724 8187.32 193.814 8473.57 50.8803 -78.8187 -142.338 -104.299 -29.5939 -15.6569 ;
-8045.98 -54666.9 -40561.9 -464524 -17324.1 -1.90843e+06 -762372 -6300.87 -287620 52.9982 -3242.64 -3404.9 8187.32 624965 6288.41 293161 1599.76 -479.473 -536.293 -424.034 -127.991 -68.2117 ;
-195.984 -1076.62 -677.927 -9248.95 -13757.2 -13757.2 0 -4517.06 -4517.06 -1.30952 -106.928 -47.5348 193.814 6288.41 4519.23 4519.23 78.2943 8.08582 4.22809 3.12075 0.431883 -1.08468e-23 ;
-7012.56 -38245.3 -25070.7 -298955 -13757.2 -1.46586e+06 0 -4517.06 -339013 663.529 -3460.82 -2488.2 8473.57 293161 4519.23 410909 1731.95 -2975.81 -5729.24 -4279.3 -1370.43 -747.423 ;
-40.164 -215.524 -138.285 -1611.03 -168.161 -6003.32 -3363.31 -78.5537 -1283.88 1.7514 -17.3609 -17.3607 50.8803 1599.76 78.2943 1731.95 50.8803 -26.2635 -41.9488 -32.4744 -7.62084 -3.73222 ;
-18.2436 -43.3796 -21.8089 -381.911 18.8407 -3031.3 -1079.53 2.58786 -522.307 -33.7424 -6.59494 -9.91846 -78.8187 -479.473 8.08582 -2975.81 -26.2635 352.889 361.613 274.843 73.258 38.1346 ;
-24.236 -35.3446 -30.066 -447.125 12.8242 -3860.8 -1488.38 1.1829 -762.258 -75.8306 -8.07558 -14.0423 -142.338 -536.293 4.22809 -5729.24 -41.9488 361.613 658.27 477.755 133.965 70.9048 ;
-15.1398 -23.3598 -20.394 -293.054 6.37017 -2934.1 -591.129 0.777741 -562.373 -54.0194 -5.57389 -8.04556 -104.299 -424.034 3.12075 -4279.3 -32.4744 274.843 477.755 407.843 133.965 70.9048 ;
-3.89732 -5.79569 -5.07624 -72.6424 0.60467 -907.801 -38.1349 0.0644803 -172.935 -12.1761 -1.00277 -2.55711 -29.5939 -127.991 0.431883 -1370.43 -7.62084 73.258 133.965 133.965 104.308 70.9048 ;
-2.0693 -3.32824 -2.45382 -38.7611 -7.67225e-24 -492.177 -15.7994 -3.41224e-23 -94.1356 -5.85116 -0.408388 -1.52754 -15.6569 -68.2117 -1.08468e-23 -747.423 -3.73222 38.1346 70.9048 70.9048 70.9048 53.1776 ;
]

