============== BHHH ===============

Size = 20
Data size = 210
[ 197.256 1074.6 681.271 8280.66 396.969 30535.6 13332.1 221.912 6718.97 94.4835 76.5451 94.5378 14.1497 -192.095 -9226.27 -222.066 -6609.35 -25.4249 -37.1851 -12.2063 ;
1074.6 6789.93 4381.5 52065.6 2194.22 234755 101949 1182.71 37867.2 532.08 404.678 512.255 80.0942 -1067.77 -64611.8 -1183.25 -37594.7 -180.381 -201.884 -20.5902 ;
681.271 4381.5 3146.85 35544.6 1227.19 177586 79259.1 680.57 24150.5 344.154 238.767 327.097 50.9653 -675.628 -46661.6 -680.792 -24066.6 -128.011 -122.397 -7.40664 ;
8280.66 52065.6 35544.6 503579 14932.5 1.70246e+06 1.30445e+06 10861.1 280334 4184.74 2872.01 3949.52 616.981 -8178.61 -564236 -10866.7 -277790 -1861.76 -1417.09 -265.649 ;
396.969 2194.22 1227.19 14932.5 98128.7 98128.7 0 12940.9 12940.9 143.796 328.118 108.402 -17.4642 -396.886 -9499.71 -12941 -12941 -22.2163 -154.256 4.94736 ;
30535.6 234755 177586 1.70246e+06 98128.7 5.04128e+07 0 12940.9 1.52454e+06 18595.8 10075.3 14698 -2837.22 -29788.3 -2.14422e+06 -12941 -1.4878e+06 -9040.88 -8440.09 -1999.45 ;
13332.1 101949 79259.1 1.30445e+06 0 0 3.73028e+07 0 0 6218.6 747.163 12496.4 -324.03 -12879.5 -1.3061e+06 0 0 -3131.59 -2304.89 -978.855 ;
221.912 1182.71 680.57 10861.1 12940.9 12940.9 0 5055.94 5055.94 103.457 118.318 75.0962 21.6776 -222.066 -6498.08 -5055.79 -5055.79 -31.5852 -73.147 0.923428 ;
6718.97 37867.2 24150.5 280334 12940.9 1.52454e+06 0 5055.94 327881 3488.4 3015.75 2709.59 532.081 -6609.35 -332692 -5055.79 -322842 -911.224 -1270.07 -299.366 ;
94.4835 532.08 344.154 4184.74 143.796 18595.8 6218.6 103.457 3488.4 94.4835 38.4146 44.2991 9.3364 -93.3034 -4680.55 -103.52 -3472.09 -14.3608 -12.278 -1.10694 ;
76.5451 404.678 238.767 2872.01 328.118 10075.3 747.163 118.318 3015.75 38.4146 76.5451 0 5.55419 -74.5795 -2760.05 -118.283 -2937.96 -2.47865 -17.1613 -5.27249 ;
94.5378 512.255 327.097 3949.52 108.402 14698 12496.4 75.0962 2709.59 44.2991 0 94.5378 5.62469 -91.9465 -4942.18 -75.1315 -2690.47 -10.9 -15.3174 -4.95246 ;
14.1497 80.0942 50.9653 616.981 -17.4642 -2837.22 -324.03 21.6776 532.081 9.3364 5.55419 5.62469 14.1497 -13.5216 -683.273 -21.6776 -507.851 -1.61262 -2.692 -0.838651 ;
-192.095 -1067.77 -675.628 -8178.61 -396.886 -29788.3 -12879.5 -222.066 -6609.35 -93.3034 -74.5795 -91.9465 -13.5216 238.095 9405.55 219.487 8397.59 28.4447 48.4472 -94.5796 ;
-9226.27 -64611.8 -46661.6 -564236 -9499.71 -2.14422e+06 -1.3061e+06 -6498.08 -332692 -4680.55 -2760.05 -4942.18 -683.273 9405.55 1.04521e+06 6480.14 339882 1986.42 1547.29 -593.031 ;
-222.066 -1183.25 -680.792 -10866.7 -12941 -12941 0 -5055.79 -5055.79 -103.52 -118.283 -75.1315 -21.6776 219.487 6480.14 5058.37 5058.37 31.0565 72.442 11.0122 ;
-6609.35 -37594.7 -24066.6 -277790 -12941 -1.4878e+06 0 -5055.79 -322842 -3472.09 -2937.96 -2690.47 -507.851 8397.59 339882 5058.37 411124 1021.38 1689.77 -3559.51 ;
-25.4249 -180.381 -128.011 -1861.76 -22.2163 -9040.88 -3131.59 -31.5852 -911.224 -14.3608 -2.47865 -10.9 -1.61262 28.4447 1986.42 31.0565 1021.38 28.4447 5.03648 -6.62961 ;
-37.1851 -201.884 -122.397 -1417.09 -154.256 -8440.09 -2304.89 -73.147 -1270.07 -12.278 -17.1613 -15.3174 -2.692 48.4472 1547.29 72.442 1689.77 5.03648 48.4472 -28.8869 ;
-12.2063 -20.5902 -7.40664 -265.649 4.94736 -1999.45 -978.855 0.923428 -299.366 -1.10694 -5.27249 -4.95246 -0.838651 -94.5796 -593.031 11.0122 -3559.51 -6.62961 -28.8869 362.702 ;
]

============== Hessian ===============

Size = 20
Data size = 210
[ 203.56 1080.56 667.121 8369.73 303.099 30377 11326.3 180.175 6901.36 98.9819 85.8771 89.8404 17.3931 -196.158 -7751.26 -180.782 -6675.7 -28.4228 -41.0758 -21.0274 ;
1080.56 6636.6 4231.93 51368.8 1751.39 202359 75541.2 1008.65 37177.2 533.348 458.081 456.848 95.3153 -1069.53 -53467.8 -1010.15 -36877.4 -192.924 -220.448 -50.4754 ;
667.121 4231.93 3020.06 34015.8 1037.79 142215 54595.3 603.001 23273.5 336.101 278.857 278.175 61.3708 -658.671 -37931.1 -603.763 -22977.1 -134.867 -135.462 -24.0451 ;
8369.73 51368.8 34015.8 485148 11357.6 1.51742e+06 623766 8347.55 289674 4354.8 3354.47 3386.34 876.562 -8234.82 -449347 -8361.82 -285546 -2077.56 -1661.41 -431.691 ;
303.099 1751.39 1037.79 11357.6 111579 111579 0 11289.2 11289.2 49.4113 308.409 31.5863 -31.0646 -308.612 -10468.5 -11283.6 -11283.6 -63.5358 -188.96 21.3421 ;
30377 202359 142215 1.51742e+06 111579 3.03807e+07 0 11289.2 1.45383e+06 16050.5 12681.7 11714.8 -2826.2 -29312.7 -1.88804e+06 -11283.6 -1.40176e+06 -6273.64 -6215.85 -3415.81 ;
11326.3 75541.2 54595.3 623766 0 0 2.19861e+07 0 0 4491.98 992.761 9818.85 -843.225 -10912.6 -885422 0 0 -2512.1 -3738.82 -1158.46 ;
180.175 1008.65 603.001 8347.55 11289.2 11289.2 0 4198.75 4198.75 79.3087 103.201 42.6357 15.8734 -180.782 -5780.42 -4198.14 -4198.14 -36.5651 -75.0398 2.70197 ;
6901.36 37177.2 23273.5 289674 11289.2 1.45383e+06 0 4198.75 333267 3524.93 3438.27 2429.06 657.542 -6675.7 -277923 -4198.14 -322081 -982.546 -1325.86 -631.983 ;
98.9819 533.348 336.101 4354.8 49.4113 16050.5 4491.98 79.3087 3524.93 98.9819 45.3343 41.6267 9.98667 -95.6884 -3956.37 -79.5411 -3405.17 -13.8532 -11.1886 -9.05959 ;
85.8771 458.081 278.857 3354.47 308.409 12681.7 992.761 103.201 3438.27 45.3343 85.8771 0 7.95565 -83.0784 -3107.84 -103.551 -3331.87 -3.31819 -18.0288 -8.24189 ;
89.8404 456.848 278.175 3386.34 31.5863 11714.8 9818.85 42.6357 2429.06 41.6267 0 89.8404 7.16914 -85.7851 -3279.82 -42.8255 -2327.94 -11.0517 -17.5713 -11.1097 ;
17.3931 95.3153 61.3708 876.562 -31.0646 -2826.2 -843.225 15.8734 657.542 9.98667 7.95565 7.16914 17.3931 -16.9645 -844.307 -15.8734 -640.208 -2.86819 -3.98254 -0.710237 ;
-196.158 -1069.53 -658.671 -8234.82 -308.612 -29312.7 -10912.6 -180.782 -6675.7 -95.6884 -83.0784 -85.7851 -16.9645 235.717 7901.9 178.326 8212.45 31.0122 50.5779 -83.9971 ;
-7751.26 -53467.8 -37931.1 -449347 -10468.5 -1.88804e+06 -885422 -5780.42 -277923 -3956.37 -3107.84 -3279.82 -844.307 7901.9 629281 5766.31 283772 1993.84 1628.03 -530.921 ;
-180.782 -1010.15 -603.763 -8361.82 -11283.6 -11283.6 0 -4198.14 -4198.14 -79.5411 -103.551 -42.8255 -15.8734 178.326 5766.31 4200.6 4200.6 36.2636 74.7447 9.12785 ;
-6675.7 -36877.4 -22977.1 -285546 -11283.6 -1.40176e+06 0 -4198.14 -322081 -3405.17 -3331.87 -2327.94 -640.208 8212.45 283772 4200.6 398296 1077.44 1705.76 -3136.66 ;
-28.4228 -192.924 -134.867 -2077.56 -63.5358 -6273.64 -2512.1 -36.5651 -982.546 -13.8532 -3.31819 -11.0517 -2.86819 31.0122 1993.84 36.2636 1077.44 31.0122 5.81374 -5.9316 ;
-41.0758 -220.448 -135.462 -1661.41 -188.96 -6215.85 -3738.82 -75.0398 -1325.86 -11.1886 -18.0288 -17.5713 -3.98254 50.5779 1628.03 74.7447 1705.76 5.81374 50.5779 -22.6534 ;
-21.0274 -50.4754 -24.0451 -431.691 21.3421 -3415.81 -1158.46 2.70197 -631.983 -9.05959 -8.24189 -11.1097 -0.710237 -83.9971 -530.921 9.12785 -3136.66 -5.9316 -22.6534 397.522 ;
]

