# This file has automatically been generated
# biogeme 2.6a [Mon Apr 24 10:21:29 BST 2017]
# <a href='http://people.epfl.ch/michel.bierlaire'>Michel Bierlaire</a>, <a href='http://transp-or.epfl.ch'>Transport and Mobility Laboratory</a>, <a href='http://www.epfl.ch'>Ecole Polytechnique F&eacute;d&eacute;rale de Lausanne (EPFL)</a>
# Tue Nov 21 17:58:49 2017</p>
#
ASC_PT = Beta('ASC_PT',-1.17004,-10000,10000,0,'ASC_PT' )

Beta_time_PT = Beta('Beta_time_PT',0.273814,-10000,10000,0,'Beta_time_PT' )

LAMBDA = Beta('LAMBDA',0.202047,-10000,10000,0,'LAMBDA' )

Beta_time_PT_walk = Beta('Beta_time_PT_walk',-0.0398866,-10000,10000,0,'Beta_time_PT_walk' )

Beta_Cost_age1 = Beta('Beta_Cost_age1',-0.00766335,-10000,10000,0,'Beta_Cost_age1' )

Beta_Cost_age2 = Beta('Beta_Cost_age2',-0.00125482,-10000,10000,0,'Beta_Cost_age2' )

Beta_Cost_age3 = Beta('Beta_Cost_age3',-0.000373668,-10000,10000,0,'Beta_Cost_age3' )

Beta_Age1_PT = Beta('Beta_Age1_PT',2.00749,-10000,10000,0,'Beta_Age1_PT' )

Beta_Age2_PT = Beta('Beta_Age2_PT',-0.0165072,-10000,10000,0,'Beta_Age2_PT' )

Beta_urb = Beta('Beta_urb',-0.215935,-10000,10000,0,'Beta_urb' )

Beta_TripWork = Beta('Beta_TripWork',0.373478,-10000,10000,0,'Beta_TripWork' )

Beta_TripLeisure = Beta('Beta_TripLeisure',-0.140804,-10000,10000,0,'Beta_TripLeisure' )

Beta_have_ga = Beta('Beta_have_ga',1.62282,-10000,10000,0,'Beta_have_ga' )

ASC_PM  = Beta('ASC_PM ',-0.254616,-10000,10000,0,'ASC_PM ' )

Beta_time_PM = Beta('Beta_time_PM',-0.0157571,-10000,10000,0,'Beta_time_PM' )

Beta_Age1_PM = Beta('Beta_Age1_PM',1.93154,-10000,10000,0,'Beta_Age1_PM' )

Beta_Age2_PM = Beta('Beta_Age2_PM',-0.0110596,-10000,10000,0,'Beta_Age2_PM' )

Beta_multi_trips = Beta('Beta_multi_trips',-0.419111,-10000,10000,0,'Beta_multi_trips' )

Beta_roman = Beta('Beta_roman',0.867977,-10000,10000,0,'Beta_roman' )

Beta_Distance = Beta('Beta_Distance',-0.627689,-10000,10000,0,'Beta_Distance' )


## Code for the sensitivity analysis
names = ['ASC_PM ','ASC_PT','Beta_Age1_PM','Beta_Age1_PT','Beta_Age2_PM','Beta_Age2_PT','Beta_Cost_age1','Beta_Cost_age2','Beta_Cost_age3','Beta_Distance','Beta_TripLeisure','Beta_TripWork','Beta_have_ga','Beta_multi_trips','Beta_roman','Beta_time_PM','Beta_time_PT','Beta_time_PT_walk','Beta_urb','LAMBDA']
values = [[0.181599,0.166977,0.13304,0.132989,-0.00295047,-0.00284501,-7.23794e-06,5.82375e-07,-1.01378e-06,0.0141893,0.0011881,0.00172424,0.00148497,-0.00613944,-0.00685721,9.86567e-05,0.00156143,-6.99471e-05,0.00303696,0.000978348],[0.166977,0.286842,0.138126,0.137541,-0.00290001,-0.00334928,7.10308e-05,-9.18952e-06,-2.46911e-05,0.0120812,-0.0541257,-0.0452602,-0.00697632,0.0156934,0.00299757,-0.000587982,-0.0127351,-0.000276555,-0.00684702,0.00288664],[0.13304,0.138126,0.436377,0.436237,-0.00284569,-0.00290226,-2.97929e-05,-8.81974e-07,-5.1128e-06,-0.00379875,-0.000220726,0.00475644,-0.00160307,-0.00494801,-0.00473892,-1.14297e-05,-0.00222499,-1.34303e-05,0.00042268,0.00175897],[0.132989,0.137541,0.436237,0.436493,-0.00284734,-0.00289594,-5.97287e-05,-5.15245e-07,-4.82666e-06,-0.0038158,0.000333529,0.00498766,-0.00157041,-0.00473533,-0.00441417,-1.64922e-05,-0.00230224,-8.61877e-06,0.000352956,0.00169522],[-0.00295047,-0.00290001,-0.00284569,-0.00284734,7.01408e-05,6.74997e-05,1.35099e-07,-1.04543e-08,-5.54238e-09,-3.64336e-05,-7.09987e-06,-9.99324e-06,-9.29289e-06,4.57848e-05,-7.78016e-06,-1.01004e-06,3.38187e-05,3.52108e-07,-2.62257e-05,-4.87572e-05],[-0.00284501,-0.00334928,-0.00290226,-0.00289594,6.74997e-05,7.87897e-05,-3.20122e-07,-3.55727e-07,2.6924e-07,-3.37102e-05,0.000103647,-7.72471e-05,-0.00013452,6.08578e-05,-1.36818e-05,-1.12679e-07,6.5775e-05,-7.66201e-08,-1.8956e-05,-5.2182e-05],[-7.23794e-06,7.10308e-05,-2.97929e-05,-5.97287e-05,1.35099e-07,-3.20122e-07,1.01394e-05,-8.32389e-08,-1.42857e-08,8.87567e-07,-7.19858e-05,-8.25265e-05,8.23277e-06,4.02368e-05,9.9846e-06,1.58267e-07,3.17565e-06,-2.31297e-07,2.3397e-05,5.97322e-06],[5.82375e-07,-9.18952e-06,-8.81974e-07,-5.15245e-07,-1.04543e-08,-3.55727e-07,-8.32389e-08,9.80442e-08,1.45729e-08,9.15112e-07,5.54635e-06,9.26068e-06,3.76007e-05,-8.52954e-06,-1.46497e-06,4.32081e-07,1.57499e-07,1.00194e-07,3.98699e-07,1.66769e-06],[-1.01378e-06,-2.46911e-05,-5.1128e-06,-4.82666e-06,-5.54238e-09,2.6924e-07,-1.42857e-08,1.45729e-08,9.70454e-08,8.24237e-07,-7.50307e-07,2.94224e-06,1.75987e-05,2.06992e-06,4.18417e-06,4.28595e-07,8.74666e-07,3.22522e-07,2.98981e-08,1.08413e-06],[0.0141893,0.0120812,-0.00379875,-0.0038158,-3.64336e-05,-3.37102e-05,8.87567e-07,9.15112e-07,8.24237e-07,0.00542704,0.000347086,0.000203883,0.000697484,-0.000332105,-0.000241377,4.33322e-05,0.000540075,-9.87697e-08,0.000248924,6.22354e-05],[0.0011881,-0.0541257,-0.000220726,0.000333529,-7.09987e-06,0.000103647,-7.19858e-05,5.54635e-06,-7.50307e-07,0.000347086,0.0571423,0.0446879,-0.00503059,-0.0147283,0.000479275,7.47103e-05,0.000918272,0.000187911,-0.00180736,-0.00117563],[0.00172424,-0.0452602,0.00475644,0.00498766,-9.99324e-06,-7.72471e-05,-8.25265e-05,9.26068e-06,2.94224e-06,0.000203883,0.0446879,0.0582087,-0.00288281,-0.0213296,-4.49061e-05,0.000125542,0.000471337,0.000179935,-0.00318661,-0.00111351],[0.00148497,-0.00697632,-0.00160307,-0.00157041,-9.29289e-06,-0.00013452,8.23277e-06,3.76007e-05,1.75987e-05,0.000697484,-0.00503059,-0.00288281,0.0725455,-0.00555461,0.000655996,0.000392107,0.00270374,-0.000135507,0.00145429,0.00205107],[-0.00613944,0.0156934,-0.00494801,-0.00473533,4.57848e-05,6.08578e-05,4.02368e-05,-8.52954e-06,2.06992e-06,-0.000332105,-0.0147283,-0.0213296,-0.00555461,0.0585539,0.00320554,-0.000265999,-0.00292903,0.000356434,-0.00384333,-0.000796741],[-0.00685721,0.00299757,-0.00473892,-0.00441417,-7.78016e-06,-1.36818e-05,9.9846e-06,-1.46497e-06,4.18417e-06,-0.000241377,0.000479275,-4.49061e-05,0.000655996,0.00320554,0.0267247,-3.27223e-05,-0.000932852,5.45572e-05,-0.00611922,0.000231866],[9.86567e-05,-0.000587982,-1.14297e-05,-1.64922e-05,-1.01004e-06,-1.12679e-07,1.58267e-07,4.32081e-07,4.28595e-07,4.33322e-05,7.47103e-05,0.000125542,0.000392107,-0.000265999,-3.27223e-05,2.26432e-05,0.000111542,3.10917e-06,6.71917e-06,0.00015265],[0.00156143,-0.0127351,-0.00222499,-0.00230224,3.38187e-05,6.5775e-05,3.17565e-06,1.57499e-07,8.74666e-07,0.000540075,0.000918272,0.000471337,0.00270374,-0.00292903,-0.000932852,0.000111542,0.00467774,-8.72592e-05,0.0010244,-0.00182833],[-6.99471e-05,-0.000276555,-1.34303e-05,-8.61877e-06,3.52108e-07,-7.66201e-08,-2.31297e-07,1.00194e-07,3.22522e-07,-9.87697e-08,0.000187911,0.000179935,-0.000135507,0.000356434,5.45572e-05,3.10917e-06,-8.72592e-05,1.88875e-05,-0.00012875,-1.34347e-05],[0.00303696,-0.00684702,0.00042268,0.000352956,-2.62257e-05,-1.8956e-05,2.3397e-05,3.98699e-07,2.98981e-08,0.000248924,-0.00180736,-0.00318661,0.00145429,-0.00384333,-0.00611922,6.71917e-06,0.0010244,-0.00012875,0.0211897,-0.000171936],[0.000978348,0.00288664,0.00175897,0.00169522,-4.87571e-05,-5.2182e-05,5.97322e-06,1.66769e-06,1.08413e-06,6.22354e-05,-0.00117563,-0.00111351,0.00205107,-0.000796741,0.000231866,0.00015265,-0.00182833,-1.34347e-05,-0.000171936,0.00449283]]
vc = bioMatrix(20,names,values)
BIOGEME_OBJECT.VARCOVAR = vc
