============== BHHH ===============

Size = 4
Data size = 10
[ 1.58062e+06 438110 -14263.6 -880.906 ;
438110 228747 -4405.87 -256.155 ;
-14263.6 -4405.87 316.34 -60.7884 ;
-880.906 -256.155 -60.7884 83.004 ;
]

============== Hessian ===============

Size = 4
Data size = 10
[ 1.6712e+06 407797 -15256.2 -1667.81 ;
407797 161058 -4026.05 -204.388 ;
-15256.2 -4026.05 316.179 -51.9735 ;
-1667.81 -204.388 -51.9735 76.8722 ;
]

