Iter 0

Size = 4
Data size = 10
[ 3.36044e+06 651406 -23943.4 -4321.53 ;
651406 233555 -5448.59 -599.918 ;
-23943.4 -5448.59 391.833 -68.6667 ;
-4321.53 -599.918 -68.6667 143.833 ;
]
+++++++++++++
Iter 1

Size = 4
Data size = 10
[ 2.10292e+06 463361 -17328.4 -3814.06 ;
463361 181471 -4386.29 -518.71 ;
-17328.4 -4386.29 355.454 -85.567 ;
-3814.06 -518.71 -85.567 151.952 ;
]
+++++++++++++
Iter 2

Size = 4
Data size = 10
[ 1.77669e+06 428336 -15304.7 -1975.43 ;
428336 168617 -4079.6 -243.776 ;
-15304.7 -4079.6 320.918 -64.4591 ;
-1975.43 -243.776 -64.4591 93.2501 ;
]
+++++++++++++
Iter 3

Size = 4
Data size = 10
[ 1.67714e+06 408831 -15265.8 -1697.34 ;
408831 161407 -4029.74 -208.133 ;
-15265.8 -4029.74 316.926 -52.9163 ;
-1697.34 -208.133 -52.9163 78.2553 ;
]
+++++++++++++
Iter 4

Size = 4
Data size = 10
[ 1.67622e+06 408910 -15259.1 -1673.2 ;
408910 161416 -4028.59 -205.061 ;
-15259.1 -4028.59 316.102 -52.3056 ;
-1673.2 -205.061 -52.3056 77.245 ;
]
+++++++++++++
Iter 5

Size = 4
Data size = 10
[ 1.67121e+06 407800 -15256.3 -1667.81 ;
407800 161059 -4026.07 -204.388 ;
-15256.3 -4026.07 316.179 -51.9733 ;
-1667.81 -204.388 -51.9733 76.8721 ;
]
+++++++++++++
Iter 6

Size = 4
Data size = 10
[ 1.6712e+06 407797 -15256.2 -1667.81 ;
407797 161058 -4026.05 -204.388 ;
-15256.2 -4026.05 316.179 -51.9735 ;
-1667.81 -204.388 -51.9735 76.8722 ;
]
+++++++++++++
