============== BHHH ===============

Size = 4
Data size = 10
[ 846025 210792 -6243.13 -2857.88 ;
210792 120069 -1956.51 -523.107 ;
-6243.13 -1956.51 117.976 -18.3891 ;
-2857.88 -523.107 -18.3891 80.5085 ;
]

============== Hessian ===============

Size = 4
Data size = 10
[ 1.63353e+06 335708 -6694.34 -5655.22 ;
335708 110497 -1742.05 -951.105 ;
-6694.34 -1742.05 112.831 -19.741 ;
-5655.22 -951.105 -19.741 84.3712 ;
]

