Iter 0

Size = 8
Data size = 36
[ 2.41166e+06 1.60301e+06 -227476 80202.9 -10491 -852947 -10491 -974764 ;
1.60301e+06 1.68128e+06 -151553 62407.8 -10039.1 -578536 -10039.1 -602935 ;
-227476 -151553 287630 -7310.95 6378.42 546585 -4327.86 -469757 ;
80202.9 62407.8 -7310.95 3379.33 -384.333 -28182.1 -384.333 -30984.1 ;
-10491 -10039.1 6378.42 -384.333 380.444 15352.4 -190.222 -7628.19 ;
-852947 -578536 546585 -28182.1 15352.4 1.44286e+06 -7676.22 -835294 ;
-10491 -10039.1 -4327.86 -384.333 -190.222 -7676.22 380.444 15256.4 ;
-974764 -602935 -469757 -30984.1 -7628.19 -835294 15256.4 2.06633e+06 ;
]
+++++++++++++
Iter 1

Size = 8
Data size = 36
[ 1.97845e+06 1.16227e+06 -431656 63524.8 -12960.7 -1.20768e+06 -4502.68 -196131 ;
1.16227e+06 976850 -228019 42619.7 -9871.74 -669991 -4472.25 -145516 ;
-431656 -228019 234077 -12798.3 6359.76 484106 -3149.83 -155274 ;
63524.8 42619.7 -12798.3 2590.8 -447.563 -37016.6 -165.851 -7319.5 ;
-12960.7 -9871.74 6359.76 -447.563 409.689 15890.7 -207.651 -5367.13 ;
-1.20768e+06 -669991 484106 -37016.6 15890.7 1.37144e+06 -6257.73 -319207 ;
-4502.68 -4472.25 -3149.83 -165.851 -207.651 -6257.73 320.619 7967.07 ;
-196131 -145516 -155274 -7319.5 -5367.13 -319207 7967.07 482756 ;
]
+++++++++++++
Iter 2

Size = 8
Data size = 36
[ 1.65307e+06 972823 -405773 54668 -13609.1 -1.09671e+06 -1526.3 -58860.8 ;
972823 769786 -225915 35524.7 -10489.7 -656541 -1484.51 -44730.9 ;
-405773 -225915 158405 -12841.8 4902.93 360917 -1505.37 -55612.3 ;
54668 35524.7 -12841.8 2243.54 -476.8 -36310.4 -55.4556 -2246.26 ;
-13609.1 -10489.7 4902.93 -476.8 362.962 13284.4 -124.245 -2592.24 ;
-1.09671e+06 -656541 360917 -36310.4 13284.4 1.05029e+06 -3270.43 -122862 ;
-1526.3 -1484.51 -1505.37 -55.4556 -124.245 -3270.43 165.45 3471.85 ;
-58860.8 -44730.9 -55612.3 -2246.26 -2592.24 -122862 3471.85 155656 ;
]
+++++++++++++
Iter 3

Size = 8
Data size = 36
[ 1.6149e+06 974093 -419323 54137.5 -14282 -1.10051e+06 -902.974 -21961.7 ;
974093 798009 -249993 35898.5 -11409.6 -689967 -997.276 -19376.7 ;
-419323 -249993 170422 -13710.7 4833.01 335060 -1047.86 -24128.2 ;
54137.5 35898.5 -13710.7 2246.57 -506.655 -37491.6 -30.4933 -826.773 ;
-14282 -11409.6 4833.01 -506.655 350.891 12551.7 -92.6486 -1430.7 ;
-1.10051e+06 -689967 335060 -37491.6 12551.7 971609 -1965.21 -50563.8 ;
-902.974 -997.276 -1047.86 -30.4933 -92.6486 -1965.21 123.18 1869.79 ;
-21961.7 -19376.7 -24128.2 -826.773 -1430.7 -50563.8 1869.79 53006.8 ;
]
+++++++++++++
Iter 4

Size = 8
Data size = 36
[ 1.54838e+06 938070 -407231 52170.4 -14251.2 -1.06815e+06 -526.75 -9313.2 ;
938070 773748 -245309 34687.4 -11517.3 -678210 -667.609 -9344.11 ;
-407231 -245309 154941 -13417.9 4441.58 309877 -671.069 -10878.2 ;
52170.4 34687.4 -13417.9 2174.3 -507.967 -36688.4 -16.5679 -329.637 ;
-14251.2 -11517.3 4441.58 -507.967 333.641 11737.2 -70.0636 -806.066 ;
-1.06815e+06 -678210 309877 -36688.4 11737.2 894519 -1179.95 -22117.2 ;
-526.75 -667.609 -671.069 -16.5679 -70.0636 -1179.95 93.2083 1049.27 ;
-9313.2 -9344.11 -10878.2 -329.637 -806.066 -22117.2 1049.27 20965.1 ;
]
+++++++++++++
Iter 5

Size = 8
Data size = 36
[ 1.52635e+06 917017 -403580 51240 -14267.4 -1.055e+06 -427.827 -5334.43 ;
917017 748334 -241164 33753.1 -11411.9 -667058 -627.981 -6047.29 ;
-403580 -241164 151047 -13258.8 4317.18 300502 -558.534 -6279.2 ;
51240 33753.1 -13258.8 2133.95 -507.913 -36195.6 -12.1986 -168.215 ;
-14267.4 -11411.9 4317.18 -507.913 331.365 11422.9 -69.3909 -569.167 ;
-1.055e+06 -667058 300502 -36195.6 11422.9 870738 -878.622 -11773.1 ;
-427.827 -627.981 -558.534 -12.1986 -69.3909 -878.622 94.675 754.717 ;
-5334.43 -6047.29 -6279.2 -168.215 -569.167 -11773.1 754.717 10469.7 ;
]
+++++++++++++
Iter 6

Size = 8
Data size = 36
[ 1.5138e+06 908790 -401758 50796.7 -14308.8 -1.04902e+06 -340.37 -3589.17 ;
908790 741694 -240468 33420.5 -11467.9 -664075 -549.324 -4356.63 ;
-401758 -240468 149018 -13193.8 4237.43 296253 -463.31 -4313.26 ;
50796.7 33420.5 -13193.8 2116.71 -508.902 -35976.7 -9.27301 -107.045 ;
-14308.8 -11467.9 4237.43 -508.902 326.741 11242.9 -62.5764 -425.108 ;
-1.04902e+06 -664075 296253 -35976.7 11242.9 859192 -672.183 -7577.92 ;
-340.37 -549.324 -463.31 -9.27301 -62.5764 -672.183 86.3522 569.729 ;
-3589.17 -4356.63 -4313.26 -107.045 -425.108 -7577.92 569.729 6590.18 ;
]
+++++++++++++
Iter 7

Size = 8
Data size = 36
[ 1.51221e+06 907821 -401793 50739.6 -14337.6 -1.04861e+06 -311.689 -3103.65 ;
907821 741093 -240642 33380.8 -11500.4 -664175 -521.456 -3861.99 ;
-401793 -240642 148487 -13192.9 4215.15 295382 -431.877 -3764.2 ;
50739.6 33380.8 -13192.9 2114.69 -509.772 -35958.5 -8.36761 -90.9731 ;
-14337.6 -11500.4 4215.15 -509.772 325.208 11197.8 -60.1479 -381.599 ;
-1.04861e+06 -664175 295382 -35958.5 11197.8 857030 -608.092 -6448.47 ;
-311.689 -521.456 -431.877 -8.36761 -60.1479 -608.092 83.2756 513.239 ;
-3103.65 -3861.99 -3764.2 -90.9731 -381.599 -6448.47 513.239 5572.65 ;
]
+++++++++++++
Iter 8

Size = 8
Data size = 36
[ 1.51355e+06 909207 -402153 50800 -14348.5 -1.04954e+06 -307.678 -3041.96 ;
909207 742628 -241015 33441.5 -11511.4 -665191 -517.12 -3798.34 ;
-402153 -241015 148506 -13208.8 4214.61 295517 -428.71 -3703.23 ;
50800 33441.5 -13208.8 2117.34 -510.23 -36001.4 -8.24543 -88.9756 ;
-14348.5 -11511.4 4214.61 -510.23 325.002 11198.9 -60.0201 -377.144 ;
-1.04954e+06 -665191 295517 -36001.4 11198.9 857457 -601.599 -6325.44 ;
-307.678 -517.12 -428.71 -8.24543 -60.0201 -601.599 83.0142 506.983 ;
-3041.96 -3798.34 -3703.23 -88.9756 -377.144 -6325.44 506.983 5458.14 ;
]
+++++++++++++
Iter 9

Size = 8
Data size = 36
[ 1.51351e+06 909318 -402138 50798.7 -14347.8 -1.04942e+06 -307.498 -3043.4 ;
909318 742850 -241049 33443.5 -11512.5 -665244 -516.535 -3798.66 ;
-402138 -241049 148508 -13208.6 4214.57 295483 -428.635 -3706.32 ;
50798.7 33443.5 -13208.6 2117.09 -510.153 -35999.9 -8.24065 -89.0214 ;
-14347.8 -11512.5 4214.57 -510.153 324.97 11198.5 -59.9872 -377.292 ;
-1.04942e+06 -665244 295483 -35999.9 11198.5 857343 -601.762 -6333.39 ;
-307.498 -516.535 -428.635 -8.24065 -59.9872 -601.762 82.9426 507.059 ;
-3043.4 -3798.66 -3706.32 -89.0214 -377.292 -6333.39 507.059 5464.85 ;
]
+++++++++++++
Iter 10

Size = 8
Data size = 36
[ 1.51355e+06 909346 -402148 50800.5 -14348.1 -1.04945e+06 -307.484 -3043.23 ;
909346 742871 -241055 33445 -11512.6 -665264 -516.512 -3798.46 ;
-402148 -241055 148510 -13209 4214.63 295491 -428.642 -3706.31 ;
50800.5 33445 -13209 2117.18 -510.168 -36001.1 -8.24048 -89.0185 ;
-14348.1 -11512.6 4214.63 -510.168 324.971 11198.7 -59.9892 -377.295 ;
-1.04945e+06 -665264 295491 -36001.1 11198.7 857367 -601.769 -6333.33 ;
-307.484 -516.512 -428.642 -8.24048 -59.9892 -601.769 82.9436 507.056 ;
-3043.23 -3798.46 -3706.31 -89.0185 -377.295 -6333.33 507.056 5464.72 ;
]
+++++++++++++
