Iter 0

Size = 3
Data size = 6
[ 1.29657e+07 1.54233e+06 53432 ;
1.54233e+06 287630 6378.42 ;
53432 6378.42 380.444 ;
]
+++++++++++++
Iter 1

Size = 3
Data size = 6
[ 6.81674e+06 882413 40752.8 ;
882413 189922 5192.64 ;
40752.8 5192.64 365.052 ;
]
+++++++++++++
Iter 2

Size = 3
Data size = 6
[ 5.06901e+06 720119 33077.2 ;
720119 156301 4408.85 ;
33077.2 4408.85 326.306 ;
]
+++++++++++++
Iter 3

Size = 3
Data size = 6
[ 4.68426e+06 681856 31156.8 ;
681856 148035 4201.29 ;
31156.8 4201.29 315.256 ;
]
+++++++++++++
Iter 4

Size = 3
Data size = 6
[ 4.97629e+06 728264 31922.4 ;
728264 157638 4330.14 ;
31922.4 4330.14 317.604 ;
]
+++++++++++++
Iter 5

Size = 3
Data size = 6
[ 4.96327e+06 726651 31870.5 ;
726651 157406 4324.9 ;
31870.5 4324.9 317.34 ;
]
+++++++++++++
Iter 6

Size = 3
Data size = 6
[ 4.95675e+06 725638 31853.5 ;
725638 157196 4322.11 ;
31853.5 4322.11 317.299 ;
]
+++++++++++++
Iter 7

Size = 3
Data size = 6
[ 4.95675e+06 725637 31853.5 ;
725637 157196 4322.11 ;
31853.5 4322.11 317.299 ;
]
+++++++++++++
