============== BHHH ===============

Size = 8
Data size = 36
[ 2.02939e+06 1.0611e+06 -540857 63965.1 -16218.3 -1.54573e+06 -168.573 -4914.33 ;
1.0611e+06 778748 -279869 37490.1 -11872.5 -887174 -292.728 -5065.24 ;
-540857 -279869 191117 -16641.8 4565.81 407507 -426.263 -5967.75 ;
63965.1 37490.1 -16641.8 2546.24 -551.008 -50050.8 -4.76878 -139.852 ;
-16218.3 -11872.5 4565.81 -551.008 326.918 13851.1 -60.595 -358.651 ;
-1.54573e+06 -887174 407507 -50050.8 13851.1 1.56348e+06 -537.169 -11867.9 ;
-168.573 -292.728 -426.263 -4.76878 -60.595 -537.169 74.8354 538.376 ;
-4914.33 -5065.24 -5967.75 -139.852 -358.651 -11867.9 538.376 19746.7 ;
]

============== Hessian ===============

Size = 8
Data size = 36
[ 1.51355e+06 909346 -402148 50800.5 -14348.1 -1.04945e+06 -307.484 -3043.23 ;
909346 742871 -241055 33445 -11512.6 -665264 -516.512 -3798.46 ;
-402148 -241055 148510 -13209 4214.63 295491 -428.642 -3706.31 ;
50800.5 33445 -13209 2117.18 -510.168 -36001.1 -8.24048 -89.0185 ;
-14348.1 -11512.6 4214.63 -510.168 324.971 11198.7 -59.9892 -377.295 ;
-1.04945e+06 -665264 295491 -36001.1 11198.7 857367 -601.769 -6333.33 ;
-307.484 -516.512 -428.642 -8.24048 -59.9892 -601.769 82.9436 507.056 ;
-3043.23 -3798.46 -3706.31 -89.0185 -377.295 -6333.33 507.056 5464.72 ;
]

