============== BHHH ===============

Size = 20
Data size = 210
[ 209.556 1030.02 572.003 8884.92 0.413421 116.996 339.06 263.58 7222.02 102.156 85.7787 93.9899 16.7554 -203.907 -9745.12 -263.861 -7096.05 -29.8487 -40.1755 -12.9811 ;
1030.02 5878.42 3148.32 50338.6 0.998646 437.817 506.026 1350.16 36604.3 516.952 415.369 453.464 84.1608 -1024.28 -61683 -1351.02 -36332.3 -190.378 -199.907 -21.1955 ;
572.003 3148.32 2130.63 30014.2 -0.157406 215.798 36.9136 713.615 20266.1 292.454 212.405 252.525 46.9906 -564.27 -38887.7 -713.925 -20200.4 -117.422 -105.474 -7.94513 ;
8884.92 50338.6 30014.2 555966 -5.09409 8209.98 6136.71 15092.1 303016 4589.22 3254.14 3867.18 809.279 -8765.86 -625717 -15101.5 -299868 -2281.51 -1547.15 -304.477 ;
0.413421 0.998646 -0.157406 -5.09409 41.0847 41.0847 0 -0.413421 -0.413421 -0.395983 0.965537 -0.0886825 0 -7.4818 -54.3582 7.4818 7.4818 -0.0402367 -1.32655 31.69 ;
116.996 437.817 215.798 8209.98 41.0847 1.52118e+06 0 -0.413421 5872.92 -272.96 124.399 -186.876 -237.511 4507.27 18106.2 7.4818 216416 262.817 1057.85 -10748.7 ;
339.06 506.026 36.9136 6136.71 0 0 213595 0 0 32.4261 48.1138 252.825 0 823.18 2272.71 0 0 0.0663329 86.8766 -2352.25 ;
263.58 1350.16 713.615 15092.1 -0.413421 -0.413421 0 5956.62 5956.62 109.782 141.869 56.9382 22.1824 -263.861 -11875.5 -5956.34 -5956.34 -71.2543 -79.1383 1.38952 ;
7222.02 36604.3 20266.1 303016 -0.413421 5872.92 0 5956.62 351615 3823.73 3441.26 2680.31 638.822 -7096.05 -348568 -5956.34 -345856 -1041.86 -1374.9 -323.682 ;
102.156 516.952 292.454 4589.22 -0.395983 -272.96 32.4261 109.782 3823.73 102.156 44.3701 44.4851 11.3969 -100.543 -5076.58 -109.902 -3795.2 -15.8787 -12.3101 -1.60474 ;
85.7787 415.369 212.405 3254.14 0.965537 124.399 48.1138 141.869 3441.26 44.3701 85.7787 0 6.39691 -83.354 -3200.04 -141.916 -3348.64 -3.76071 -19.634 -6.14184 ;
93.9899 453.464 252.525 3867.18 -0.0886825 -186.876 252.825 56.9382 2680.31 44.4851 0 93.9899 6.76662 -91.4815 -4651.35 -57.0054 -2661.88 -11.2363 -15.1868 -4.4957 ;
16.7554 84.1608 46.9906 809.279 0 -237.511 0 22.1824 638.822 11.3969 6.39691 6.76662 16.7554 -15.785 -885.323 -22.1824 -601.595 -2.49852 -3.19071 -1.15402 ;
-203.907 -1024.28 -564.27 -8765.86 -7.4818 4507.27 823.18 -263.861 -7096.05 -100.543 -83.354 -91.4815 -15.785 249.393 9922.12 261.614 8874.1 33.0888 51.264 -93.8224 ;
-9745.12 -61683 -38887.7 -625717 -54.3582 18106.2 2272.71 -11875.5 -348568 -5076.58 -3200.04 -4651.35 -885.323 9922.12 1.12239e+06 11858.7 355719 2523.53 1804.07 -588.385 ;
-263.861 -1351.02 -713.925 -15101.5 7.4818 7.4818 0 -5956.34 -5956.34 -109.902 -141.916 -57.0054 -22.1824 261.614 11858.7 5958.58 5958.58 70.5268 78.4947 10.5632 ;
-7096.05 -36332.3 -20200.4 -299868 7.4818 216416 0 -5956.34 -345856 -3795.2 -3348.64 -2661.88 -601.595 8874.1 355719 5958.58 433368 1152.35 1797.54 -3548.72 ;
-29.8487 -190.378 -117.422 -2281.51 -0.0402367 262.817 0.0663329 -71.2543 -1041.86 -15.8787 -3.76071 -11.2363 -2.49852 33.0888 2523.53 70.5268 1152.35 33.0888 5.41534 -7.30609 ;
-40.1755 -199.907 -105.474 -1547.15 -1.32655 1057.85 86.8766 -79.1383 -1374.9 -12.3101 -19.634 -15.1868 -3.19071 51.264 1804.07 78.4947 1797.54 5.41534 51.264 -28.5764 ;
-12.9811 -21.1955 -7.94513 -304.477 31.69 -10748.7 -2352.25 1.38952 -323.682 -1.60474 -6.14184 -4.4957 -1.15402 -93.8224 -588.385 10.5632 -3548.72 -7.30609 -28.5764 364.438 ;
]

============== Hessian ===============

Size = 20
Data size = 210
[ 213.027 1039.74 565.274 9001.94 -3.58344 1414.52 342.059 215.612 7313.84 105.099 89.7536 92.8655 19.1255 -205.068 -8659.46 -216.236 -7070.11 -31.7447 -42.4554 -22.9588 ;
1039.74 5857.35 3200.83 50771 -8.44144 3644.88 538.979 1137.67 36416.3 520.093 437.705 434.642 98.0269 -1028.71 -54530.6 -1139.09 -36112.3 -196.848 -211.41 -51.6863 ;
565.274 3200.83 2206.03 29519.3 -2.80475 1463.14 185.727 606.445 20154.3 289.744 234.044 232.378 57.4519 -556.179 -33841.6 -607.072 -19828.5 -120.455 -115.753 -22.88 ;
9001.94 50771 29519.3 538678 -82.9312 47680 5733.16 10773.8 318403 4739.73 3572.52 3552.17 1026.29 -8849.1 -528100 -10788.3 -313601 -2360.44 -1743.97 -495.774 ;
-3.58344 -8.44144 -2.80475 -82.9312 118.851 118.851 0 3.58344 3.58344 -1.18559 -2.51518 -0.784534 0 -10.6373 -67.9765 10.6373 10.6373 -0.339381 -1.16092 56.7232 ;
1414.52 3644.88 1463.14 47680 118.851 3.73829e+06 0 3.58344 62720.5 516.725 256.874 516.765 237.511 3948.44 16571.6 10.6373 191473 224.692 1142.92 -15613.2 ;
342.059 538.979 185.727 5733.16 0 0 178395 0 0 93.01 34.9604 290.947 0 603.864 2119.35 0 0 1.87983 113.142 -2152.47 ;
215.612 1137.67 606.445 10773.8 3.58344 3.58344 0 4972.49 4972.49 101.212 114.359 52.9602 21.7111 -216.236 -8539.73 -4971.87 -4971.87 -50.0699 -78.8256 2.94198 ;
7313.84 36416.3 20154.3 318403 3.58344 62720.5 0 4972.49 353056 3797.77 3610.47 2562.24 746.08 -7070.11 -317036 -4971.87 -341172 -1124.23 -1401.71 -696.048 ;
105.099 520.093 289.744 4739.73 -1.18559 516.725 93.01 101.212 3797.77 105.099 48.628 43.0886 11.0657 -101.541 -4517.04 -101.471 -3668.94 -15.3787 -12.3598 -9.86894 ;
89.7536 437.705 234.044 3572.52 -2.51518 256.874 34.9604 114.359 3610.47 48.628 89.7536 0 8.70939 -86.8178 -3369.1 -114.71 -3497.68 -3.53249 -18.6874 -8.62009 ;
92.8655 434.642 232.378 3552.17 -0.784534 516.765 290.947 52.9602 2562.24 43.0886 0 92.8655 7.52418 -88.5651 -3611.43 -53.159 -2455.9 -12.4533 -17.9912 -11.832 ;
19.1255 98.0269 57.4519 1026.29 0 237.511 0 21.7111 746.08 11.0657 8.70939 7.52418 19.1255 -18.496 -1107.94 -21.7111 -720.564 -3.45128 -4.26992 -1.13602 ;
-205.068 -1028.71 -556.179 -8849.1 -10.6373 3948.44 603.864 -216.236 -7070.11 -101.541 -86.8178 -88.5651 -18.496 243.963 8808.82 213.966 8598.78 34.2208 51.9716 -83.4093 ;
-8659.46 -54530.6 -33841.6 -528100 -67.9765 16571.6 2119.35 -8539.73 -317036 -4517.04 -3369.1 -3611.43 -1107.94 8808.82 776001 8525.32 322904 2384.72 1829.36 -529.349 ;
-216.236 -1139.09 -607.072 -10788.3 10.6373 10.6373 0 -4971.87 -4971.87 -101.471 -114.71 -53.159 -21.7111 213.966 8525.32 4974.14 4974.14 49.8551 78.4528 9.24421 ;
-7070.11 -36112.3 -19828.5 -313601 10.6373 191473 0 -4971.87 -341172 -3668.94 -3497.68 -2455.9 -720.564 8598.78 322904 4974.14 416913 1219.84 1777.08 -3143.34 ;
-31.7447 -196.848 -120.455 -2360.44 -0.339381 224.692 1.87983 -50.0699 -1124.23 -15.3787 -3.53249 -12.4533 -3.45128 34.2208 2384.72 49.8551 1219.84 34.2208 6.54878 -5.47847 ;
-42.4554 -211.41 -115.753 -1743.97 -1.16092 1142.92 113.142 -78.8256 -1401.71 -12.3598 -18.6874 -17.9912 -4.26992 51.9716 1829.36 78.4528 1777.08 6.54878 51.9716 -22.8576 ;
-22.9588 -51.6863 -22.88 -495.774 56.7232 -15613.2 -2152.47 2.94198 -696.048 -9.86894 -8.62009 -11.832 -1.13602 -83.4093 -529.349 9.24421 -3143.34 -5.47847 -22.8576 407.843 ;
]

