Iter 0

Size = 20
Data size = 210
[ 397.167 21988.1 0 21322.7 -48.3111 15276.4 8716.47 346.694 14264.1 198.083 136.333 184.194 34.6944 -326.833 -14640.3 -327.472 -12162.2 -73.1389 -95.3056 -1555.07 ;
21988.1 2.56558e+06 44799.3 1.70525e+06 -7933.9 1.11948e+06 686070 22076.2 799993 11186.4 7016.11 9344.61 2978.83 -19868.2 -1.655e+06 -21831 -746153 -6946.56 -5497.56 -193421 ;
0 44799.3 0 0 0 0 0 0 0 0 0 0 0 0 0 0 0 0 0 0 ;
21322.7 1.70525e+06 0 1.80902e+06 -6700.79 1.0102e+06 612558 19297.1 772364 10888.4 6254.86 9066.58 1835.97 -18618.9 -1.11625e+06 -18804.2 -698153 -6930.14 -5778.75 -129157 ;
-48.3111 -7933.9 0 -6700.79 19431 19431 0 1669.08 1669.08 -53.5889 4.8 -46.4667 0 -83.4111 -6118.28 1037.28 1037.28 -14.4222 -21.7333 14323.6 ;
15276.4 1.11948e+06 0 1.0102e+06 19431 4.16351e+07 0 1669.08 772650 7901.95 4228.21 6203.38 271.133 13765.9 815097 1037.28 711043 3605.87 4513.62 -1.91866e+06 ;
8716.47 686070 0 612558 0 0 4.69024e+07 0 0 3532.99 325.5 8016.39 0 7821.97 534730 0 0 2978.13 2956.98 -1.29363e+06 ;
346.694 22076.2 0 19297.1 1669.08 1669.08 0 7844.25 7844.25 155.75 186 88.2778 84.5556 -327.472 -16480.6 -7262.25 -7262.25 -70.1944 -111.222 43.8611 ;
14264.1 799993 0 772364 1669.08 772650 0 7844.25 688481 7448.75 5577.5 5610.56 1269.83 -12162.2 -551453 -7262.25 -583665 -2763.22 -3491.25 -38820.7 ;
198.083 11186.4 0 10888.4 -53.5889 7901.95 3532.99 155.75 7448.75 198.083 74.5833 88.6111 17.9444 -166.167 -7475.25 -154.75 -6404.5 -35.9444 -27.7222 -712.842 ;
136.333 7016.11 0 6254.86 4.8 4228.21 325.5 186 5577.5 74.5833 136.333 0 16.5556 -116.667 -4900.58 -173 -4842.75 -6.83333 -30.0278 -381.217 ;
184.194 9344.61 0 9066.58 -46.4667 6203.38 8016.39 88.2778 5610.56 88.6111 0 184.194 12.6944 -143.222 -6008.72 -85.3889 -4603.53 -26.5833 -44.6944 -832.629 ;
34.6944 2978.83 0 1835.97 0 271.133 0 84.5556 1269.83 17.9444 16.5556 12.6944 34.6944 -31.9722 -2382.19 -79.7778 -1190.17 -5.94444 -6.69444 -250.244 ;
-326.833 -19868.2 0 -18618.9 -83.4111 13765.9 7821.97 -327.472 -12162.2 -166.167 -116.667 -143.222 -31.9722 391.167 16057.1 337.694 14116.6 80.0278 116.861 -1300.72 ;
-14640.3 -1.655e+06 0 -1.11625e+06 -6118.28 815097 534730 -16480.6 -551453 -7475.25 -4900.58 -6008.72 -2382.19 16057.1 1.51578e+06 16455.5 589241 5514.67 4294.83 -131435 ;
-327.472 -21831 0 -18804.2 1037.28 1037.28 0 -7262.25 -7262.25 -154.75 -173 -85.3889 -79.7778 337.694 16455.5 7682.25 7682.25 71.6389 115.444 77.6111 ;
-12162.2 -746153 0 -698153 1037.28 711043 0 -7262.25 -583665 -6404.5 -4842.75 -4603.53 -1190.17 14116.6 589241 7682.25 681627 2939.44 4133.25 -34843.1 ;
-73.1389 -6946.56 0 -6930.14 -14.4222 3605.87 2978.13 -70.1944 -2763.22 -35.9444 -6.83333 -26.5833 -5.94444 80.0278 5514.67 71.6389 2939.44 80.0278 25.8056 -335.289 ;
-95.3056 -5497.56 0 -5778.75 -21.7333 4513.62 2956.98 -111.222 -3491.25 -27.7222 -30.0278 -44.6944 -6.69444 116.861 4294.83 115.444 4133.25 25.8056 116.861 -410.518 ;
-1555.07 -193421 0 -129157 14323.6 -1.91866e+06 -1.29363e+06 43.8611 -38820.7 -712.842 -381.217 -832.629 -250.244 -1300.72 -131435 77.6111 -34843.1 -335.289 -410.518 359003 ;
]
+++++++++++++
Iter 1

Size = 20
Data size = 210
[ 304.56 16895 247.813 14875.4 -13.3329 4865.71 3976.72 314.527 10229.9 151.878 107.002 144.527 29.4225 -263.618 -11931.1 -297.142 -9309.92 -52.2063 -74.2178 -587.195 ;
16895 1.88647e+06 41725 1.19237e+06 -3653.01 174433 153678 18602.4 599092 8641.11 5657.37 7256.65 2530.39 -15937.5 -1.3074e+06 -18340.6 -582054 -5032.69 -4264.65 -42458.5 ;
247.813 41725 746.229 18747.5 -57.353 2333.49 2068.05 264.608 8895.35 127.149 79.6468 106.185 40.4355 -235.912 -21798.7 -261.837 -8686.79 -81.1948 -61.8705 -650.607 ;
14875.4 1.19237e+06 18747.5 1.09409e+06 -3326.73 219025 186854 15804.1 508084 7685.73 4624.99 6463.3 1524.51 -13587.5 -840286 -15434.1 -481733 -4574.23 -3967.69 -34446.4 ;
-13.3329 -3653.01 -57.353 -3326.73 17453.4 17453.4 0 1545.95 1545.95 -32.0277 20.2789 -37.3528 0 -73.2033 -4623.66 1196.55 1196.55 -11.2814 -10.4979 8223.43 ;
4865.71 174433 2333.49 219025 17453.4 1.36051e+07 0 1545.95 229650 2227.14 1423.65 1786.86 73.2217 11921.9 330701 1196.55 596602 2159.67 4713.03 -399951 ;
3976.72 153678 2068.05 186854 0 0 1.04481e+07 0 0 1622.4 288.074 3544.7 0 5699.05 173421 0 0 2100.73 2843.5 -258513 ;
314.527 18602.4 264.608 15804.1 1545.95 1545.95 0 7115.67 7115.67 144.69 176.214 77.0298 77.3548 -297.142 -13534.1 -6605.86 -6605.86 -57.0278 -99.4951 -19.222 ;
10229.9 599092 8895.35 508084 1545.95 229650 0 7115.67 487008 5360.39 4194.73 4017.31 1047.99 -9309.92 -440659 -6605.86 -442780 -1863.56 -2576.45 -10899.4 ;
151.878 8641.11 127.149 7685.73 -32.0277 2227.14 1622.4 144.69 5360.39 151.878 58.1977 69.2441 15.2425 -133.781 -6120.45 -143.533 -4887.82 -25.987 -22.2933 -288.097 ;
107.002 5657.37 79.6468 4624.99 20.2789 1423.65 288.074 176.214 4194.73 58.1977 107.002 0 13.9371 -96.1634 -4139.71 -163.457 -3865.08 -4.96041 -24.5002 -165.819 ;
144.527 7256.65 106.185 6463.3 -37.3528 1786.86 3544.7 77.0298 4017.31 69.2441 0 144.527 10.817 -119.246 -4982.01 -74.7252 -3578.71 -20.3708 -35.8619 -301.51 ;
29.4225 2530.39 40.4355 1524.51 0 73.2217 0 77.3548 1047.99 15.2425 13.9371 10.817 29.4225 -28.0466 -2132.29 -73.1756 -1010.99 -5.25853 -5.74052 -75.6161 ;
-263.618 -15937.5 -235.912 -13587.5 -73.2033 11921.9 5699.05 -297.142 -9309.92 -133.781 -96.1634 -119.246 -28.0466 340.527 13132 311.155 11748.8 59.7447 100.924 -930.678 ;
-11931.1 -1.3074e+06 -21798.7 -840286 -4623.66 330701 173421 -13534.1 -440659 -6120.45 -4139.71 -4982.01 -2132.29 13132 1.17174e+06 13559.1 472159 4117.15 3488.43 -42704.9 ;
-297.142 -18340.6 -261.837 -15434.1 1196.55 1196.55 0 -6605.86 -6605.86 -143.533 -163.457 -74.7252 -73.1756 311.155 13559.1 7124.05 7124.05 58.6057 105.726 23.2143 ;
-9309.92 -582054 -8686.79 -481733 1196.55 596602 0 -6605.86 -442780 -4887.82 -3865.08 -3578.71 -1010.99 11748.8 472159 7124.05 563896 2039.14 3406.25 -23500 ;
-52.2063 -5032.69 -81.1948 -4574.23 -11.2814 2159.67 2100.73 -57.0278 -1863.56 -25.987 -4.96041 -20.3708 -5.25853 59.7447 4117.15 58.6057 2039.14 59.7447 18.2695 -237.447 ;
-74.2178 -4264.65 -61.8705 -3967.69 -10.4979 4713.03 2843.5 -99.4951 -2576.45 -22.2933 -24.5002 -35.8619 -5.74052 100.924 3488.43 105.726 3406.25 18.2695 100.924 -354.594 ;
-587.195 -42458.5 -650.607 -34446.4 8223.43 -399951 -258513 -19.222 -10899.4 -288.097 -165.819 -301.51 -75.6161 -930.678 -42704.9 23.2143 -23500 -237.447 -354.594 76581.6 ;
]
+++++++++++++
Iter 2

Size = 20
Data size = 210
[ 269.095 13887.3 184.952 11595.3 11.6437 3264.89 2025.78 277.31 9208.64 134.458 98.712 129.194 27.1903 -237.253 -10099.3 -258.654 -8424 -38.8886 -63.4771 -271.682 ;
13887.3 1.47455e+06 25896.5 875727 -926.465 68959.7 38788.5 14784.4 499031 7132.51 4933.97 6102.66 2224.48 -13382.9 -1.03548e+06 -14491.8 -489725 -3613.83 -3378.97 -10550.2 ;
184.952 25896.5 443.46 12553.8 -13.1355 727.511 383.263 185.983 6726.19 95.6648 63.0885 81.4341 32.4804 -179.865 -15674 -183.07 -6637.3 -53.3871 -44.4307 -126.17 ;
11595.3 875727 12553.8 734281 -642.508 113980 55550.7 13811.8 403928 6036.63 3946.77 5103.08 1352.37 -10813.1 -641257 -13354.1 -385652 -3011.92 -2911.87 -10436.6 ;
11.6437 -926.465 -13.1355 -642.508 8923.58 8923.58 0 1115.37 1115.37 -9.40852 26.9605 -18.3061 0 -84.2811 -3270.36 525.414 525.414 -14.378 -23.1574 3691.49 ;
3264.89 68959.7 727.511 113980 8923.58 6.79679e+06 0 1115.37 153043 1320.21 902.991 1315.51 44.3566 8404.01 141757 525.414 413587 946.515 3524.95 -140202 ;
2025.78 38788.5 383.263 55550.7 0 0 2.62171e+06 0 0 759.303 215.488 1782.08 0 3817.12 77301.1 0 0 915.486 1729.82 -80297.8 ;
277.31 14784.4 185.983 13811.8 1115.37 1115.37 0 6251.88 6251.88 128.06 151.619 70.8938 64.2126 -258.654 -9924.6 -5760.3 -5760.3 -53.6422 -86.9136 -60.945 ;
9208.64 499031 6726.19 403928 1115.37 153043 0 6251.88 442531 4824.65 3923.85 3713.78 979.953 -8424 -374514 -5760.3 -404652 -1380.9 -2193.33 -5218.94 ;
134.458 7132.51 95.6648 6036.63 -9.40852 1320.21 759.303 128.06 4824.65 134.458 53.7035 61.972 14.0417 -120.409 -5262.68 -124.8 -4419.1 -19.2934 -19.1506 -121.654 ;
98.712 4933.97 63.0885 3946.77 26.9605 902.991 215.488 151.619 3923.85 53.7035 98.712 0 12.9087 -90.062 -3706.65 -139.41 -3649.01 -4.00806 -22.1865 -71.4896 ;
129.194 6102.66 81.4341 5103.08 -18.3061 1315.51 1782.08 70.8938 3713.78 61.972 0 129.194 10.1145 -109.361 -4313.4 -65.3227 -3318.02 -15.9944 -31.2316 -157.913 ;
27.1903 2224.48 32.4804 1352.37 0 44.3566 0 64.2126 979.953 14.0417 12.9087 10.1145 27.1903 -26.2993 -1893.63 -58.5085 -955.449 -4.6962 -5.00481 -13.2205 ;
-237.253 -13382.9 -179.865 -10813.1 -84.2811 8404.01 3817.12 -258.654 -8424 -120.409 -90.062 -109.361 -26.2993 307.196 10972.2 263.331 10552.3 44.5109 87.672 -609.47 ;
-10099.3 -1.03548e+06 -15674 -641257 -3270.36 141757 77301.1 -9924.6 -374514 -5262.68 -3706.65 -4313.4 -1893.63 10972.2 899925 9828.22 394857 2962.11 2743.31 -18260.8 ;
-258.654 -14491.8 -183.07 -13354.1 525.414 525.414 0 -5760.3 -5760.3 -124.8 -139.41 -65.3227 -58.5085 263.331 9828.22 6079.49 6079.49 53.0494 89.732 83.9764 ;
-8424 -489725 -6637.3 -385652 525.414 413587 0 -5760.3 -404652 -4419.1 -3649.01 -3318.02 -955.449 10552.3 394857 6079.49 509297 1507.86 2938.17 -13266.9 ;
-38.8886 -3613.83 -53.3871 -3011.92 -14.378 946.515 915.486 -53.6422 -1380.9 -19.2934 -4.00806 -15.9944 -4.6962 44.5109 2962.11 53.0494 1507.86 44.5109 12.3132 -105.976 ;
-63.4771 -3378.97 -44.4307 -2911.87 -23.1574 3524.95 1729.82 -86.9136 -2193.33 -19.1506 -22.1865 -31.2316 -5.00481 87.672 2743.31 89.732 2938.17 12.3132 87.672 -229.792 ;
-271.682 -10550.2 -126.17 -10436.6 3691.49 -140202 -80297.8 -60.945 -5218.94 -121.654 -71.4896 -157.913 -13.2205 -609.47 -18260.8 83.9764 -13266.9 -105.976 -229.792 21624.1 ;
]
+++++++++++++
Iter 3

Size = 20
Data size = 210
[ 255.092 12548.7 97.5375 10442.7 -10.4117 2914.86 1209.78 260.11 8784.4 127.606 95.5668 122.43 26.3687 -230.244 -9416.08 -252.435 -8106.32 -34.1448 -59.9611 -142.173 ;
12548.7 1.28213e+06 12182.7 758292 -626.798 40645.9 14813.9 13694.5 452583 6463.42 4600.32 5508.87 2073.95 -12268.5 -920335 -13569.7 -446641 -3079.23 -2980.46 -3156.81 ;
97.5375 12182.7 134.533 6365.38 -4.40195 207.853 74.072 100.81 3559.07 50.6886 34.346 42.9239 17.7045 -96.0452 -8134.44 -100.047 -3529.5 -26.6918 -22.764 -18.9111 ;
10442.7 758292 6365.38 624269 -574.771 98544.2 25626 12673.2 366712 5440.99 3699.36 4584.31 1289.94 -9906.01 -573692 -12465.9 -352219 -2522.87 -2556.83 -4123.35 ;
-10.4117 -626.798 -4.40195 -574.771 2146.87 2146.87 0 247.208 247.208 -6.83665 1.90923 -10.7558 0 -59.3082 -1427.84 155.237 155.237 -5.0013 -15.6126 1382.05 ;
2914.86 40645.9 207.853 98544.2 2146.87 6.31425e+06 0 247.208 134607 1005.27 621.505 1135.24 75.2946 6695.92 71470.6 155.237 325872 520.459 2755.34 -64635.2 ;
1209.78 14813.9 74.072 25626 0 0 935335 0 0 413.84 144.203 1050.08 0 2032.88 25944.6 0 0 233.1 762.581 -26039 ;
260.11 13694.5 100.81 12673.2 247.208 247.208 0 5887.6 5887.6 122.579 140.524 66.2864 62.2252 -252.435 -9349.28 -5650.98 -5650.98 -51.403 -84.2696 -12.1544 ;
8784.4 452583 3559.07 366712 247.208 134607 0 5887.6 423807 4611.74 3820.34 3547.72 953.086 -8106.32 -346842 -5650.98 -390745 -1206.08 -2038.02 -3194.59 ;
127.606 6463.42 50.6886 5440.99 -6.83665 1005.27 413.84 122.579 4611.74 127.606 52.1184 58.7516 13.6201 -116.427 -4928.26 -121.138 -4255.87 -16.7925 -18.1463 -60.68 ;
95.5668 4600.32 34.346 3699.36 1.90923 621.505 144.203 140.524 3820.34 52.1184 95.5668 0 12.6316 -88.8062 -3541.69 -136.265 -3592.9 -3.66756 -21.4717 -36.7618 ;
122.43 5508.87 42.9239 4584.31 -10.7558 1135.24 1050.08 66.2864 3547.72 58.7516 0 122.43 9.74533 -107.035 -4038.94 -62.7097 -3195.66 -14.2394 -29.6962 -89.307 ;
26.3687 2073.95 17.7045 1289.94 0 75.2946 0 62.2252 953.086 13.6201 12.6316 9.74533 26.3687 -25.7276 -1787.9 -57.5235 -931.367 -4.45742 -4.70334 -3.41245 ;
-230.244 -12268.5 -96.0452 -9906.01 -59.3082 6695.92 2032.88 -252.435 -8106.32 -116.427 -88.8062 -107.035 -25.7276 288.568 9957.59 254.62 9975.83 37.7418 79.6163 -345.639 ;
-9416.08 -920335 -8134.44 -573692 -1427.84 71470.6 25944.6 -9349.28 -346842 -4928.26 -3541.69 -4038.94 -1787.9 9957.59 788830 9288.97 360727 2509.23 2376.65 -6567.31 ;
-252.435 -13569.7 -100.047 -12465.9 155.237 155.237 0 -5650.98 -5650.98 -121.138 -136.265 -62.7097 -57.5235 254.62 9288.97 5870.25 5870.25 50.7473 86.3707 40.762 ;
-8106.32 -446641 -3529.5 -352219 155.237 325872 0 -5650.98 -390745 -4255.87 -3592.9 -3195.66 -931.367 9975.83 360727 5870.25 482195 1308.49 2690.45 -8391.17 ;
-34.1448 -3079.23 -26.6918 -2522.87 -5.0013 520.459 233.1 -51.403 -1206.08 -16.7925 -3.66756 -14.2394 -4.45742 37.7418 2509.23 50.7473 1308.49 37.7418 9.66098 -32.8359 ;
-59.9611 -2980.46 -22.764 -2556.83 -15.6126 2755.34 762.581 -84.2696 -2038.02 -18.1463 -21.4717 -29.6962 -4.70334 79.6163 2376.65 86.3707 2690.45 9.66098 79.6163 -129.196 ;
-142.173 -3156.81 -18.9111 -4123.35 1382.05 -64635.2 -26039 -12.1544 -3194.59 -60.68 -36.7618 -89.307 -3.41245 -345.639 -6567.31 40.762 -8391.17 -32.8359 -129.196 6346.81 ;
]
+++++++++++++
Iter 4

Size = 20
Data size = 210
[ 243.473 9642.12 39.9307 10607.6 -9.03823 2514.8 633.938 244.596 8659.73 124.898 107.904 96.8099 27.1952 -225.378 -9593.96 -244.016 -8070.39 -36.2395 -46.9964 -80.7908 ;
9642.12 720995 7479.6 602967 -175.728 25079.6 4787.01 9685.01 354543 5112.75 4011.85 3680.84 1473.68 -9511.26 -709280 -9674.91 -350897 -2492.01 -1894.16 -1030.3 ;
39.9307 7479.6 45.3902 2701.3 -0.57267 61.8488 11.3011 37.2392 1480.6 21.3973 15.8454 15.5112 6.56735 -39.5855 -3348.94 -37.2007 -1471.33 -11.5207 -7.78888 -2.85981 ;
10607.6 602967 2701.3 678255 -287.013 85414.5 11945.9 11971.7 385610 5737.08 4434.9 3770.28 1351.98 -10235.8 -612117 -11953.1 -373356 -2832.32 -2019.48 -2071.04 ;
-9.03823 -175.728 -0.57267 -287.013 626.654 626.654 0 52.7529 52.7529 -3.70349 -4.52338 -3.77637 0 -31.2024 -468.319 50.6687 50.6687 -1.28048 -4.11538 402.79 ;
2514.8 25079.6 61.8488 85414.5 626.654 5.54615e+06 0 52.7529 115879 904.611 605.492 802.362 115.62 5723.04 43051.2 50.6687 277322 318.233 1834.52 -39949 ;
633.938 4787.01 11.3011 11945.9 0 0 428351 0 0 183.87 85.273 536.037 0 1241.9 10733.2 0 0 58.4349 305.294 -10104.1 ;
244.596 9685.01 37.2392 11971.7 52.7529 52.7529 0 5538.74 5538.74 118.894 128.988 64.6901 47.4792 -244.016 -8576 -5486.73 -5486.73 -48.1048 -84.7124 3.5589 ;
8659.73 354543 1480.6 385610 52.7529 115879 0 5538.74 419235 4655.76 4392.59 2777.74 1008.46 -8070.39 -356991 -5486.73 -389889 -1316.73 -1617.72 -2434.72 ;
124.898 5112.75 21.3973 5737.08 -3.70349 904.611 183.87 118.894 4655.76 124.898 59.9608 47.0187 14.5206 -115.974 -5122.84 -119.113 -4318.35 -18.2993 -13.6274 -37.2385 ;
107.904 4011.85 15.8454 4434.9 -4.52338 605.492 85.273 128.988 4392.59 59.9608 107.904 0 12.7745 -101.326 -3933.43 -128.641 -4138.94 -4.76953 -21.8124 -26.2285 ;
96.8099 3680.84 15.5112 3770.28 -3.77637 802.362 536.037 64.6901 2777.74 47.0187 0 96.8099 10.5379 -87.673 -3725.2 -64.3022 -2535.68 -12.8241 -18.0116 -44 ;
27.1952 1473.68 6.56735 1351.98 0 115.62 0 47.4792 1008.46 14.5206 12.7745 10.5379 27.1952 -26.5917 -1662.82 -46.4266 -983.978 -4.66584 -5.13026 -1.81568 ;
-225.378 -9511.26 -39.5855 -10235.8 -31.2024 5723.04 1241.9 -244.016 -8070.39 -115.974 -101.326 -87.673 -26.5917 275.317 9936.65 241.279 9826.85 38.9787 60.4061 -208.156 ;
-9593.96 -709280 -3348.94 -612117 -468.319 43051.2 10733.2 -8576 -356991 -5122.84 -3933.43 -3725.2 -1662.82 9936.65 810380 8533.9 367641 2661.29 1997.96 -2543.14 ;
-244.016 -9674.91 -37.2007 -11953.1 50.6687 50.6687 0 -5486.73 -5486.73 -119.113 -128.641 -64.3022 -46.4266 241.279 8533.9 5542.05 5542.05 47.6477 84.7736 27.0934 ;
-8070.39 -350897 -1471.33 -373356 50.6687 277322 0 -5486.73 -389889 -4318.35 -4138.94 -2535.68 -983.978 9826.85 367641 5542.05 476489 1406.74 2113.22 -6257.39 ;
-36.2395 -2492.01 -11.5207 -2832.32 -1.28048 318.233 58.4349 -48.1048 -1316.73 -18.2993 -4.76953 -12.8241 -4.66584 38.9787 2661.29 47.6477 1406.74 38.9787 7.24469 -11.7112 ;
-46.9964 -1894.16 -7.78888 -2019.48 -4.11538 1834.52 305.294 -84.7124 -1617.72 -13.6274 -21.8124 -18.0116 -5.13026 60.4061 1997.96 84.7736 2113.22 7.24469 60.4061 -58.6888 ;
-80.7908 -1030.3 -2.85981 -2071.04 402.79 -39949 -10104.1 3.5589 -2434.72 -37.2385 -26.2285 -44 -1.81568 -208.156 -2543.14 27.0934 -6257.39 -11.7112 -58.6888 2272.97 ;
]
+++++++++++++
Iter 11

Size = 20
Data size = 210
[ 233.851 5889.06 180.162 9795.83 -6.54054 2220.33 533.485 249.421 8014.28 117.34 99.7237 99.4914 28.0821 -218.225 -9452.25 -249.912 -7486.29 -33.052 -45.732 -52.1887 ;
5889.06 251709 5245.64 340290 -72.8156 15164.2 2315.91 6822.52 209463 2996.91 2441.71 2347.93 957.301 -5825.04 -428978 -6825.04 -207498 -1384.33 -1196.55 -395.006 ;
180.162 5245.64 212.879 11310.8 -1.73538 268.77 36.3858 201.569 6476.23 92.2703 71.7007 72.3708 31.7411 -178.911 -15245.9 -201.611 -6437.81 -47.8896 -36.7285 -7.70139 ;
9795.83 340290 11310.8 594008 -191.993 73224.7 9296.88 12195.6 343569 5150.32 3979.16 3734.75 1408.72 -9498.22 -581381 -12205.7 -333439 -2474.53 -1896.06 -1234.68 ;
-6.54054 -72.8156 -1.73538 -191.993 219.87 219.87 0 6.56156 6.56156 -2.9805 -3.36189 -2.54642 0 -17.4051 -189.322 17.4078 17.4078 -0.844697 -1.40108 168.395 ;
2220.33 15164.2 268.77 73224.7 219.87 4.97548e+06 0 6.56156 101236 809.807 486.793 762.708 171.2 5121.51 28772.2 17.4078 249402 234.867 1632.57 -27318.1 ;
533.485 2315.91 36.3858 9296.88 0 0 315046 0 0 180.117 59.6633 458.313 0 849.28 5212.24 0 0 19.3204 205.008 -5045.94 ;
249.421 6822.52 201.569 12195.6 6.56156 6.56156 0 5673.94 5673.94 119.805 135.181 61.7577 47.9887 -249.912 -9906.19 -5657.81 -5657.81 -49.2995 -84.5342 3.86658 ;
8014.28 209463 6476.23 343569 6.56156 101236 0 5673.94 385865 4205.1 4008.06 2701.12 1051.68 -7486.29 -343475 -5657.81 -359632 -1156.45 -1500.99 -1742.72 ;
117.34 2996.91 92.2703 5150.32 -2.9805 809.807 180.117 119.805 4205.1 117.34 54.5357 47.1625 14.8665 -109.281 -4844.08 -120.298 -3902.31 -16.0143 -13.0631 -25.2639 ;
99.7237 2441.71 71.7007 3979.16 -3.36189 486.793 59.6633 135.181 4008.06 54.5357 99.7237 0 13.2762 -94.3031 -3792.99 -135.276 -3785.03 -4.16847 -20.5135 -16.8517 ;
99.4914 2347.93 72.3708 3734.75 -2.54642 762.708 458.313 61.7577 2701.12 47.1625 0 99.4914 10.6059 -91.3163 -3782.86 -61.9931 -2474.45 -12.4285 -18.8963 -28.4892 ;
28.0821 957.301 31.7411 1408.72 0 171.2 0 47.9887 1051.68 14.8665 13.2762 10.6059 28.0821 -27.4568 -1810.97 -47.4943 -1026.13 -4.97062 -5.36562 -1.46192 ;
-218.225 -5825.04 -178.911 -9498.22 -17.4051 5121.51 849.28 -249.912 -7486.29 -109.281 -94.3031 -91.3163 -27.4568 262.477 9681.4 247.458 9203.96 35.5181 57.6786 -134.593 ;
-9452.25 -428978 -15245.9 -581381 -189.322 28772.2 5212.24 -9906.19 -343475 -4844.08 -3792.99 -3782.86 -1810.97 9681.4 878225 9885.79 352001 2565.09 2028.84 -1150.34 ;
-249.912 -6825.04 -201.611 -12205.7 17.4078 17.4078 0 -5657.81 -5657.81 -120.298 -135.276 -61.9931 -47.4943 247.458 9885.79 5673.61 5673.61 48.947 84.4112 13.2339 ;
-7486.29 -207498 -6437.81 -333439 17.4078 249402 0 -5657.81 -359632 -3902.31 -3785.03 -2474.45 -1026.13 9203.96 352001 5673.61 445123 1244.62 1983.36 -4855.73 ;
-33.052 -1384.33 -47.8896 -2474.53 -0.844697 234.867 19.3204 -49.2995 -1156.45 -16.0143 -4.16847 -12.4285 -4.97062 35.5181 2565.09 48.947 1244.62 35.5181 6.81619 -6.46377 ;
-45.732 -1196.55 -36.7285 -1896.06 -1.40108 1632.57 205.008 -84.5342 -1500.99 -13.0631 -20.5135 -18.8963 -5.36562 57.6786 2028.84 84.4112 1983.36 6.81619 57.6786 -38.1413 ;
-52.1887 -395.006 -7.70139 -1234.68 168.395 -27318.1 -5045.94 3.86658 -1742.72 -25.2639 -16.8517 -28.4892 -1.46192 -134.593 -1150.34 13.2339 -4855.73 -6.46377 -38.1413 1011.13 ;
]
+++++++++++++
Iter 12

Size = 20
Data size = 210
[ 234.592 5750.3 227.133 9670.62 -4.82563 1991.72 445.654 230.515 8182.63 118.35 99.8021 100.694 26.1029 -220.653 -9104.63 -230.826 -7696.57 -32.3897 -46.0763 -39.7581 ;
5750.3 235908 11217.6 327871 -37.8967 12784 1677.05 6057.09 208075 2969.35 2385.69 2313.28 848.282 -5703.29 -391761 -6056.83 -206558 -1320.55 -1164.55 -259.94 ;
227.133 11217.6 566.489 14075.9 -1.07636 292.683 32.383 227.615 8313.23 118.56 90.669 91.8394 36.2439 -225.939 -17824.2 -227.583 -8273.6 -58.9921 -45.9826 -6.40749 ;
9670.62 327871 14075.9 577533 -125.453 63746.2 7537.32 11326.3 345848 5137.14 3949.62 3714.53 1309.62 -9419.42 -552261 -11331.1 -337083 -2389.5 -1857.42 -895.075 ;
-4.82563 -37.8967 -1.07636 -125.453 159.798 159.798 0 4.88121 4.88121 -1.81883 -3.00345 -1.26931 0 -12.5493 -100.262 12.5562 12.5562 -0.873799 -0.75529 87.1358 ;
1991.72 12784 292.683 63746.2 159.798 4.50196e+06 0 4.88121 90677.7 750.957 436.924 711.416 191.431 4435.52 22681.5 12.5562 215391 212.571 1376.82 -21900.6 ;
445.654 1677.05 32.383 7537.32 0 0 229618 0 0 147.248 45.8457 385.015 0 678.644 3505.71 0 0 8.47705 153.301 -3472.59 ;
230.515 6057.09 227.615 11326.3 4.88121 4.88121 0 5265.54 5265.54 110.437 121.256 59.9293 39.3639 -230.826 -8334.93 -5252.77 -5252.77 -48.1922 -82.7136 1.85195 ;
8182.63 208075 8313.23 345848 4.88121 90677.7 0 5265.54 395858 4321.45 4053.38 2831.58 979.812 -7696.57 -335855 -5252.77 -371695 -1157.33 -1544.59 -1377.69 ;
118.35 2969.35 118.56 5137.14 -1.81883 750.957 147.248 110.437 4321.45 118.35 54.8573 48.046 14.1225 -111.069 -4778.79 -110.801 -4040.37 -15.9777 -13.3482 -18.8514 ;
99.8021 2385.69 90.669 3949.62 -3.00345 436.924 45.8457 121.256 4053.38 54.8573 99.8021 0 12.2989 -94.9146 -3677.18 -121.295 -3845.56 -4.06569 -20.4443 -13.4279 ;
100.694 2313.28 91.8394 3714.53 -1.26931 711.416 385.015 59.9293 2831.58 48.046 0 100.694 9.99517 -93.4793 -3680.15 -60.0564 -2623.97 -12.3956 -19.3179 -21.0077 ;
26.1029 848.282 36.2439 1309.62 0 191.431 0 39.3639 979.812 14.1225 12.2989 9.99517 26.1029 -25.5241 -1588.8 -38.9693 -956.318 -4.58285 -4.96588 -1.25116 ;
-220.653 -5703.29 -225.939 -9419.42 -12.5493 4435.52 678.644 -230.826 -7696.57 -111.069 -94.9146 -93.4793 -25.5241 259.231 9282.36 228.805 9211.83 34.6967 56.2381 -102.724 ;
-9104.63 -391761 -17824.2 -552261 -100.262 22681.5 3505.71 -8334.93 -335855 -4778.79 -3677.18 -3680.15 -1588.8 9282.36 772283 8322.8 342759 2390.16 1895.92 -781.858 ;
-230.826 -6056.83 -227.583 -11331.1 12.5562 12.5562 0 -5252.77 -5252.77 -110.801 -121.295 -60.0564 -38.9693 228.805 8322.8 5263.43 5263.43 47.8387 82.6501 7.76099 ;
-7696.57 -206558 -8273.6 -337083 12.5562 215391 0 -5252.77 -371695 -4040.37 -3845.56 -2623.97 -956.318 9211.83 342759 5263.43 447012 1239.89 1960.77 -3871.07 ;
-32.3897 -1320.55 -58.9921 -2389.5 -0.873799 212.571 8.47705 -48.1922 -1157.33 -15.9777 -4.06569 -12.3956 -4.58285 34.6967 2390.16 47.8387 1239.89 34.6967 6.47904 -5.46044 ;
-46.0763 -1164.55 -45.9826 -1857.42 -0.75529 1376.82 153.301 -82.7136 -1544.59 -13.3482 -20.4443 -19.3179 -4.96588 56.2381 1895.92 82.6501 1960.77 6.47904 56.2381 -29.3319 ;
-39.7581 -259.94 -6.40749 -895.075 87.1358 -21900.6 -3472.59 1.85195 -1377.69 -18.8514 -13.4279 -21.0077 -1.25116 -102.724 -781.858 7.76099 -3871.07 -5.46044 -29.3319 671.458 ;
]
+++++++++++++
Iter 13

Size = 20
Data size = 210
[ 207.851 2338.85 230.493 8255 -3.64109 1773.23 500.052 221.917 7009.24 100.243 87.6911 90.8914 22.7147 -195.761 -8274.75 -222.587 -6602.22 -28.3951 -39.7765 -30.9073 ;
2338.85 37220.3 1669.05 120158 -14.2248 7107.64 1822.19 2898.38 81263.9 1133.3 990.011 954.78 319.728 -2317.99 -150526 -2900.09 -80627.7 -482.125 -468.892 -110.201 ;
230.493 1669.05 174.489 12929.9 -0.925007 431.766 120.151 284.301 8117.11 112.83 94.6196 93.6882 34.3598 -228.724 -17554.5 -284.428 -8055.97 -54.4826 -46.6582 -7.11151 ;
8255 120158 12929.9 472261 -95.4751 57303.7 11066.5 10953.5 285967 4151.72 3335.68 3236.02 1192.33 -8040.88 -492597 -10969.5 -278790 -2032.74 -1558.98 -674.447 ;
-3.64109 -14.2248 -0.925007 -95.4751 109.323 109.323 0 3.64421 3.64421 -1.35315 -2.31394 -0.792321 0 -9.60351 -63.6161 9.60368 9.60368 -0.774118 -0.42359 54.6157 ;
1773.23 7107.64 431.766 57303.7 109.323 4.08871e+06 0 3.64421 79706.3 647.749 353.594 634.375 217.035 4097.31 19115.2 9.60368 200166 208.598 1235.35 -18462.7 ;
500.052 1822.19 120.151 11066.5 0 0 2.82755e+06 0 0 142.71 39.9753 442.801 0 844.003 9306.7 0 0 224.2 131.207 -4748.99 ;
221.917 2898.38 284.301 10953.5 3.64421 3.64421 0 5098.23 5098.23 104.624 120.898 51.361 27.8413 -222.587 -9473.75 -5096.32 -5096.32 -48.7388 -76.6584 2.34828 ;
7009.24 81263.9 8117.11 285967 3.64421 79706.3 0 5098.23 337025 3533.36 3506.39 2414.02 879.769 -6602.22 -296676 -5096.32 -316975 -978.754 -1282.46 -1050.53 ;
100.243 1133.3 112.83 4151.72 -1.35315 647.749 142.71 104.624 3533.36 100.243 46.5789 41.1849 12.9266 -94.0683 -4084.99 -104.969 -3303.51 -13.1084 -10.8502 -14.3206 ;
87.6911 990.011 94.6196 3335.68 -2.31394 353.594 39.9753 120.898 3506.39 46.5789 87.6911 0 10.641 -83.532 -3276.41 -121.172 -3330.06 -3.42781 -18.0706 -10.5755 ;
90.8914 954.78 93.6882 3236.02 -0.792321 634.375 442.801 51.361 2414.02 41.1849 0 90.8914 8.61303 -84.5375 -3390.87 -51.6084 -2241.15 -10.9749 -16.6312 -16.1904 ;
22.7147 319.728 34.3598 1192.33 0 217.035 0 27.8413 879.769 12.9266 10.641 8.61303 22.7147 -22.0565 -1406.57 -27.8001 -853.042 -4.02318 -4.83629 -1.22351 ;
-195.761 -2317.99 -228.724 -8040.88 -9.60351 4097.31 844.003 -222.587 -6602.22 -94.0683 -83.532 -84.5375 -22.0565 232.98 8430.37 220.604 8091.98 30.7487 49.1513 -88.1682 ;
-8274.75 -150526 -17554.5 -492597 -63.6161 19115.2 9306.7 -9473.75 -296676 -4084.99 -3276.41 -3390.87 -1406.57 8430.37 805801 9463.57 302980 2225.3 1776.24 -603.486 ;
-222.587 -2900.09 -284.428 -10969.5 9.60368 9.60368 0 -5096.32 -5096.32 -104.969 -121.172 -51.6084 -27.8001 220.604 9463.57 5099.21 5099.21 48.4099 76.5479 6.62453 ;
-6602.22 -80627.7 -8055.97 -278790 9.60368 200166 0 -5096.32 -316975 -3303.51 -3330.06 -2241.15 -853.042 8091.98 302980 5099.21 391277 1063.17 1673.43 -3470.34 ;
-28.3951 -482.125 -54.4826 -2032.74 -0.774118 208.598 224.2 -48.7388 -978.754 -13.1084 -3.42781 -10.9749 -4.02318 30.7487 2225.3 48.4099 1063.17 30.7487 5.80215 -5.45714 ;
-39.7765 -468.892 -46.6582 -1558.98 -0.42359 1235.35 131.207 -76.6584 -1282.46 -10.8502 -18.0706 -16.6312 -4.83629 49.1513 1776.24 76.5479 1673.43 5.80215 49.1513 -23.8219 ;
-30.9073 -110.201 -7.11151 -674.447 54.6157 -18462.7 -4748.99 2.34828 -1050.53 -14.3206 -10.5755 -16.1904 -1.22351 -88.1682 -603.486 6.62453 -3470.34 -5.45714 -23.8219 492.58 ;
]
+++++++++++++
Iter 14

Size = 20
Data size = 210
[ 223.596 2526.25 253.8 9201.04 -3.83148 1915.8 451.201 216.446 7655.45 109.561 92.8243 98.092 20.2217 -210.87 -8648.68 -217.149 -7219.37 -32.3314 -43.6032 -32.4249 ;
2526.25 39825.4 4496.17 133953 -15.2663 7777.46 1261.76 2753.97 89257.4 1261.48 1047.43 1038.99 273.911 -2504.24 -153389 -2755.8 -88571.9 -544.993 -510.495 -115.15 ;
253.8 4496.17 545.033 14660.7 -1.02753 484.804 73.4113 269.823 9099.04 128.841 102.054 103.917 29.7553 -251.885 -18008.2 -269.961 -9031.87 -62.4874 -51.4345 -7.62811 ;
9201.04 133953 14660.7 547613 -102.171 63287.5 8447.49 10693.7 323651 4747.4 3627.21 3632.72 1072.45 -8972.93 -525651 -10710.8 -315873 -2390.67 -1759 -712.239 ;
-3.83148 -15.2663 -1.02753 -102.171 110.081 110.081 0 3.83457 3.83457 -1.44201 -2.41818 -0.856273 0 -9.44355 -62.3979 9.44372 9.44372 -0.768131 -0.424327 54.7453 ;
1915.8 7777.46 484.804 63287.5 110.081 4.31621e+06 0 3.83457 86052 666.576 381.111 657.139 203.254 4027.98 18838.1 9.44372 196885 203.874 1237.74 -18829.2 ;
451.201 1261.76 73.4113 8447.49 0 0 920361 0 0 143.021 38.985 395.104 0 661.979 4324.86 0 0 61.6966 127.375 -3259.74 ;
216.446 2753.97 269.823 10693.7 3.83457 3.83457 0 5002.17 5002.17 103.096 116.04 52.9256 22.9426 -217.149 -8254.69 -5000.26 -5000.26 -48.5429 -78.4925 2.47838 ;
7655.45 89257.4 9099.04 323651 3.83457 86052 0 5002.17 369254 3929.84 3744.54 2687.15 789.119 -7219.37 -315521 -5000.26 -347745 -1134.3 -1426.73 -1117.05 ;
109.561 1261.48 128.841 4747.4 -1.44201 666.576 143.021 103.096 3929.84 109.561 50.1451 45.1887 11.8745 -103.067 -4465.85 -103.458 -3685.43 -15.5629 -12.1041 -14.9486 ;
92.8243 1047.43 102.054 3627.21 -2.41818 381.111 38.985 116.04 3744.54 50.1451 92.8243 0 9.31934 -88.4297 -3391.57 -116.329 -3556.79 -3.65165 -19.1236 -11.2027 ;
98.092 1038.99 103.917 3632.72 -0.856273 657.139 395.104 52.9256 2687.15 45.1887 0 98.092 7.9054 -91.4416 -3579.67 -53.186 -2501.18 -12.6233 -18.5856 -16.8563 ;
20.2217 273.911 29.7553 1072.45 0 203.254 0 22.9426 789.119 11.8745 9.31934 7.9054 20.2217 -19.5599 -1171.89 -22.9037 -762.246 -3.57 -4.48492 -1.21861 ;
-210.87 -2504.24 -251.885 -8972.93 -9.44355 4027.98 661.979 -217.149 -7219.37 -103.067 -88.4297 -91.4416 -19.5599 247.465 8801.22 215.196 8686.18 34.6186 52.9717 -86.6611 ;
-8648.68 -153389 -18008.2 -525651 -62.3979 18838.1 4324.86 -8254.69 -315521 -4465.85 -3391.57 -3579.67 -1171.89 8801.22 758010 8244.69 321735 2364.43 1811.46 -590.637 ;
-217.149 -2755.8 -269.961 -10710.8 9.44372 9.44372 0 -5000.26 -5000.26 -103.458 -116.329 -53.186 -22.9037 215.196 8244.69 5003.06 5003.06 48.2172 78.3825 6.50718 ;
-7219.37 -88571.9 -9031.87 -315873 9.44372 196885 0 -5000.26 -347745 -3685.43 -3556.79 -2501.18 -762.246 8686.18 321735 5003.06 420896 1216.71 1818.46 -3424.68 ;
-32.3314 -544.993 -62.4874 -2390.67 -0.768131 203.874 61.6966 -48.5429 -1134.3 -15.5629 -3.65165 -12.6233 -3.57 34.6186 2364.43 48.2172 1216.71 34.6186 6.44484 -5.23863 ;
-43.6032 -510.495 -51.4345 -1759 -0.424327 1237.74 127.375 -78.4925 -1426.73 -12.1041 -19.1236 -18.5856 -4.48492 52.9717 1811.46 78.3825 1818.46 6.44484 52.9717 -23.8814 ;
-32.4249 -115.15 -7.62811 -712.239 54.7453 -18829.2 -3259.74 2.47838 -1117.05 -14.9486 -11.2027 -16.8563 -1.21861 -86.6611 -590.637 6.50718 -3424.68 -5.23863 -23.8814 491.216 ;
]
+++++++++++++
Iter 15

Size = 20
Data size = 210
[ 208.184 1653.07 359.467 8510.19 -3.45593 1720.18 408.118 218.109 7107.02 101.678 89.6307 87.5395 21.2782 -197.312 -8384.35 -218.55 -6741.97 -30.07 -39.6297 -30.2597 ;
1653.07 16943.6 3144.48 83791.9 -9.09647 5803.89 855.024 1944.42 57909.7 814.747 710.179 658.815 194.8 -1637.3 -97982.7 -1945.2 -57427.9 -335.864 -328.094 -90.5288 ;
359.467 3144.48 758.493 19749.4 -1.03036 834.439 101.741 414.96 12784.4 180.335 150.017 142.378 45.4834 -355.613 -24865.7 -415.133 -12644 -83.2793 -71.7736 -13.7699 ;
8510.19 83791.9 19749.4 499710 -79.5649 57555.4 6840.58 10733 299077 4379.21 3468.47 3205.86 1119.13 -8313.17 -506808 -10744.3 -292340 -2198.35 -1590.9 -669.228 ;
-3.45593 -9.09647 -1.03036 -79.5649 167.036 167.036 0 10.971 10.971 -0.815553 -2.59681 -0.46236 0 -8.99836 -43.4627 10.3502 10.3502 -0.879235 -0.350359 36.789 ;
1720.18 5803.89 834.439 57555.4 167.036 4.176e+06 0 10.971 77113.5 611.336 342.306 575.433 206.516 4279.9 20393.5 10.3502 208492 222.156 1241.96 -19447.9 ;
408.118 855.024 101.741 6840.58 0 0 272694 0 0 125.824 42.8697 348.93 0 702.333 3347.18 0 0 11.1569 140.966 -3152.41 ;
218.109 1944.42 414.96 10733 10.971 10.971 0 5018.92 5018.92 103.204 117.508 51.8903 25.3006 -218.55 -8888.76 -5015.49 -5015.49 -48.6191 -77.3772 1.53072 ;
7107.02 57909.7 12784.4 299077 10.971 77113.5 0 5018.92 342287 3639 3592.14 2356.67 821.162 -6741.97 -304062 -5015.49 -324276 -1053.88 -1303.06 -1055.37 ;
101.678 814.747 180.335 4379.21 -0.815553 611.336 125.824 103.204 3639 101.678 48.1491 40.0201 12.2612 -96.2823 -4264.85 -103.439 -3433.11 -14.2412 -11.0811 -13.9847 ;
89.6307 710.179 150.017 3468.47 -2.59681 342.306 42.8697 117.508 3592.14 48.1491 89.6307 0 9.71312 -85.7186 -3329.44 -117.651 -3427.86 -3.52131 -18.3082 -10.3838 ;
87.5395 658.815 142.378 3205.86 -0.46236 575.433 348.93 51.8903 2356.67 40.0201 0 87.5395 8.44035 -82.002 -3388.69 -52.0694 -2208.9 -11.2253 -15.8063 -15.6598 ;
21.2782 194.8 45.4834 1119.13 0 206.516 0 25.3006 821.162 12.2612 9.71312 8.44035 21.2782 -20.6528 -1264.04 -25.2815 -795.706 -3.76222 -4.62289 -1.1883 ;
-197.312 -1637.3 -355.613 -8313.17 -8.99836 4279.9 702.333 -218.55 -6741.97 -96.2823 -85.7186 -82.002 -20.6528 236.411 8547.81 216.685 8300.67 32.5897 49.1005 -92.9402 ;
-8384.35 -97982.7 -24865.7 -506808 -43.4627 20393.5 3347.18 -8888.76 -304062 -4264.85 -3329.44 -3388.69 -1264.04 8547.81 787624 8880.93 310738 2303.44 1767.14 -637.089 ;
-218.55 -1945.2 -415.133 -10744.3 10.3502 10.3502 0 -5015.49 -5015.49 -103.439 -117.651 -52.0694 -25.2815 216.685 8880.93 5018.23 5018.23 48.2253 77.28 5.13264 ;
-6741.97 -57427.9 -12644 -292340 10.3502 208492 0 -5015.49 -324276 -3433.11 -3427.86 -2208.9 -795.706 8300.67 310738 5018.23 401882 1143.1 1693.92 -3686.72 ;
-30.07 -335.864 -83.2793 -2198.35 -0.879235 222.156 11.1569 -48.6191 -1053.88 -14.2412 -3.52131 -11.2253 -3.76222 32.5897 2303.44 48.2253 1143.1 32.5897 6.02397 -5.82 ;
-39.6297 -328.094 -71.7736 -1590.9 -0.350359 1241.96 140.966 -77.3772 -1303.06 -11.0811 -18.3082 -15.8063 -4.62289 49.1005 1767.14 77.28 1693.92 6.02397 49.1005 -24.633 ;
-30.2597 -90.5288 -13.7699 -669.228 36.789 -19447.9 -3152.41 1.53072 -1055.37 -13.9847 -10.3838 -15.6598 -1.1883 -92.9402 -637.089 5.13264 -3686.72 -5.82 -24.633 520.758 ;
]
+++++++++++++
Iter 16

Size = 20
Data size = 210
[ 217.313 1726.69 376.919 9056.51 -3.5687 1801.08 391.219 214.743 7481.24 107.046 92.5286 91.7502 19.8733 -206.146 -8583.69 -215.206 -7099.16 -32.341 -41.8712 -30.8531 ;
1726.69 17626 4171.89 89056.4 -9.41928 6093.04 795.08 1891.8 61033.6 863.183 732.34 692.234 177.94 -1710.66 -99025.4 -1892.63 -60530.9 -359.407 -345.442 -91.6046 ;
376.919 4171.89 1052 21039.9 -1.07942 882.498 94.1373 401.112 13531 192.273 155.324 150.172 41.4542 -372.927 -25042.7 -401.293 -13383.3 -89.1562 -75.6047 -14.1011 ;
9056.51 89056.4 21039.9 543149 -82.4606 60721.1 6548.45 10555.9 321021 4721.19 3637.37 3431.27 1047.58 -8852.52 -523874 -10567.8 -313937 -2404.62 -1709.77 -685.535 ;
-3.5687 -9.41928 -1.07942 -82.4606 165.832 165.832 0 10.6804 10.6804 -0.848078 -2.6773 -0.484548 0 -8.93353 -43.1478 10.1689 10.1689 -0.874587 -0.351995 36.9562 ;
1801.08 6093.04 882.498 60721.1 165.832 4.29641e+06 0 10.6804 80743.6 627.361 359.876 592.997 203.138 4251.26 20306.9 10.1689 207165 219.559 1249.84 -19689.8 ;
391.219 795.08 94.1373 6548.45 0 0 203974 0 0 118.325 39.4968 336.191 0 637.729 2834.44 0 0 5.75175 125.597 -2803.5 ;
214.743 1891.8 401.112 10555.9 10.6804 10.6804 0 4958.22 4958.22 102.357 114.756 52.8673 22.7331 -215.206 -8156.96 -4954.9 -4954.9 -48.1468 -78.3003 1.59209 ;
7481.24 61033.6 13531 321021 10.6804 80743.6 0 4958.22 361023 3867.68 3727.75 2513.91 769.236 -7099.16 -314216 -4954.9 -342158 -1145.78 -1388.94 -1094.69 ;
107.046 863.183 192.273 4721.19 -0.848078 627.361 118.325 102.357 3867.68 107.046 50.1602 42.347 11.6291 -101.503 -4463.5 -102.599 -3653.3 -15.6492 -11.8163 -14.2081 ;
92.5286 732.34 155.324 3637.37 -2.6773 359.876 39.4968 114.756 3727.75 50.1602 92.5286 0 8.97984 -88.4862 -3388.75 -114.914 -3556.29 -3.6682 -18.9279 -10.7224 ;
91.7502 692.234 150.172 3431.27 -0.484548 592.997 336.191 52.8673 2513.91 42.347 0 91.7502 8.04974 -86.0997 -3494.48 -53.0523 -2358.78 -12.1427 -16.8975 -15.8058 ;
19.8733 177.94 41.4542 1047.58 0 203.138 0 22.7331 769.236 11.6291 8.97984 8.04974 19.8733 -19.2408 -1132.78 -22.7147 -743.491 -3.48403 -4.44245 -1.19659 ;
-206.146 -1710.66 -372.927 -8852.52 -8.93353 4251.26 637.729 -215.206 -7099.16 -101.503 -88.4862 -86.0997 -19.2408 244.743 8744.8 213.351 8647.91 34.8313 51.3163 -91.5732 ;
-8583.69 -99025.4 -25042.7 -523874 -43.1478 20306.9 2834.44 -8156.96 -314216 -4463.5 -3388.75 -3494.48 -1132.78 8744.8 756954 8149.18 320860 2370.49 1786.97 -626.7 ;
-215.206 -1892.63 -401.293 -10567.8 10.1689 10.1689 0 -4954.9 -4954.9 -102.599 -114.914 -53.0523 -22.7147 213.351 8149.18 4957.58 4957.58 47.7551 78.2028 5.10393 ;
-7099.16 -60530.9 -13383.3 -313937 10.1689 207165 0 -4954.9 -342158 -3653.3 -3556.29 -2358.78 -743.491 8647.91 320860 4957.58 419265 1233.93 1782.06 -3671.59 ;
-32.341 -359.407 -89.1562 -2404.62 -0.874587 219.559 5.75175 -48.1468 -1145.78 -15.6492 -3.6682 -12.1427 -3.48403 34.8313 2370.49 47.7551 1233.93 34.8313 6.43235 -5.73671 ;
-41.8712 -345.442 -75.6047 -1709.77 -0.351995 1249.84 125.597 -78.3003 -1388.94 -11.8163 -18.9279 -16.8975 -4.44245 51.3163 1786.97 78.2028 1782.06 6.43235 51.3163 -24.5535 ;
-30.8531 -91.6046 -14.1011 -685.535 36.9562 -19689.8 -2803.5 1.59209 -1094.69 -14.2081 -10.7224 -15.8058 -1.19659 -91.5732 -626.7 5.10393 -3671.59 -5.73671 -24.5535 515.333 ;
]
+++++++++++++
Iter 18

Size = 20
Data size = 210
[ 203.729 872.905 339.545 8388.77 -3.29501 1510.08 372.501 220.19 6914.66 98.8532 84.9052 89.0413 21.0474 -195.152 -8294.32 -220.738 -6642.56 -29.8339 -39.63 -25.0849 ;
872.905 4462.25 961.427 41585.3 -6.65547 3492.36 556.976 1044.14 30187.2 425.952 367.845 363.961 97.4732 -864.325 -46095.4 -1044.93 -29951.4 -161.643 -173.422 -50.4038 ;
339.545 961.427 945.308 16616.7 -1.49038 1253.64 189.862 378.985 11976.9 173.859 139.607 139.611 40.6604 -327.54 -19531.9 -379.585 -11525.4 -68.3381 -67.2641 -22.3754 ;
8388.77 41585.3 16616.7 491758 -80.623 50513.3 6345.28 10766.6 293946 4319.07 3291.84 3304.3 1120.57 -8222.99 -498731 -10780 -288553 -2181.76 -1591.68 -553.457 ;
-3.29501 -6.65547 -1.49038 -80.623 119.942 119.942 0 3.29808 3.29808 -1.03416 -2.22226 -0.637004 0 -10.1575 -59.6417 10.1576 10.1576 -0.782553 -0.426007 49.1819 ;
1510.08 3492.36 1253.64 50513.3 119.942 3.87354e+06 0 3.29808 67473.3 550.89 273.87 555.92 234.111 4170.94 18692.6 10.1576 203194 224.726 1214.52 -17447.9 ;
372.501 556.976 189.862 6345.28 0 0 214111 0 0 106.081 39.1475 317.265 0 641.627 2619.22 0 0 5.31114 124.759 -2590.17 ;
220.19 1044.14 378.985 10766.6 3.29808 3.29808 0 5055.51 5055.51 103.967 120.093 51.4503 25.2145 -220.738 -8956.73 -5054.87 -5054.87 -49.4651 -77.3001 1.96015 ;
6914.66 30187.2 11976.9 293946 3.29808 67473.3 0 5055.51 332880 3521.95 3386.07 2419.7 816.042 -6642.56 -300570 -5054.87 -319518 -1043.31 -1295.18 -830.014 ;
98.8532 425.952 173.859 4319.07 -1.03416 550.89 106.081 103.967 3521.95 98.8532 45.3301 40.7323 12.0834 -95.0051 -4217.49 -104.181 -3378.67 -14.1343 -11.2093 -11.0129 ;
84.9052 367.845 139.607 3291.84 -2.22226 273.87 39.1475 120.093 3386.07 45.3301 84.9052 0 9.92912 -81.8992 -3237.3 -120.361 -3266.23 -3.32599 -17.4514 -8.73332 ;
89.0413 363.961 139.611 3304.3 -0.637004 555.92 317.265 51.4503 2419.7 40.7323 0 89.0413 8.09656 -84.3726 -3435.81 -51.605 -2298.05 -11.4991 -16.6718 -13.2692 ;
21.0474 97.4732 40.6604 1120.57 0 234.111 0 25.2145 816.042 12.0834 9.92912 8.09656 21.0474 -20.4231 -1253.34 -25.2109 -790.657 -3.68892 -4.49504 -1.15773 ;
-195.152 -864.325 -327.54 -8222.99 -10.1575 4170.94 641.627 -220.738 -6642.56 -95.0051 -81.8992 -84.3726 -20.4231 234.966 8451.57 218.496 8223.64 32.5086 49.0521 -88.4564 ;
-8294.32 -46095.4 -19531.9 -498731 -59.6417 18692.6 2619.22 -8956.73 -300570 -4217.49 -3237.3 -3435.81 -1253.34 8451.57 765584 8946.03 306976 2271.14 1758.46 -580.189 ;
-220.738 -1044.93 -379.585 -10780 10.1576 10.1576 0 -5054.87 -5054.87 -104.181 -120.361 -51.605 -25.2109 218.496 8946.03 5057.18 5057.18 49.0506 77.1706 7.02458 ;
-6642.56 -29951.4 -11525.4 -288553 10.1576 203194 0 -5054.87 -319518 -3378.67 -3266.23 -2298.05 -790.657 8223.64 306976 5057.18 398180 1138.31 1683.75 -3477.23 ;
-29.8339 -161.643 -68.3381 -2181.76 -0.782553 224.726 5.31114 -49.4651 -1043.31 -14.1343 -3.32599 -11.4991 -3.68892 32.5086 2271.14 49.0506 1138.31 32.5086 6.10752 -5.96287 ;
-39.63 -173.422 -67.2641 -1591.68 -0.426007 1214.52 124.759 -77.3001 -1295.18 -11.2093 -17.4514 -16.6718 -4.49504 49.0521 1758.46 77.1706 1683.75 6.10752 49.0521 -23.2685 ;
-25.0849 -50.4038 -22.3754 -553.457 49.1819 -17447.9 -2590.17 1.96015 -830.014 -11.0129 -8.73332 -13.2692 -1.15773 -88.4564 -580.189 7.02458 -3477.23 -5.96287 -23.2685 454.403 ;
]
+++++++++++++
Iter 19

Size = 20
Data size = 210
[ 215.303 923.657 360.329 9050.88 -3.4011 1647.27 371.926 217.147 7406.35 105.504 88.8621 94.1763 19.4926 -206.274 -8579.17 -217.712 -7113.22 -32.5152 -42.5214 -26.2407 ;
923.657 4723.22 1447.09 44893 -6.89953 3849.7 553.801 1025.54 32351.3 456.752 384.698 386.104 88.7436 -914.777 -47398.6 -1026.36 -32102.6 -175.913 -185.881 -52.335 ;
360.329 1447.09 1173.22 17962.7 -1.55877 1385.11 189.43 370.745 12868.5 187.003 146.484 148.472 37.2898 -347.468 -20013.2 -371.36 -12376.8 -74.3082 -72.0067 -23.861 ;
