Iter 0

Size = 21
Data size = 231
[ 2.56558e+06 44799.3 1.70525e+06 303077 22076.2 799993 220187 11186.4 7016.11 9344.61 2978.83 -19868.2 -1.655e+06 -6946.56 -5497.56 -14370.6 -2119.92 -193421 -245.222 -53840 -44051.3 ;
44799.3 0 0 0 0 0 0 0 0 0 0 0 0 0 0 0 0 0 0 0 0 ;
1.70525e+06 0 1.80902e+06 241843 19297.1 772364 206619 10888.4 6254.86 9066.58 1835.97 -18618.9 -1.11625e+06 -6930.14 -5778.75 -12840.1 -2703.86 -129157 -492.944 -74210.4 -49948.2 ;
303077 0 241843 102534 278.933 107752 30417.8 1550.67 798.822 1413.92 -240.893 -2369.38 -141140 -927.063 -846.693 -1522.69 -703.48 -52518.9 55.0011 -18911.3 -11366.8 ;
22076.2 0 19297.1 278.933 7844.25 7844.25 0 155.75 186 88.2778 84.5556 -327.472 -16480.6 -70.1944 -111.222 -216.25 -19.2222 43.8611 -582 -582 0 ;
799993 0 772364 107752 7844.25 688481 0 7448.75 5577.5 5610.56 1269.83 -12162.2 -551453 -2763.22 -3491.25 -8670.94 -2101.94 -38820.7 -582 -104816 0 ;
220187 0 206619 30417.8 0 0 307882 1739.22 361.556 3673.97 323.528 -3032.97 -134326 -561.639 -801.25 -2231.72 -1226.72 -36403.6 0 0 -90410.4 ;
11186.4 0 10888.4 1550.67 155.75 7448.75 1739.22 198.083 74.5833 88.6111 17.9444 -166.167 -7475.25 -35.9444 -27.7222 -138.444 -31.9167 -712.842 -1 -1044.25 -437.111 ;
7016.11 0 6254.86 798.822 186 5577.5 361.556 74.5833 136.333 0 16.5556 -116.667 -4900.58 -6.83333 -30.0278 -86.6389 -19.6667 -381.217 -13 -734.75 -96.2778 ;
9344.61 0 9066.58 1413.92 88.2778 5610.56 3673.97 88.6111 0 184.194 12.6944 -143.222 -6008.72 -26.5833 -44.6944 -98.5278 -40.9722 -832.629 -2.88889 -1007.03 -1097.11 ;
2978.83 0 1835.97 -240.893 84.5556 1269.83 323.528 17.9444 16.5556 12.6944 34.6944 -31.9722 -2382.19 -5.94444 -6.69444 -25.2778 -2.72222 -250.244 -4.77778 -79.6667 -57.8889 ;
-19868.2 0 -18618.9 -2369.38 -327.472 -12162.2 -3032.97 -166.167 -116.667 -143.222 -31.9722 391.167 16057.1 80.0278 116.861 274.306 -64.3333 -1300.72 -10.2222 -1954.44 -1039.22 ;
-1.655e+06 0 -1.11625e+06 -141140 -16480.6 -551453 -134326 -7475.25 -4900.58 -6008.72 -2382.19 16057.1 1.51578e+06 5514.67 4294.83 11762.2 -1416.78 -131435 25.1111 -37788.8 -27531 ;
-6946.56 0 -6930.14 -927.063 -70.1944 -2763.22 -561.639 -35.9444 -6.83333 -26.5833 -5.94444 80.0278 5514.67 80.0278 25.8056 54.2222 -6.88889 -335.289 -1.44444 -176.222 -137.889 ;
-5497.56 0 -5778.75 -846.693 -111.222 -3491.25 -801.25 -27.7222 -30.0278 -44.6944 -6.69444 116.861 4294.83 25.8056 116.861 0 -21.5556 -410.518 -4.22222 -642 -338 ;
-14370.6 0 -12840.1 -1522.69 -216.25 -8670.94 -2231.72 -138.444 -86.6389 -98.5278 -25.2778 274.306 11762.2 54.2222 0 274.306 -42.7778 -890.206 -6 -1312.44 -701.222 ;
-2119.92 0 -2703.86 -703.48 -19.2222 -2101.94 -1226.72 -31.9167 -19.6667 -40.9722 -2.72222 -64.3333 -1416.78 -6.88889 -21.5556 -42.7778 134.667 2855.8 29.4444 4056.39 2265.94 ;
-193421 0 -129157 -52518.9 43.8611 -38820.7 -36403.6 -712.842 -381.217 -832.629 -250.244 -1300.72 -131435 -335.289 -410.518 -890.206 2855.8 359003 -121.472 73663.8 61950.5 ;
-245.222 0 -492.944 55.0011 -582 -582 0 -1 -13 -2.88889 -4.77778 -10.2222 25.1111 -1.44444 -4.22222 -6 29.4444 -121.472 1002 1002 0 ;
-53840 0 -74210.4 -18911.3 -582 -104816 0 -1044.25 -734.75 -1007.03 -79.6667 -1954.44 -37788.8 -176.222 -642 -1312.44 4056.39 73663.8 1002 202778 0 ;
-44051.3 0 -49948.2 -11366.8 0 0 -90410.4 -437.111 -96.2778 -1097.11 -57.8889 -1039.22 -27531 -137.889 -338 -701.222 2265.94 61950.5 0 0 166694 ;
]
+++++++++++++
Iter 1

Size = 21
Data size = 231
[ 1.70771e+06 49699 1.09536e+06 190631 17303.7 585229 152525 8279.38 5559.34 6830.25 2340.74 -15360 -1.21284e+06 -4629.89 -4012.62 -11347.3 -695.199 -34486 -89.1298 -14460.7 -7288.42 ;
49699 1198.5 23361 4287.14 329.786 11726.1 2980.05 165.2 105.899 135.817 49.9826 -306.947 -27407.8 -101.73 -78.5272 -228.42 -12.0548 -729.528 -0.86744 -247.973 -121.138 ;
1.09536e+06 23361 1.00764e+06 134108 15641.2 511687 136987 7460.03 4663 6100.38 1524.27 -13409.9 -792679 -4210.62 -3828.9 -9580.96 -904.932 -26899.4 -181.245 -21441.5 -9610.04 ;
190631 4287.14 134108 61289.9 407.27 68578 17834.3 1025.11 566.265 939.704 -204.562 -1693.77 -107988 -531.112 -581.257 -1112.51 -289.206 -12745.7 47.7918 -6334.07 -2462.85 ;
17303.7 329.786 15641.2 407.27 7034.3 7034.3 0 144.367 173.131 79.308 71.9474 -301.325 -12248.8 -57.2951 -100.95 -200.375 -10.9633 40.5338 -367.122 -367.122 0 ;
585229 11726.1 511687 68578 7034.3 513764 0 5615.96 4434.36 4251.02 1088.52 -9990.63 -437141 -1840.17 -2711.75 -7278.89 -721.418 -9631.36 -367.122 -34505.6 0 ;
152525 2980.05 136987 17834.3 0 0 245222 1434.24 307.846 2920.46 276.626 -3038.05 -111928 -406.834 -772.817 -2265.23 -349.875 -4783.51 0 0 -25893.7 ;
8279.38 165.2 7460.03 1025.11 144.367 5615.96 1434.24 153.094 60.2941 68.888 15.7072 -140.429 -6056.35 -25.0679 -22.806 -117.623 -12.6656 -228.187 0.0853123 -378.292 -109.24 ;
5559.34 105.899 4663 566.265 173.131 4434.36 307.846 60.2941 110.348 0 14.4185 -101.846 -4138.25 -5.07299 -25.439 -76.4072 -8.50209 -140.422 -9.4541 -255.834 -40.9295 ;
6830.25 135.817 6100.38 939.704 79.308 4251.02 2920.46 68.888 0 142.651 10.8526 -127.149 -4925.79 -18.9919 -37.6664 -89.483 -15.5013 -194.321 -0.376822 -339.911 -302.562 ;
2340.74 49.9826 1524.27 -204.562 71.9474 1088.52 276.626 15.7072 14.4185 10.8526 29.7921 -28.9585 -2018.29 -5.35171 -5.74109 -23.2174 -0.833601 -41.3759 -2.87359 -27.3239 -9.57031 ;
-15360 -306.947 -13409.9 -1693.77 -301.325 -9990.63 -3038.05 -140.429 -101.846 -127.149 -28.9585 333.486 12706 56.3813 96.659 236.827 -56.4788 -845.128 -3.04735 -1695.8 -600.686 ;
-1.21284e+06 -27407.8 -792679 -107988 -12248.8 -437141 -111928 -6056.35 -4138.25 -4925.79 -2018.29 12706 1.09466e+06 3868.45 3281.95 9424.09 -1033.49 -46333.1 171.906 -25399.4 -11644.6 ;
-4629.89 -101.73 -4210.62 -531.112 -57.2951 -1840.17 -406.834 -25.0679 -5.07299 -18.9919 -5.35171 56.3813 3868.45 56.3813 16.5655 39.8158 -6.63239 -259.172 0.377287 -155.028 -106.286 ;
-4012.62 -78.5272 -3828.9 -581.257 -100.95 -2711.75 -772.817 -22.806 -25.439 -37.6664 -5.74109 96.659 3281.95 16.5655 96.659 0 -19.9698 -328.398 -2.54136 -598.318 -222.909 ;
-11347.3 -228.42 -9580.96 -1112.51 -200.375 -7278.89 -2265.23 -117.623 -76.4072 -89.483 -23.2174 236.827 9424.09 39.8158 0 236.827 -36.509 -516.73 -0.505991 -1097.48 -377.777 ;
-695.199 -12.0548 -904.932 -289.206 -10.9633 -721.418 -349.875 -12.6656 -8.50209 -15.5013 -0.833601 -56.4788 -1033.49 -6.63239 -19.9698 -36.509 84.4506 1292.72 14.0106 2417.22 950.561 ;
-34486 -729.528 -26899.4 -12745.7 40.5338 -9631.36 -4783.51 -228.187 -140.422 -194.321 -41.3759 -845.128 -46333.1 -259.172 -328.398 -516.73 1292.72 78126 -223.89 29627.8 13757 ;
-89.1298 -0.86744 -181.245 47.7918 -367.122 -367.122 0 0.0853123 -9.4541 -0.376822 -2.87359 -3.04735 171.906 0.377287 -2.54136 -0.505991 14.0106 -223.89 676.177 676.177 0 ;
-14460.7 -247.973 -21441.5 -6334.07 -367.122 -34505.6 0 -378.292 -255.834 -339.911 -27.3239 -1695.8 -25399.4 -155.028 -598.318 -1097.48 2417.22 29627.8 676.177 117271 0 ;
-7288.42 -121.138 -9610.04 -2462.85 0 0 -25893.7 -109.24 -40.9295 -302.562 -9.57031 -600.686 -11644.6 -106.286 -222.909 -377.777 950.561 13757 0 0 69758.8 ;
]
+++++++++++++
Iter 3

Size = 21
Data size = 231
[ 277462 11550.3 315677 35002.4 7448.71 210005 65861.1 2910.2 2550.61 2291.54 1066.06 -5684.24 -410194 -1194.06 -1058.66 -4625.59 -192.568 -4648.21 -24.2345 -5058.65 -2593.8 ;
11550.3 1039.02 27435.2 3207.34 584.844 16989.3 5315.93 230.679 198.768 184.655 93.6692 -459.987 -39055.7 -108.564 -84.7176 -375.269 -12.246 -364.421 -0.923433 -316.062 -150.683 ;
315677 27435.2 487031 40434.4 10952.6 310940 93419 4601.58 3694.86 3309.73 1408.4 -8259.43 -458752 -1864.28 -1539.8 -6719.63 -469.385 -7264.9 -67.6274 -13875.6 -5868.74 ;
35002.4 3207.34 40434.4 21916 195.797 29530.3 10274 439.759 345.999 402.063 -185.24 -743.751 -33897.8 -123.48 -156.868 -586.883 -141.342 -3359.09 13.5542 -3890.99 -1356.63 ;
7448.71 584.844 10952.6 195.797 5524.13 5524.13 0 118.792 143.189 57.347 60.7334 -242.394 -10054.4 -37.986 -75.0043 -167.39 -4.75283 0.736891 -153.255 -153.255 0 ;
210005 16989.3 310940 29530.3 5524.13 379536 0 4187.09 3953.14 2659.8 1041.55 -7228.44 -293878 -965.69 -1340.93 -5887.51 -610.966 -4933.02 -153.255 -30321.6 0 ;
65861.1 5315.93 93419 10274 0 0 202787 1201.48 295.636 2368.66 255.889 -2516.95 -91399.2 -251.215 -431.244 -2085.71 -281.476 -2249.39 0 0 -20967.9 ;
2910.2 230.679 4601.58 439.759 118.792 4187.09 1201.48 114.829 53.3691 46.7087 14.5725 -105.033 -3954.68 -12.5752 -10.7725 -94.26 -9.79688 -91.5693 -0.173415 -353.79 -86.4741 ;
2550.61 198.768 3694.86 345.999 143.189 3953.14 295.636 53.3691 97.1747 0 13.2482 -90.2121 -3414.36 -4.03716 -18.2397 -71.9724 -6.96259 -56.6762 -4.38943 -259.787 -29.7103 ;
2291.54 184.655 3309.73 402.063 57.347 2659.8 2368.66 46.7087 0 96.386 10.4963 -86.188 -3179.99 -9.43134 -16.3912 -69.7968 -10.198 -75.0517 -0.525477 -260.902 -246.126 ;
1066.06 93.6692 1408.4 -185.24 60.7334 1041.55 255.889 14.5725 13.2482 10.4963 28.0299 -27.4071 -1830.07 -5.30801 -5.83297 -21.5741 -0.622818 -6.32025 -1.37557 -22.6445 -4.77694 ;
-5684.24 -459.987 -8259.43 -743.751 -242.394 -7228.44 -2516.95 -105.033 -90.2121 -86.188 -27.4071 258.826 8792.15 31.6485 53.8953 204.931 -53.1485 -532.626 2.46879 -1780.59 -463.537 ;
-410194 -39055.7 -458752 -33897.8 -10054.4 -293878 -91399.2 -3954.68 -3414.36 -3179.99 -1830.07 8792.15 772870 2064.36 1697.25 7094.9 -724.628 -19387.6 144.765 -20196.6 -7168.77 ;
-1194.06 -108.564 -1864.28 -123.48 -37.986 -965.69 -251.215 -12.5752 -4.03716 -9.43134 -5.30801 31.6485 2064.36 31.6485 5.95383 25.6947 -5.04394 -111.433 0.721785 -137.725 -66.8648 ;
-1058.66 -84.7176 -1539.8 -156.868 -75.0043 -1340.93 -431.244 -10.7725 -18.2397 -16.3912 -5.83297 53.8953 1697.25 5.95383 53.8953 0 -14.05 -143.748 -0.257027 -473.053 -122.421 ;
-4625.59 -375.269 -6719.63 -586.883 -167.39 -5887.51 -2085.71 -94.26 -71.9724 -69.7968 -21.5741 204.931 7094.9 25.6947 0 204.931 -39.0985 -388.878 2.72582 -1307.54 -341.116 ;
-192.568 -12.246 -469.385 -141.342 -4.75283 -610.966 -281.476 -9.79688 -6.96259 -10.198 -0.622818 -53.1485 -724.628 -5.04394 -14.05 -39.0985 72.797 709.754 2.28404 2391.55 745.013 ;
-4648.21 -364.421 -7264.9 -3359.09 0.736891 -4933.02 -2249.39 -91.5693 -56.6762 -75.0517 -6.32025 -532.626 -19387.6 -111.433 -143.748 -388.878 709.754 23163.6 -123.296 19248.9 7254.75 ;
-24.2345 -0.923433 -67.6274 13.5542 -153.255 -153.255 0 -0.173415 -4.38943 -0.525477 -1.37557 2.46879 144.765 0.721785 -0.257027 2.72582 2.28404 -123.296 300.448 300.448 0 ;
-5058.65 -316.062 -13875.6 -3890.99 -153.255 -30321.6 0 -353.79 -259.787 -260.902 -22.6445 -1780.59 -20196.6 -137.725 -473.053 -1307.54 2391.55 19248.9 300.448 118905 0 ;
-2593.8 -150.683 -5868.74 -1356.63 0 0 -20967.9 -86.4741 -29.7103 -246.126 -4.77694 -463.537 -7168.77 -66.8648 -122.421 -341.116 745.013 7254.75 0 0 54967.6 ;
]
+++++++++++++
Iter 4

Size = 21
Data size = 231
[ 295485 32901.5 365239 58110.5 7144.56 228072 64869.8 3312.51 2611.66 2537.44 706.201 -6191.45 -420781 -1512.69 -1233.74 -4957.71 -141.731 -1799.76 -13.846 -3649.06 -2172.08 ;
32901.5 3651.24 36316 6202.1 635.893 21215.1 5740.87 305.878 231.482 233.365 66.4935 -571.952 -44520.8 -158.208 -114.2 -457.752 -9.34083 -135.343 -0.554289 -231.724 -133.535 ;
365239 36316 577617 68760 11446.5 337563 99026.3 5168.21 3840.63 3700.34 1064.17 -9146.35 -519197 -2398.91 -1742.75 -7403.59 -388.78 -3412.6 -46.8397 -11500.5 -5352.7 ;
58110.5 6202.1 68760 28366.2 557.766 40829.9 12223 644.373 455.945 517.626 -104.4 -1114.32 -76268.4 -274.744 -258.462 -855.857 -101.319 -1192.27 7.416 -2922.18 -1120.66 ;
7144.56 635.893 11446.5 557.766 5451.16 5451.16 0 110.859 130.177 59.9553 39.8936 -236.648 -8835.47 -47.2323 -83.0854 -153.562 -3.09833 1.39065 -112.438 -112.438 0 ;
228072 21215.1 337563 40829.9 5451.16 382384 0 4290.78 3913.92 2711.78 847.268 -7363.33 -315488 -1145.2 -1392.58 -5970.75 -551.476 -3066.23 -112.438 -27496 0 ;
64869.8 5740.87 99026.3 12223 0 0 204858 1219.37 296.644 2376.43 190.858 -2548.33 -83883.5 -284.251 -464.881 -2083.45 -276.193 -1697.17 0 0 -20645.2 ;
3312.51 305.878 5168.21 644.373 110.859 4290.78 1219.37 118.566 53.93 48.6341 12.1962 -109.745 -4506.07 -16.0878 -12.306 -97.4393 -8.82078 -53.7296 0.0389982 -320.175 -82.8814 ;
2611.66 231.482 3840.63 455.945 130.177 3913.92 296.644 53.93 97.0048 0 10.5118 -90.6982 -3452.97 -4.057 -18.7224 -71.9758 -6.30656 -37.2773 -2.98961 -236.236 -30.0828 ;
2537.44 233.365 3700.34 517.626 59.9553 2711.78 2376.43 48.6341 0 99.0345 8.8498 -89.5442 -3437.9 -11.639 -17.8644 -71.6798 -9.49024 -59.8187 -0.270832 -240.123 -240.302 ;
706.201 66.4935 1064.17 -104.4 39.8936 847.268 190.858 12.1962 10.5118 8.8498 22.2738 -21.7255 -1121.87 -3.81989 -4.84592 -16.8795 -0.548393 -2.37677 -0.947793 -21.8309 -1.43486 ;
-6191.45 -571.952 -9146.35 -1114.32 -236.648 -7363.33 -2548.33 -109.745 -90.6982 -89.5442 -21.7255 264.03 9027.94 35.6387 55.9086 208.121 -51.7722 -317.91 2.16052 -1882.26 -439.829 ;
-420781 -44520.8 -519197 -76268.4 -8835.47 -315488 -83883.5 -4506.07 -3452.97 -3437.9 -1121.87 9027.94 724261 2385.61 1847.81 7180.13 -491.031 -6819.02 69.6208 -15296.3 -5281.26 ;
-1512.69 -158.208 -2398.91 -274.744 -47.2323 -1145.2 -284.251 -16.0878 -4.057 -11.639 -3.81989 35.6387 2385.61 35.6387 6.53955 29.0992 -3.91755 -42.6288 0.542903 -117.852 -49.6435 ;
-1233.74 -114.2 -1742.75 -258.462 -83.0854 -1392.58 -464.881 -12.306 -18.7224 -17.8644 -4.84592 55.9086 1847.81 6.53955 55.9086 0 -13.3824 -90.477 -0.121725 -492.744 -107.83 ;
-4957.71 -457.752 -7403.59 -855.857 -153.562 -5970.75 -2083.45 -97.4393 -71.9758 -71.6798 -16.8795 208.121 7180.13 29.0992 0 208.121 -38.3898 -227.433 2.28225 -1389.52 -331.999 ;
-141.731 -9.34083 -388.78 -101.319 -3.09833 -551.476 -276.193 -8.82078 -6.30656 -9.49024 -0.548393 -51.7722 -491.031 -3.91755 -13.3824 -38.3898 69.5494 429.251 0.937807 2433.74 716.022 ;
-1799.76 -135.343 -3412.6 -1192.27 1.39065 -3066.23 -1697.17 -53.7296 -37.2773 -59.8187 -2.37677 -317.91 -6819.02 -42.6288 -90.477 -227.433 429.251 6668.14 -50.3162 12697.9 5055.53 ;
-13.846 -0.554289 -46.8397 7.416 -112.438 -112.438 0 0.0389982 -2.98961 -0.270832 -0.947793 2.16052 69.6208 0.542903 -0.121725 2.28225 0.937807 -50.3162 199.606 199.606 0 ;
-3649.06 -231.724 -11500.5 -2922.18 -112.438 -27496 0 -320.175 -236.236 -240.123 -21.8309 -1882.26 -15296.3 -117.852 -492.744 -1389.52 2433.74 12697.9 199.606 121199 0 ;
-2172.08 -133.535 -5352.7 -1120.66 0 0 -20645.2 -82.8814 -30.0828 -240.302 -1.43486 -439.829 -5281.26 -49.6435 -107.83 -331.999 716.022 5055.53 0 0 52956 ;
]
+++++++++++++
Iter 5

Size = 21
Data size = 231
[ 167855 22516.1 257321 39999.7 5564.4 169127 49788.1 2358.62 1926.13 1932.46 459.7 -4630.41 -302387 -1099.43 -995.377 -3635.03 -86.455 -685.132 10.2592 -2439.06 -1424.96 ;
22516.1 3216.26 33090.7 5532.43 651.655 20320.5 5611.6 281.758 220.446 228.955 55.8119 -551.181 -41741.3 -148.797 -118.188 -432.992 -6.9298 -56.7713 1.06572 -190.89 -104.897 ;
257321 33090.7 499014 57430.2 11044.6 304076 92071.7 4419.12 3389.95 3419.87 924.677 -8283.32 -461069 -2183.51 -1754.45 -6528.87 -319.823 -1843.55 22.1364 -10217 -4590.72 ;
39999.7 5532.43 57430.2 23340.2 653.947 36542.8 11567.3 530.911 393.273 484.532 -80.6775 -1012.96 -68684.2 -253.309 -262.491 -750.471 -75.9893 -499.419 10.6338 -2345.82 -879.091 ;
5564.4 651.655 11044.6 653.947 5069.03 5069.03 0 102.191 116.336 56.3883 24.7034 -222.371 -8432.19 -50.9764 -82.1927 -140.179 0.576287 8.79257 -22.9897 -22.9897 0 ;
169127 20320.5 304076 36542.8 5069.03 356751 0 3809.67 3593.07 2582.53 739.137 -6856.76 -288442 -1073.53 -1421.56 -5435.2 -519.822 -2228.1 -22.9897 -25897 0 ;
49788.1 5611.6 92071.7 11567.3 0 0 200092 1135.65 283.669 2325.59 146.813 -2495.64 -78739.3 -272.771 -517.564 -1978.07 -260.11 -1174.56 0 0 -19464.6 ;
2358.62 281.758 4419.12 530.911 102.191 3809.67 1135.65 105.747 47.8681 43.9994 10.8837 -97.8797 -3995.58 -14.3631 -12.0361 -85.8436 -7.86776 -34.4794 0.553269 -293.535 -80.7995 ;
1926.13 220.446 3389.95 393.273 116.336 3593.07 283.669 47.8681 89.0418 0 8.93901 -83.6094 -3116.13 -3.52712 -18.4462 -65.1632 -5.43238 -22.3919 -0.194486 -210.273 -28.208 ;
1932.46 228.955 3419.87 484.532 56.3883 2582.53 2325.59 43.9994 0 94.7704 7.46542 -85.983 -3231.69 -11.2845 -18.9926 -66.9904 -8.78743 -42.8923 0.611577 -236.238 -225.943 ;
459.7 55.8119 924.677 -80.6775 24.7034 739.137 146.813 10.8837 8.93901 7.46542 18.8814 -18.3268 -892.46 -3.06383 -4.35196 -13.9749 -0.554609 -1.46622 -0.114523 -23.2949 -0.112517 ;
-4630.41 -551.181 -8283.32 -1012.96 -222.371 -6856.76 -2495.64 -97.8797 -83.6094 -85.983 -18.3268 249.657 8185.83 33.2398 57.2269 192.43 -50.333 -213.02 4.26731 -1882.06 -404.405 ;
-302387 -41741.3 -461069 -68684.2 -8432.19 -288442 -78739.3 -3995.58 -3116.13 -3231.69 -892.46 8185.83 662998 2157.99 1763.07 6422.76 -352.797 -2736.82 53.1068 -11700 -3584.94 ;
-1099.43 -148.797 -2183.51 -253.309 -50.9764 -1073.53 -272.771 -14.3631 -3.52712 -11.2845 -3.06383 33.2398 2157.99 33.2398 6.86997 26.3698 -3.41347 -18.0236 0.462482 -107.438 -34.2956 ;
-995.377 -118.188 -1754.45 -262.491 -82.1927 -1421.56 -517.564 -12.0361 -18.4462 -18.9926 -4.35196 57.2269 1763.07 6.86997 57.2269 0 -13.5703 -62.5943 0.545174 -520.873 -101.389 ;
-3635.03 -432.992 -6528.87 -750.471 -140.179 -5435.2 -1978.07 -85.8436 -65.1632 -66.9904 -13.9749 192.43 6422.76 26.3698 0 192.43 -36.7627 -150.425 3.72213 -1361.18 -303.016 ;
-86.455 -6.9298 -319.823 -75.9893 0.576287 -519.822 -260.11 -7.86776 -5.43238 -8.78743 -0.554609 -50.333 -352.797 -3.41347 -13.5703 -36.7627 66.4147 286.963 -4.84359 2401.88 664.515 ;
-685.132 -56.7713 -1843.55 -499.419 8.79257 -2228.1 -1174.56 -34.4794 -22.3919 -42.8923 -1.46622 -213.02 -2736.82 -18.0236 -62.5943 -150.425 286.963 2360.71 -43.3186 9130.83 3297.95 ;
10.2592 1.06572 22.1364 10.6338 -22.9897 -22.9897 0 0.553269 -0.194486 0.611577 -0.114523 4.26731 53.1068 0.462482 0.545174 3.72213 -4.84359 -43.3186 41.4333 41.4333 0 ;
-2439.06 -190.89 -10217 -2345.82 -22.9897 -25897 0 -293.535 -210.273 -236.238 -23.2949 -1882.06 -11700 -107.438 -520.873 -1361.18 2401.88 9130.83 41.4333 118913 0 ;
-1424.96 -104.897 -4590.72 -879.091 0 0 -19464.6 -80.7995 -28.208 -225.943 -0.112517 -404.405 -3584.94 -34.2956 -101.389 -303.016 664.515 3297.95 0 0 49132.9 ;
]
+++++++++++++
Iter 6

Size = 21
Data size = 231
[ 62657.9 10594.4 156265 22757.8 3634.21 106277 32293.2 1495.52 1265.18 1209.73 296.939 -2953.97 -179863 -648.838 -592.524 -2361.44 -45.5348 -292.898 5.3073 -1289.36 -809.098 ;
10594.4 2003.49 27121.5 4236.13 579.916 17229.7 4881.62 241.311 196.345 192.413 49.0378 -473.25 -33668.5 -118.711 -94.7027 -378.547 -5.18347 -31.2781 0.738227 -152.806 -77.7259 ;
156265 27121.5 478982 53752.8 10812.9 292972 88741.7 4291.46 3365.87 3232.75 911.7 -8063.91 -448440 -2103.28 -1576.59 -6487.33 -265.924 -1174.33 20.3948 -8535.43 -3867.12 ;
22757.8 4236.13 53752.8 21401.9 634.768 34309 11014.6 503.959 386.65 447.511 -79.8906 -974.467 -66444.7 -238.187 -230.772 -743.695 -59.3073 -273.578 7.3443 -1862.53 -705.291 ;
3634.21 579.916 10812.9 634.768 5028.94 5028.94 0 101.575 116.033 54.2436 27.2522 -220.662 -8598.76 -49.5762 -80.2522 -140.409 0.601109 5.84694 -15.798 -15.798 0 ;
106277 17229.7 292972 34309 5028.94 344094 0 3674.12 3566.58 2407.37 729.614 -6663.22 -280659 -1026.87 -1284.09 -5379.13 -458.678 -1607.46 -15.798 -22628.6 0 ;
32293.2 4881.62 88741.7 11014.6 0 0 194006 1101.72 279.509 2244.01 145.28 -2424.98 -77259.7 -270.004 -468.4 -1956.58 -246.63 -797.123 0 0 -18494.3 ;
1495.52 241.311 4291.46 503.959 101.575 3674.12 1101.72 102.486 47.6288 41.5913 10.7701 -95.2588 -3908.01 -13.7762 -10.8895 -84.3693 -7.22729 -24.4712 0.544386 -261.941 -85.0831 ;
1265.18 196.345 3365.87 386.65 116.033 3566.58 279.509 47.6288 88.3586 0 8.79033 -83.295 -3107.9 -3.45861 -17.7813 -65.5137 -5.06362 -16.8496 -0.0683044 -197.612 -24.5327 ;
1209.73 192.413 3232.75 447.511 54.2436 2407.37 2244.01 41.5913 0 89.9833 7.46701 -82.3462 -3134.96 -10.7907 -16.5573 -65.789 -7.63704 -28.7538 0.510382 -196.692 -214.539 ;
296.939 49.0378 911.7 -79.8906 27.2522 729.614 145.28 10.7701 8.79033 7.46701 18.6975 -18.1178 -882.395 -2.94208 -4.34794 -13.7698 -0.579697 -1.19612 -0.0816518 -23.7312 -0.00157416 ;
-2953.97 -473.25 -8063.91 -974.467 -220.662 -6663.22 -2424.98 -95.2588 -83.295 -82.3462 -18.1178 240.657 7922.83 31.715 51.8309 188.826 -46.1743 -143.995 3.33989 -1749.76 -383.987 ;
-179863 -33668.5 -448440 -66444.7 -8598.76 -280659 -77259.7 -3908.01 -3107.9 -3134.96 -882.395 7922.83 641574 2075.81 1612.76 6310.06 -246.991 -1272.92 27.8452 -8737.41 -2308.99 ;
-648.838 -118.711 -2103.28 -238.187 -49.5762 -1026.87 -270.004 -13.7762 -3.45861 -10.7907 -2.94208 31.715 2075.81 31.715 6.02211 25.6929 -2.84335 -8.9312 0.33185 -96.8099 -17.2861 ;
-592.524 -94.7027 -1576.59 -230.772 -80.2522 -1284.09 -468.4 -10.8895 -17.7813 -16.5573 -4.34794 51.8309 1612.76 6.02211 51.8309 0 -11.9027 -39.6875 0.457562 -459.241 -89.4771 ;
-2361.44 -378.547 -6487.33 -743.695 -140.409 -5379.13 -1956.58 -84.3693 -65.5137 -65.789 -13.7698 188.826 6310.06 25.6929 0 188.826 -34.2715 -104.308 2.88233 -1290.52 -294.51 ;
-45.5348 -5.18347 -265.924 -59.3073 0.601109 -458.678 -246.63 -7.22729 -5.06362 -7.63704 -0.579697 -46.1743 -246.991 -2.84335 -11.9027 -34.2715 60.5722 195.627 -3.941 2208.44 630.617 ;
-292.898 -31.2781 -1174.33 -273.578 5.84694 -1607.46 -797.123 -24.4712 -16.8496 -28.7538 -1.19612 -143.995 -1272.92 -8.9312 -39.6875 -104.308 195.627 1088.36 -23.5698 6596.18 2093.66 ;
5.3073 0.738227 20.3948 7.3443 -15.798 -15.798 0 0.544386 -0.0683044 0.510382 -0.0816518 3.33989 27.8452 0.33185 0.457562 2.88233 -3.941 -23.5698 25.3324 25.3324 0 ;
-1289.36 -152.806 -8535.43 -1862.53 -15.798 -22628.6 0 -261.941 -197.612 -196.692 -23.7312 -1749.76 -8737.41 -96.8099 -459.241 -1290.52 2208.44 6596.18 25.3324 108476 0 ;
-809.098 -77.7259 -3867.12 -705.291 0 0 -18494.3 -85.0831 -24.5327 -214.539 -0.00157416 -383.987 -2308.99 -17.2861 -89.4771 -294.51 630.617 2093.66 0 0 46576.2 ;
]
+++++++++++++
Iter 7

Size = 21
Data size = 231
[ 57896.5 13116 150783 22025.1 3438.98 102828 31274.7 1444.58 1212.1 1181.74 261.598 -2875.16 -170565 -626.095 -591.876 -2283.28 -28.461 -153.259 3.3809 -827.918 -562.281 ;
13116 3122.36 33074.8 5182.92 694.725 21087.4 5968.17 294.945 237.786 237.421 54.0395 -581.218 -40286.6 -144.958 -119.39 -461.828 -4.23559 -20.2271 0.520902 -133.618 -66.4201 ;
150783 33074.8 479917 54074.3 10711.2 292569 88900 4279.99 3336.17 3257.82 854.466 -8126.16 -444897 -2110.12 -1636.75 -6489.42 -205.824 -709.392 19.6194 -6579.36 -3236.08 ;
22025.1 5182.92 54074.3 20620.3 649.507 34449.6 10994.7 505.055 384.342 452.612 -71.1231 -992.587 -66589.6 -239.793 -240.113 -752.474 -44.908 -162.931 5.70876 -1459.84 -563.45 ;
3438.98 694.725 10711.2 649.507 4936.85 4936.85 0 98.7396 112.33 53.9824 24.5037 -215.976 -8339.53 -49.8474 -80.2626 -135.713 0.823505 3.60366 -2.27977 -2.27977 0 ;
102828 21087.4 292569 34449.6 4936.85 341065 0 3618.75 3519.79 2400.99 690.375 -6686.53 -279274 -1032.43 -1323.7 -5362.83 -377.955 -1063.77 -2.27977 -18573.6 0 ;
31274.7 5968.17 88900 10994.7 0 0 193256 1090.71 273.565 2239.24 133.966 -2447.48 -76655.2 -269.282 -483.557 -1963.93 -214.258 -557.861 0 0 -16109 ;
1444.58 294.945 4279.99 505.055 98.7396 3618.75 1090.71 101.387 46.8617 41.3846 10.1949 -95.4321 -3888.19 -13.8134 -11.2887 -84.1434 -5.95524 -15.5019 0.420086 -214.219 -76.4526 ;
1212.1 237.786 3336.17 384.342 112.33 3519.79 273.565 46.8617 87.2431 0 8.25259 -83.0675 -3060.53 -3.38349 -18.0308 -65.0367 -4.17559 -11.7525 0.321405 -169.954 -19.5675 ;
1181.74 237.421 3257.82 452.612 53.9824 2400.99 2239.24 41.3846 0 90.182 7.03003 -83.9488 -3144.74 -10.8358 -17.2904 -66.6584 -6.23319 -17.8805 0.358487 -157.502 -186.743 ;
261.598 54.0395 854.466 -71.1231 24.5037 690.375 133.966 10.1949 8.25259 7.03003 17.5857 -17.0426 -797.175 -2.75163 -4.21768 -12.8249 -0.543085 -0.97231 -0.00619195 -22.0091 -2.50618e-05 ;
-2875.16 -581.218 -8126.16 -992.587 -215.976 -6686.53 -2447.48 -95.4321 -83.0675 -83.9488 -17.0426 237.216 7818.27 31.5647 51.8182 185.397 -41.1547 -103.896 2.58799 -1603.7 -332.983 ;
-170565 -40286.6 -444897 -66589.6 -8339.53 -279274 -76655.2 -3888.19 -3060.53 -3144.74 -797.175 7818.27 626874 2058 1613.22 6205.05 -182.192 -751.631 14.9628 -6981.08 -1485.96 ;
-626.095 -144.958 -2110.12 -239.793 -49.8474 -1032.43 -269.282 -13.8134 -3.38349 -10.8358 -2.75163 31.5647 2058 31.5647 6.15259 25.4121 -2.61101 -6.73619 0.329548 -92.1075 -8.23576 ;
-591.876 -119.39 -1636.75 -240.113 -80.2626 -1323.7 -483.557 -11.2887 -18.0308 -17.2904 -4.21768 51.8182 1613.22 6.15259 51.8182 0 -10.5798 -29.2029 0.279185 -421.788 -78.869 ;
-2283.28 -461.828 -6489.42 -752.474 -135.713 -5362.83 -1963.93 -84.1434 -65.0367 -66.6584 -12.8249 185.397 6205.05 25.4121 0 185.397 -30.5748 -74.6929 2.30881 -1181.92 -254.114 ;
-28.461 -4.23559 -205.824 -44.908 0.823505 -377.955 -214.258 -5.95524 -4.17559 -6.23319 -0.543085 -41.1547 -182.192 -2.61101 -10.5798 -30.5748 52.9487 137.313 -3.4115 1981.66 547.241 ;
-153.259 -20.2271 -709.392 -162.931 3.60366 -1063.77 -557.861 -15.5019 -11.7525 -17.8805 -0.97231 -103.896 -751.631 -6.73619 -29.2029 -74.6929 137.313 606.848 -13.2529 4948.66 1397.57 ;
3.3809 0.520902 19.6194 5.70876 -2.27977 -2.27977 0 0.420086 0.321405 0.358487 -0.00619195 2.58799 14.9628 0.329548 0.279185 2.30881 -3.4115 -13.2529 5.14964 5.14964 0 ;
-827.918 -133.618 -6579.36 -1459.84 -2.27977 -18573.6 0 -214.219 -169.954 -157.502 -22.0091 -1603.7 -6981.08 -92.1075 -421.788 -1181.92 1981.66 4948.66 5.14964 97583 0 ;
-562.281 -66.4201 -3236.08 -563.45 0 0 -16109 -76.4526 -19.5675 -186.743 -2.50618e-05 -332.983 -1485.96 -8.23576 -78.869 -254.114 547.241 1397.57 0 0 40448.1 ;
]
+++++++++++++
Iter 8

Size = 21
Data size = 231
[ 21324.8 6267.28 89576.5 12305.9 2282.42 63643.7 20409.8 892.209 769.886 744.204 183.18 -1804.43 -101883 -357.088 -372.7 -1431.73 -15.063 -75.6924 2.49415 -380.506 -332.047 ;
6267.28 2155.2 29651.2 4347.98 702.686 19731 5897.18 275.545 229.694 224.717 58.2118 -550.13 -36525.5 -124.914 -113.43 -436.7 -4.47346 -16.0585 0.593633 -140.601 -66.3766 ;
89576.5 29651.2 454867 49445.8 10897.3 280461 86139.3 4083.12 3210.15 3136.23 926.65 -7839.83 -439746 -1984.4 -1590.22 -6249.6 -162.896 -491.196 16.8849 -4977.52 -2789.17 ;
12305.9 4347.98 49445.8 20077.6 671.748 32160.9 10891.6 465.016 356.292 434.538 -82.8982 -940.041 -63984.3 -216.882 -234.931 -705.111 -37.2729 -121.992 5.07321 -1189.91 -478.555 ;
2282.42 702.686 10897.3 671.748 5057.37 5057.37 0 101.57 117.818 53.1809 27.731 -222.459 -9058.97 -50.5181 -79.6706 -142.789 0.745199 3.49272 -0.745207 -0.745207 0 ;
63643.7 19731 280461 32160.9 5057.37 328519 0 3461.16 3400.24 2318.68 727.671 -6517.43 -275728 -976.006 -1296.42 -5221.01 -295.789 -714.638 -0.745207 -14458.4 0 ;
20409.8 5897.18 86139.3 10891.6 0 0 189016 1060.25 267.053 2193.64 146.546 -2416.86 -79208.1 -261.279 -476.788 -1940.07 -186.902 -431.06 0 0 -14083.6 ;
892.209 275.545 4083.12 465.016 101.57 3461.16 1060.25 97.2742 45.095 39.7864 10.768 -92.5506 -3807.31 -12.9519 -11.0997 -81.4509 -4.72363 -10.9796 0.347019 -166.398 -64.4606 ;
769.886 229.694 3210.15 356.292 117.818 3400.24 267.053 45.095 84.5512 0 8.87541 -81.1497 -3041.4 -3.2384 -17.6305 -63.5193 -3.40144 -9.25034 0.356699 -135.662 -16.413 ;
744.204 224.717 3136.23 434.538 53.1809 2318.68 2193.64 39.7864 0 87.365 7.36271 -82.237 -3137.16 -10.318 -16.9312 -65.3058 -5.12797 -12.8202 0.292812 -123.564 -162.243 ;
183.18 58.2118 926.65 -82.8982 27.731 727.671 146.546 10.768 8.87541 7.36271 18.6808 -18.1701 -905.807 -3.03643 -4.26589 -13.9042 -0.510652 -0.845892 -8.35811e-09 -20.5802 -5.16756e-07 ;
-1804.43 -550.13 -7839.83 -940.041 -222.459 -6517.43 -2416.86 -92.5506 -81.1497 -82.237 -18.1701 230.282 7750.78 29.9788 50.4965 179.785 -38.8477 -87.3171 2.46764 -1509.97 -314.379 ;
-101883 -36525.5 -439746 -63984.3 -9058.97 -275728 -79208.1 -3807.31 -3041.4 -3137.16 -905.807 7750.78 653286 2015.48 1614.75 6136.03 -155.187 -570.776 16.0356 -5897.68 -1082.54 ;
-357.088 -124.914 -1984.4 -216.882 -50.5181 -976.006 -261.279 -12.9519 -3.2384 -10.318 -3.03643 29.9788 2015.48 29.9788 5.93473 24.0441 -2.44181 -5.73708 0.234991 -91.5641 -3.81644 ;
-372.7 -113.43 -1590.22 -234.931 -79.6706 -1296.42 -476.788 -11.0997 -17.6305 -16.9312 -4.26589 50.4965 1614.75 5.93473 50.4965 0 -10.1313 -25.158 0.373329 -397.603 -75.4055 ;
-1431.73 -436.7 -6249.6 -705.111 -142.789 -5221.01 -1940.07 -81.4509 -63.5193 -65.3058 -13.9042 179.785 6136.03 24.0441 0 179.785 -28.7164 -62.159 2.09431 -1112.37 -238.973 ;
-15.063 -4.47346 -162.896 -37.2729 0.745199 -295.789 -186.902 -4.72363 -3.40144 -5.12797 -0.510652 -38.8477 -155.187 -2.44181 -10.1313 -28.7164 48.4064 111.719 -3.21284 1805.76 501.281 ;
-75.6924 -16.0585 -491.196 -121.992 3.49272 -714.638 -431.06 -10.9796 -9.25034 -12.8202 -0.845892 -87.3171 -570.776 -5.73708 -25.158 -62.159 111.719 435.636 -13.8138 3910.72 1059.21 ;
2.49415 0.593633 16.8849 5.07321 -0.745207 -0.745207 0 0.347019 0.356699 0.292812 -8.35811e-09 2.46764 16.0356 0.234991 0.373329 2.09431 -3.21284 -13.8138 3.21285 3.21285 0 ;
-380.506 -140.601 -4977.52 -1189.91 -0.745207 -14458.4 0 -166.398 -135.662 -123.564 -20.5802 -1509.97 -5897.68 -91.5641 -397.603 -1112.37 1805.76 3910.72 3.21285 88722.1 0 ;
-332.047 -66.3766 -2789.17 -478.555 0 0 -14083.6 -64.4606 -16.413 -162.243 -5.16756e-07 -314.379 -1082.54 -3.81644 -75.4055 -238.973 501.281 1059.21 0 0 37036 ;
]
+++++++++++++
Iter 9

Size = 21
Data size = 231
[ 22155.6 7395.7 94847.5 13591.7 2239.65 66750.4 20872.8 940.021 792.148 778.583 169.176 -1880.69 -103529 -380.976 -394.253 -1486.44 -15.1057 -75.5289 2.54725 -381.643 -327.365 ;
7395.7 2593.69 31431.2 4810.76 686.987 20761.6 6011.03 291.834 236.972 235.619 53.4013 -574.846 -36953 -133.365 -120.119 -454.728 -4.57864 -16.1758 0.609064 -144.589 -66.4197 ;
94847.5 31431.2 490833 56217.5 10845.5 298912 90376.6 4364.77 3353.36 3337.59 871.224 -8315.8 -455579 -2153.41 -1710.28 -6605.52 -167.648 -497.987 17.3931 -5152.48 -2812.66 ;
13591.7 4810.76 56217.5 21956.8 656.565 35948.4 11431.5 526.743 390.687 474.827 -72.972 -1037.41 -69598.8 -247.384 -258.801 -778.609 -37.6333 -121.926 5.14319 -1203.51 -475.239 ;
2239.65 686.987 10845.5 656.565 5016.69 5016.69 0 100.729 115.76 53.9209 25.7654 -220.024 -8611.31 -50.4753 -80.2018 -139.822 0.76066 3.5507 -0.760667 -0.760667 0 ;
66750.4 20761.6 298912 35948.4 5016.69 345114 0 3660.35 3519.36 2457.39 692.829 -6840.58 -285372 -1052.64 -1379.79 -5460.79 -305.125 -723.119 -0.760667 -14916 0 ;
20872.8 6011.03 90376.6 11431.5 0 0 194572 1094.21 271.392 2257.53 133.956 -2492.45 -78506.7 -274.674 -504.911 -1987.54 -187.378 -427.52 0 0 -14109.9 ;
940.021 291.834 4364.77 526.743 100.729 3660.35 1094.21 102.101 46.8318 41.9275 10.2566 -97.2486 -3979.69 -14.065 -11.8727 -85.3759 -4.85253 -11.0894 0.355339 -171.605 -65.0934 ;
792.148 236.972 3353.36 390.687 115.76 3519.36 271.392 46.8318 87.1709 0 8.3847 -83.6967 -3106.83 -3.36509 -18.3186 -65.3781 -3.47414 -9.33004 0.363655 -139.31 -15.6395 ;
778.583 235.619 3337.59 474.827 53.9209 2457.39 2257.53 41.9275 0 91.3813 7.01575 -86.1335 -3232.58 -11.0051 -18.13 -68.0035 -5.24783 -12.9608 0.299029 -127.946 -163.529 ;
169.176 53.4013 871.224 -72.972 25.7654 692.829 133.956 10.2566 8.3847 7.01575 17.6983 -17.1766 -819.178 -2.79805 -4.21919 -12.9574 -0.521698 -0.857504 -7.99854e-09 -21.0068 -4.59216e-07 ;
-1880.69 -574.846 -8315.8 -1037.41 -220.024 -6840.58 -2492.45 -97.2486 -83.6967 -86.1335 -17.1766 237.754 7955.88 31.8892 52.6439 185.11 -38.0484 -84.5839 2.44002 -1480.2 -302.954 ;
-103529 -36953 -455579 -69598.8 -8611.31 -285372 -78506.7 -3979.69 -3106.83 -3232.58 -819.178 7955.88 639156 2081.77 1660.65 6295.24 -150.48 -549.544 15.7553 -5718.93 -1028.5 ;
-380.976 -133.365 -2153.41 -247.384 -50.4753 -1052.64 -274.674 -14.065 -3.36509 -11.0051 -2.79805 31.8892 2081.77 31.8892 6.34149 25.5477 -2.41261 -5.64407 0.234925 -90.3199 -3.74517 ;
-394.253 -120.119 -1710.28 -258.801 -80.2018 -1379.79 -504.911 -11.8727 -18.3186 -18.13 -4.21919 52.6439 1660.65 6.34149 52.6439 0 -9.88977 -24.4145 0.368538 -388.201 -72.7638 ;
-1486.44 -454.728 -6605.52 -778.609 -139.822 -5460.79 -1987.54 -85.3759 -65.3781 -68.0035 -12.9574 185.11 6295.24 25.5477 0 185.11 -28.1586 -60.1694 2.07148 -1091.99 -230.191 ;
-15.1057 -4.57864 -167.648 -37.6333 0.76066 -305.125 -187.378 -4.85253 -3.47414 -5.24783 -0.521698 -38.0484 -150.48 -2.41261 -9.88977 -28.1586 47.83 109.204 -3.20068 1785.32 490.333 ;
-75.5289 -16.1758 -497.987 -121.926 3.5507 -723.119 -427.52 -11.0894 -9.33004 -12.9608 -0.857504 -84.5839 -549.544 -5.64407 -24.4145 -60.1694 109.204 422.388 -13.6939 3817.2 1023.55 ;
2.54725 0.609064 17.3931 5.14319 -0.760667 -0.760667 0 0.355339 0.363655 0.299029 -7.99854e-09 2.44002 15.7553 0.234925 0.368538 2.07148 -3.20068 -13.6939 3.20069 3.20069 0 ;
-381.643 -144.589 -5152.48 -1203.51 -0.760667 -14916 0 -171.605 -139.31 -127.946 -21.0068 -1480.2 -5718.93 -90.3199 -388.201 -1091.99 1785.32 3817.2 3.20069 87682 0 ;
-327.365 -66.4197 -2812.66 -475.239 0 0 -14109.9 -65.0934 -15.6395 -163.529 -4.59216e-07 -302.954 -1028.5 -3.74517 -72.7638 -230.191 490.333 1023.55 0 0 36228.9 ;
]
+++++++++++++
Iter 11

Size = 21
Data size = 231
[ 14121.5 6304.85 74458.4 10352.7 1843.34 53430.9 17132.6 754.08 649.06 620.981 145.429 -1511.6 -82183 -292.677 -308.929 -1202.67 -12.8715 -64.0967 1.72528 -341.488 -294.577 ;
6304.85 3083.43 35174.3 5203.12 810.154 23721.8 7071.06 334.281 277.752 268.003 65.9563 -659.398 -41920.5 -146.278 -134.732 -524.666 -6.04103 -20.0405 0.62232 -199.703 -89.7299 ;
74458.4 35174.3 473146 53107.5 10902.2 289644 88190.4 4252.28 3328.23 3189.22 911.618 -8082.38 -453850 -2061.59 -1603.22 -6479.17 -149.713 -464.24 14.7949 -4576.22 -2672.91 ;
10352.7 5203.12 53107.5 21569.7 673.419 34323.2 11303.7 503.154 385.863 450.186 -81.5634 -997.155 -67446.3 -230.235 -244.137 -753.018 -35.8953 -117.506 4.73574 -1158.97 -460.127 ;
1843.34 810.154 10902.2 673.419 5030.6 5030.6 0 100.836 116.109 53.7601 28.0486 -220.995 -8972.89 -50.3795 -79.9598 -141.035 0.644002 2.74001 -0.64403 -0.64403 0 ;
53430.9 23721.8 289644 34323.2 5030.6 334139 0 3547.77 3481.05 2324.37 712.938 -6656.44 -283299 -1010.95 -1300.37 -5356.07 -263.89 -688.322 -0.64403 -12957.9 0 ;
17132.6 7071.06 88190.4 11303.7 0 0 189754 1070.07 268.411 2197.74 142.998 -2439.19 -80381.2 -269.106 -476.503 -1962.69 -175.468 -418.794 0 0 -13247.3 ;
754.08 334.281 4252.28 503.154 100.836 3547.77 1070.07 99.2575 46.3564 40.1321 10.5148 -95.1218 -3940.23 -13.4734 -11.2224 -83.8994 -4.13567 -10.1617 0.280186 -147.642 -56.9047 ;
649.06 277.752 3328.23 385.863 116.109 3481.05 268.411 46.3564 86.3075 0 8.58455 -83.16 -3118.27 -3.33956 -17.8931 -65.2669 -3.14755 -8.70058 0.318879 -126.002 -15.3424 ;
620.981 268.003 3189.22 450.186 53.7601 2324.37 2197.74 40.1321 0 87.4707 7.31063 -82.9016 -3195.21 -10.569 -16.6702 -66.2314 -4.56904 -11.9052 0.226828 -107.978 -152.255 ;
145.429 65.9563 911.618 -81.5634 28.0486 712.938 142.998 10.5148 8.58455 7.31063 18.3344 -17.8716 -892.683 -3.01792 -4.23494 -13.6367 -0.462827 -0.778507 -3.46975e-08 -18.67 -8.38449e-07 ;
-1511.6 -659.398 -8082.38 -997.155 -220.995 -6656.44 -2439.19 -95.1218 -83.16 -82.9016 -17.8716 234.036 7928.79 30.9605 50.0207 184.016 -39.2416 -86.0276 2.47985 -1533.16 -313.23 ;
-82183 -41920.5 -453850 -67446.3 -8972.89 -283299 -80381.2 -3940.23 -3118.27 -3195.21 -892.683 7928.79 665805 2074.9 1634.58 6294.21 -153.337 -553.504 13.8935 -5962.32 -1066.92 ;
-292.677 -146.278 -2061.59 -230.235 -50.3795 -1010.95 -269.106 -13.4734 -3.33956 -10.569 -3.01792 30.9605 2074.9 30.9605 5.97951 24.981 -2.57246 -5.96932 0.31141 -93.6842 -3.91904 ;
-308.929 -134.732 -1603.22 -244.137 -79.9598 -1300.37 -476.503 -11.2224 -17.8931 -16.6702 -4.23494 50.0207 1634.58 5.97951 50.0207 0 -9.63211 -23.4125 0.271785 -384.419 -71.6804 ;
-1202.67 -524.666 -6479.17 -753.018 -141.035 -5356.07 -1962.69 -83.8994 -65.2669 -66.2314 -13.6367 184.016 6294.21 24.981 0 184.016 -29.6095 -62.6151 2.20807 -1148.74 -241.55 ;
-12.8715 -6.04103 -149.713 -35.8953 0.644002 -263.89 -175.468 -4.13567 -3.14755 -4.56904 -0.462827 -39.2416 -153.337 -2.57246 -9.63211 -29.6095 47.8294 108.791 -3.12386 1797.05 488.698 ;
-64.0967 -20.0405 -464.24 -117.506 2.74001 -688.322 -418.794 -10.1617 -8.70058 -11.9052 -0.778507 -86.0276 -553.504 -5.96932 -23.4125 -62.6151 108.791 419.36 -11.741 3914.83 1036.84 ;
1.72528 0.62232 14.7949 4.73574 -0.64403 -0.64403 0 0.280186 0.318879 0.226828 -3.46975e-08 2.47985 13.8935 0.31141 0.271785 2.20807 -3.12386 -11.741 3.12389 3.12389 0 ;
-341.488 -199.703 -4576.22 -1158.97 -0.64403 -12957.9 0 -147.642 -126.002 -107.978 -18.67 -1533.16 -5962.32 -93.6842 -384.419 -1148.74 1797.05 3914.83 3.12389 88557 0 ;
-294.577 -89.7299 -2672.91 -460.127 0 0 -13247.3 -56.9047 -15.3424 -152.255 -8.38449e-07 -313.23 -1066.92 -3.91904 -71.6804 -241.55 488.698 1036.84 0 0 36146.2 ;
]
+++++++++++++
Iter 12

Size = 21
Data size = 231
[ 14386.8 6790.27 76654.9 10905.9 1823.46 54704.4 17308.9 773.929 657.449 635.444 138.825 -1542.46 -82725 -302.728 -317.969 -1224.49 -13.0503 -64.8417 1.74794 -347.084 -296.862 ;
6790.27 3354.11 36194.1 5482.96 799.377 24298.8 7122.27 343.597 281.366 274.259 62.6129 -672.959 -42047.9 -151.192 -138.585 -534.373 -6.1604 -20.3383 0.631055 -204.075 -91.0242 ;
76654.9 36194.1 492272 56871 10872.4 299262 90299.8 4401.29 3400.38 3294.89 878.211 -8328.43 -461592 -2152.37 -1665.34 -6663.09 -152.882 -471.889 15.0312 -4689.9 -2706.68 ;
10905.9 5482.96 56871 22574.5 667.545 36382.5 11567.3 537.127 404.222 471.727 -75.5529 -1049.48 -70587.5 -247.319 -256.695 -792.789 -36.29 -118.56 4.7714 -1173.05 -463.673 ;
1823.46 799.377 10872.4 667.545 5002.84 5002.84 0 100.237 114.768 54.1024 26.8531 -219.409 -8730.81 -50.4101 -80.2236 -139.185 0.651498 2.77087 -0.651525 -0.651525 0 ;
54704.4 24298.8 299262 36382.5 5002.84 342429 0 3649.22 3537.65 2395.41 692.399 -6816.53 -287933 -1051.52 -1342.89 -5473.64 -269.619 -699.671 -0.651525 -13242.5 0 ;
17308.9 7122.27 90299.8 11567.3 0 0 192389 1085.9 270.414 2227.73 135.869 -2473.31 -79652.6 -275.851 -490.448 -1982.86 -177.32 -422.745 0 0 -13381.1 ;
773.929 343.597 4401.29 537.127 100.237 3649.22 1085.9 101.692 47.202 41.2288 10.2145 -97.4758 -4027.95 -14.0767 -11.6314 -85.8444 -4.21621 -10.3093 0.283983 -150.66 -57.8971 ;
657.449 281.366 3400.38 404.222 114.768 3537.65 270.414 47.202 87.5444 0 8.30096 -84.3448 -3145.76 -3.39904 -18.2421 -66.1026 -3.19966 -8.82256 0.322324 -128.406 -15.255 ;
635.444 274.259 3294.89 471.727 54.1024 2395.41 2227.73 41.2288 0 89.4898 7.10864 -84.8352 -3241.93 -10.944 -17.2765 -67.5587 -4.65463 -12.0992 0.229818 -110.653 -154.129 ;
138.825 62.6129 878.211 -75.5529 26.8531 692.399 135.869 10.2145 8.30096 7.10864 17.7558 -17.2849 -839.904 -2.87251 -4.20256 -13.0824 -0.470816 -0.790451 -3.39167e-08 -18.9907 -8.19596e-07 ;
-1542.46 -672.959 -8328.43 -1049.48 -219.409 -6816.53 -2473.31 -97.4758 -84.3448 -84.8352 -17.2849 237.927 8024.5 31.9769 51.2241 186.703 -39.076 -85.5706 2.47021 -1526.82 -311.538 ;
-82725 -42047.9 -461592 -70587.5 -8730.81 -287933 -79652.6 -4027.95 -3145.76 -3241.93 -839.904 8024.5 655254 2108.04 1655.86 6368.64 -152.569 -550.251 13.8119 -5933.01 -1061.03 ;
-302.728 -151.192 -2152.37 -247.319 -50.4101 -1051.52 -275.851 -14.0767 -3.39904 -10.944 -2.87251 31.9769 2108.04 31.9769 6.1916 25.7853 -2.56435 -5.95696 0.311108 -93.2772 -3.99665 ;
-317.969 -138.585 -1665.34 -256.695 -80.2236 -1342.89 -490.448 -11.6314 -18.2421 -17.2765 -4.20256 51.2241 1655.86 6.1916 51.2241 0 -9.62113 -23.3836 0.271023 -383.959 -71.7181 ;
-1224.49 -534.373 -6663.09 -792.789 -139.185 -5473.64 -1982.86 -85.8444 -66.1026 -67.5587 -13.0824 186.703 6368.64 25.7853 0 186.703 -29.4549 -62.1871 2.19919 -1142.87 -239.82 ;
-13.0503 -6.1604 -152.882 -36.29 0.651498 -269.619 -177.32 -4.21621 -3.19966 -4.65463 -0.470816 -39.076 -152.569 -2.56435 -9.62113 -29.4549 47.8172 108.663 -3.12171 1796.44 488.858 ;
-64.8417 -20.3383 -471.889 -118.56 2.77087 -699.671 -422.745 -10.3093 -8.82256 -12.0992 -0.790451 -85.5706 -550.251 -5.95696 -23.3836 -62.1871 108.663 418.261 -11.7195 3909.63 1036.56 ;
