============== BHHH ===============

Size = 21
Data size = 231
[ 6981.98 4670.18 53227.7 8403.38 1357.9 38715.3 12399.3 546.171 426.919 496.419 81.1849 -1090.6 -66147.4 -198.264 -209.136 -881.461 -6.92275 -20.4396 0.746056 -277.684 -32.9059 ;
4670.18 3457.13 37611.2 6470.39 851.007 25455.7 8389.78 365.462 261.861 326.03 53.4321 -713.213 -49624.6 -144.84 -131.267 -581.946 -5.51815 -7.55093 0.306062 -92.9247 -259.898 ;
53227.7 37611.2 515022 72770.5 13491.1 283816 102497 4271.27 2977.59 3775.44 622.149 -8294.98 -577876 -2046.54 -1438.15 -6856.83 -96.2896 -254.293 7.04449 -2505.57 -2574.82 ;
8403.38 6470.39 72770.5 34973 809.826 34265.5 14683.6 593.662 357.953 551.077 -67.2292 -1107.79 -86973.4 -334.307 -255.228 -852.561 -22.3663 -61.796 1.0972 -756.5 -421.09 ;
1357.9 851.007 13491.1 809.826 5484.19 5484.19 0 103.677 131.24 56.8152 21.9117 -241.658 -9824.34 -59.4315 -72.2457 -169.412 0.225775 1.2076 -0.225775 -0.225775 0 ;
38715.3 25455.7 283816 34265.5 5484.19 334060 0 3532.36 3157.93 2630.09 545.156 -6724.09 -332820 -956.004 -1282.63 -5441.46 -110.405 -304.207 -0.225775 -5204.28 0 ;
12399.3 8389.78 102497 14683.6 0 0 184658 967.83 233.902 2186.97 99.241 -2364.18 -118511 -164.428 -363.082 -2001.1 -172.841 -314.12 0 0 -13034.4 ;
546.171 365.462 4271.27 593.662 103.677 3532.36 967.83 95.8529 40.2337 42.6822 9.22438 -94.6973 -4787 -15.0414 -12.4945 -82.2028 -1.15566 -1.19433 0.0651706 -19.0795 -43.5027 ;
426.919 261.861 2977.59 357.953 131.24 3157.93 233.902 40.2337 79.5658 0 5.69712 -77.5128 -2906.43 -2.96716 -18.3875 -59.1253 -2.05294 -5.50153 0.0139922 -79.6714 -21.2448 ;
496.419 326.03 3775.44 551.077 56.8152 2630.09 2186.97 42.6822 0 91.5152 5.45323 -89.341 -4704.78 -10.6752 -14.8006 -74.5403 -2.17423 -4.05544 0.0477342 -18.0757 -132.975 ;
81.1849 53.4321 622.149 -67.2292 21.9117 545.156 99.241 9.22438 5.69712 5.45323 14.2616 -13.7017 -687.387 -1.64644 -2.80807 -10.8936 -0.559879 -0.748964 -4.16439e-11 -21.6134 -1.58348e-07 ;
-1090.6 -713.213 -8294.98 -1107.79 -241.658 -6724.09 -2364.18 -94.6973 -77.5128 -89.341 -13.7017 240.591 9507.09 30.9662 49.4521 191.139 -45.9614 -94.4399 2.58499 -1778.18 -421.783 ;
-66147.4 -49624.6 -577876 -86973.4 -9824.34 -332820 -118511 -4787 -2906.43 -4704.78 -687.387 9507.09 1.07404e+06 2197.41 1599.7 7907.4 -178.279 -592.149 17.7196 -7101.01 -1007.19 ;
-198.264 -144.84 -2046.54 -334.307 -59.4315 -956.004 -164.428 -15.0414 -2.96716 -10.6752 -1.64644 30.9662 2197.41 30.9662 5.50729 25.4589 -3.01376 -6.73581 0.511815 -109.691 -0.172972 ;
-209.136 -131.267 -1438.15 -255.228 -72.2457 -1282.63 -363.082 -12.4945 -18.3875 -14.8006 -2.80807 49.4521 1599.7 5.50729 49.4521 0 -11.3366 -28.9036 0.694721 -422.221 -119.49 ;
-881.461 -581.946 -6856.83 -852.561 -169.412 -5441.46 -2001.1 -82.2028 -59.1253 -74.5403 -10.8936 191.139 7907.4 25.4589 0 191.139 -34.6247 -65.5363 1.89027 -1355.95 -302.293 ;
-6.92275 -5.51815 -96.2896 -22.3663 0.225775 -110.405 -172.841 -1.15566 -2.05294 -2.17423 -0.559879 -45.9614 -178.279 -3.01376 -11.3366 -34.6247 50.8649 106.081 -2.81077 1888.58 594.624 ;
-20.4396 -7.55093 -254.293 -61.796 1.2076 -304.207 -314.12 -1.19433 -5.50153 -4.05544 -0.748964 -94.4399 -592.149 -6.73581 -28.9036 -65.5363 106.081 361.336 -12.0596 3840.64 978.306 ;
0.746056 0.306062 7.04449 1.0972 -0.225775 -0.225775 0 0.0651706 0.0139922 0.0477342 -4.16439e-11 2.58499 17.7196 0.511815 0.694721 1.89027 -2.81077 -12.0596 2.81077 2.81077 0 ;
-277.684 -92.9247 -2505.57 -756.5 -0.225775 -5204.28 0 -19.0795 -79.6714 -18.0757 -21.6134 -1778.18 -7101.01 -109.691 -422.221 -1355.95 1888.58 3840.64 2.81077 92602 0 ;
-32.9059 -259.898 -2574.82 -421.09 0 0 -13034.4 -43.5027 -21.2448 -132.975 -1.58348e-07 -421.783 -1007.19 -0.172972 -119.49 -302.293 594.624 978.306 0 0 43455.3 ;
]

============== Hessian ===============

Size = 21
Data size = 231
[ 6854.26 4546.69 52709.1 7323.49 1292.74 38780.3 12607.9 548.68 468.151 460.472 95.9452 -1093.4 -55300.8 -203.294 -228.286 -865.112 -10.9582 -49.4768 1.31128 -301.871 -245.309 ;
4546.69 3355.68 36246.1 5328.82 831.036 25225.2 7588 357.546 295.028 289.958 63.6682 -697.867 -40845.3 -147.806 -145.558 -552.31 -8.23902 -23.8629 0.726301 -279.912 -121.892 ;
52709.1 36246.1 493841 56940.6 11055 300677 91046.3 4415.5 3397.81 3363.95 874.116 -8348.91 -463661 -2157.29 -1696.43 -6652.47 -132.414 -421.859 12.337 -3992.39 -2534.93 ;
7323.49 5328.82 56940.6 22655.9 694.626 36878.8 11811.2 541.278 404.133 487.255 -75.2321 -1056.27 -71179.8 -248.131 -262.948 -793.319 -33.7187 -111.656 4.28033 -1096.15 -435.736 ;
1292.74 831.036 11055 694.626 5034.18 5034.18 0 100.991 115.125 54.8407 26.456 -221.325 -8843.98 -51.6615 -80.858 -140.467 0.525285 2.4579 -0.525286 -0.525286 0 ;
38780.3 25225.2 300677 36878.8 5034.18 340875 0 3633.55 3509.8 2436.79 680.292 -6827.8 -289840 -1056.51 -1362.57 -5465.23 -215.575 -609.586 -0.525286 -10597.1 0 ;
12607.9 7588 91046.3 11811.2 0 0 191454 1069.61 269.007 2220.19 131.817 -2477.92 -80581.4 -281.197 -503.593 -1974.33 -159.979 -395.664 0 0 -12095.2 ;
548.68 357.546 4415.5 541.278 100.991 3633.55 1069.61 100.619 46.7017 41.4426 9.99516 -97.414 -4048.19 -14.1151 -11.8725 -85.5415 -3.20534 -8.78855 0.210731 -114.41 -46.199 ;
468.151 295.028 3397.81 404.133 115.125 3509.8 269.007 46.7017 86.7764 0 8.12219 -84.0949 -3152.79 -3.41138 -18.2391 -65.8558 -2.6815 -7.92865 0.282529 -104.908 -14.5914 ;
460.472 289.958 3363.95 487.255 54.8407 2436.79 2220.19 41.4426 0 89.8394 6.91718 -85.8469 -3299.57 -11.3755 -17.8921 -67.9548 -3.99251 -10.8729 0.176508 -92.9476 -138.035 ;
95.9452 63.6682 874.116 -75.2321 26.456 680.292 131.817 9.99516 8.12219 6.91718 17.4449 -17.0068 -834.559 -2.78571 -4.08435 -12.9225 -0.438133 -0.729643 -2.03655e-10 -17.7107 -4.65344e-07 ;
-1093.4 -697.867 -8348.91 -1056.27 -221.325 -6827.8 -2477.92 -97.414 -84.0949 -85.8469 -17.0068 238.253 8053.18 32.0917 51.6986 186.555 -39.8695 -84.8573 2.55416 -1554.81 -320.559 ;
-55300.8 -40845.3 -463661 -71179.8 -8843.98 -289840 -80581.4 -4048.19 -3152.79 -3299.57 -834.559 8053.18 659199 2106.21 1670.59 6382.58 -152.151 -537.11 14.6902 -5905.25 -1021.05 ;
-203.294 -147.806 -2157.29 -248.131 -51.6615 -1056.51 -281.197 -14.1151 -3.41138 -11.3755 -2.78571 32.0917 2106.21 32.0917 6.39787 25.6938 -2.64988 -6.11783 0.303776 -97.3191 -3.71104 ;
-228.286 -145.558 -1696.43 -262.948 -80.858 -1362.57 -503.593 -11.8725 -18.2391 -17.8921 -4.08435 51.6986 1670.59 6.39787 51.6986 0 -9.70189 -23.2693 0.295952 -385.816 -73.5578 ;
-865.112 -552.31 -6652.47 -793.319 -140.467 -5465.23 -1974.33 -85.5415 -65.8558 -67.9548 -12.9225 186.555 6382.58 25.6938 0 186.555 -30.1677 -61.588 2.25821 -1168.99 -247.001 ;
-10.9582 -8.23902 -132.414 -33.7187 0.525285 -215.575 -159.979 -3.20534 -2.6815 -3.99251 -0.438133 -39.8695 -152.151 -2.64988 -9.70189 -30.1677 47.0909 105.338 -3.07944 1770.38 480.538 ;
-49.4768 -23.8629 -421.859 -111.656 2.4579 -609.586 -395.664 -8.78855 -7.92865 -10.8729 -0.729643 -84.8573 -537.11 -6.11783 -23.2693 -61.588 105.338 399.013 -11.9563 3775.6 988.547 ;
1.31128 0.726301 12.337 4.28033 -0.525286 -0.525286 0 0.210731 0.282529 0.176508 -2.03655e-10 2.55416 14.6902 0.303776 0.295952 2.25821 -3.07944 -11.9563 3.07944 3.07944 0 ;
-301.871 -279.912 -3992.39 -1096.15 -0.525286 -10597.1 0 -114.41 -104.908 -92.9476 -17.7107 -1554.81 -5905.25 -97.3191 -385.816 -1168.99 1770.38 3775.6 3.07944 87278.9 0 ;
-245.309 -121.892 -2534.93 -435.736 0 0 -12095.2 -46.199 -14.5914 -138.035 -4.65344e-07 -320.559 -1021.05 -3.71104 -73.5578 -247.001 480.538 988.547 0 0 35545.3 ;
]

