Iter 0

Size = 14
Data size = 105
[ 2.38101e+06 -1694.61 1.58963e+06 354469 8.76277e+07 458535 114189 2977.5 -9919.67 -809544 -3359.11 -45526.8 -10778.7 -1.02019e+06 ;
-1694.61 0 0 0 0 0 0 0 0 0 0 0 0 0 ;
1.58963e+06 0 1.68474e+06 270767 8.41139e+07 445922 111741 1868.97 -9734.33 -556028 -3428.67 -42564.2 -10399.6 -635216 ;
354469 0 270767 122449 2.29145e+07 25328.4 19178 -104.522 -604.507 -2595.81 -240.432 -2455.28 -2879.71 -275268 ;
8.76277e+07 0 8.41139e+07 2.29145e+07 3.03084e+10 -6.9594e+07 8.29536e+06 178457 1.4602e+06 6.11695e+07 310313 6.6673e+06 -3.02305e+06 -1.28484e+08 ;
458535 0 445922 25328.4 -6.9594e+07 915370 45849.2 715.333 -17009.1 -687959 -3324.22 -77956.2 8504.56 342899 ;
114189 0 111741 19178 8.29536e+06 45849.2 12612.1 183.361 -988.222 -40568.3 -202.556 -4478.44 -1068.47 -44116 ;
2977.5 0 1868.97 -104.522 178457 715.333 183.361 34.6111 -15.5556 -1126.11 -2.88889 -77.3333 -19.0556 -1700.4 ;
-9919.67 0 -9734.33 -604.507 1.4602e+06 -17009.1 -988.222 -15.5556 365.556 14709.8 73.1111 1667.78 -182.778 -7295.12 ;
-809544 0 -556028 -2595.81 6.11695e+07 -687959 -40568.3 -1126.11 14709.8 1.38073e+06 5001.11 68587.3 -7354.89 -798672 ;
-3359.11 0 -3428.67 -240.432 310313 -3324.22 -202.556 -2.88889 73.1111 5001.11 73.1111 318.444 -36.5556 -2496.46 ;
-45526.8 0 -42564.2 -2455.28 6.6673e+06 -77956.2 -4478.44 -77.3333 1667.78 68587.3 318.444 9209.11 -833.889 -34207.4 ;
-10778.7 0 -10399.6 -2879.71 -3.02305e+06 8504.56 -1068.47 -19.0556 -182.778 -7354.89 -36.5556 -833.889 381.806 15336.5 ;
-1.02019e+06 0 -635216 -275268 -1.28484e+08 342899 -44116 -1700.4 -7295.12 -798672 -2496.46 -34207.4 15336.5 2.07773e+06 ;
]
+++++++++++++
Iter 1

Size = 14
Data size = 105
[ 2.55655e+06 24609 1.70868e+06 336676 4.40834e+07 735194 122744 3141.29 -15780.9 -1.29054e+06 -5392.49 -72378 -6474.64 -605916 ;
24609 -6.05754 -481.453 -99.9196 -11618.6 -193.911 -32.3856 -0.900938 4.15584 389.191 1.54727 19.198 1.69668 188.276 ;
1.70868e+06 -481.453 1.81576e+06 262844 4.25869e+07 712637 120344 1966.37 -15435.8 -887052 -5502.15 -67409.4 -6251.95 -374856 ;
336676 -99.9196 262844 115209 1.15391e+07 73918.9 18636.5 -184.463 -1634.69 -76678.5 -622.75 -7044.38 -1742.98 -162825 ;
4.40834e+07 -11618.6 4.25869e+07 1.15391e+07 1.33676e+10 -3.59023e+07 4.32709e+06 84386.8 745529 3.05744e+07 152948 3.39715e+06 -1.55399e+06 -6.37471e+07 ;
735194 -193.911 712637 73918.9 -3.59023e+07 1.00166e+06 72560.6 1201.84 -18631.5 -755648 -3651.14 -85404.3 5096.28 201048 ;
122744 -32.3856 120344 18636.5 4.32709e+06 72560.6 13570.1 194.242 -1551.5 -64448.6 -322.89 -7024.02 -661.561 -26300.4 ;
3141.29 -0.900938 1966.37 -184.463 84386.8 1201.84 194.242 36.9283 -26.1436 -1876.77 -5.00758 -128.969 -10.7847 -991.153 ;
-15780.9 4.15584 -15435.8 -1634.69 745529 -18631.5 -1551.5 -26.1436 399.314 16121.4 80.1633 1821.73 -111.296 -4313.06 ;
-1.29054e+06 389.191 -887052 -76678.5 3.05744e+07 -755648 -64448.6 -1876.77 16121.4 1.51699e+06 5495.19 75184.4 -4386.27 -478013 ;
-5392.49 1.54727 -5502.15 -622.75 152948 -3651.14 -322.89 -5.00758 80.1633 5495.19 80.1633 349.072 -21.5406 -1450.78 ;
-72378 19.198 -67409.4 -7044.38 3.39715e+06 -85404.3 -7024.02 -128.969 1821.73 75184.4 349.072 10058.4 -507.524 -20249.2 ;
-6474.64 1.69668 -6251.95 -1742.98 -1.55399e+06 5096.28 -661.561 -10.7847 -111.296 -4386.27 -21.5406 -507.524 233.994 9076.41 ;
-605916 188.276 -374856 -162825 -6.37471e+07 201048 -26300.4 -991.153 -4313.06 -478013 -1450.78 -20249.2 9076.41 1.22834e+06 ;
]
+++++++++++++
Iter 2

Size = 14
Data size = 105
[ 1.44088e+06 -53857.3 1.03271e+06 172978 1.47249e+07 603030 85106.5 2178.36 -13011.4 -851756 -3684.74 -59285.3 -2566.23 -176601 ;
-53857.3 648.994 -9949.18 -1730.39 -132514 -5459 -770.622 -21.8051 117.803 8743.45 36.4073 538.217 22.8838 1877.69 ;
1.03271e+06 -9949.18 1.13948e+06 148955 1.51199e+07 616125 87700 1456.21 -13367.5 -629269 -4041.17 -58385.3 -2595.79 -120558 ;
172978 -1730.39 148955 67001.2 4.80006e+06 63737.3 12258.2 -142.499 -1393.76 -48540.8 -428.153 -6070.22 -855.543 -61278 ;
1.47249e+07 -132514 1.51199e+07 4.80006e+06 6.81574e+09 -2.70281e+07 1.77863e+06 35892.1 560326 2.20461e+07 122106 2.52709e+06 -895142 -3.15042e+07 ;
603030 -5459 616125 63737.3 -2.70281e+07 938974 70224.3 1110.2 -17447 -615303 -3065.19 -80003.1 4267.62 155728 ;
85106.5 -770.622 87700 12258.2 1.77863e+06 70224.3 11141.8 155.548 -1502.62 -52958.1 -261.395 -6816.63 -318.771 -9411.68 ;
2178.36 -21.8051 1456.21 -142.499 35892.1 1110.2 155.548 29.6296 -24.2624 -1500.29 -3.78662 -120.254 -5.36713 -445.015 ;
-13011.4 117.803 -13367.5 -1393.76 560326 -17447 -1502.62 -24.2624 376.324 13351.6 67.9274 1717.66 -96.1792 -3495.2 ;
-851756 8743.45 -629269 -48540.8 2.20461e+07 -615303 -52958.1 -1500.29 13351.6 1.02855e+06 4017.42 61773.1 -3669.21 -331023 ;
-3684.74 36.4073 -4041.17 -428.153 122106 -3065.19 -261.395 -3.78662 67.9274 4017.42 67.9274 296.43 -19.963 -1190.84 ;
-59285.3 538.217 -58385.3 -6070.22 2.52709e+06 -80003.1 -6816.63 -120.254 1717.66 61773.1 296.43 9490.76 -434.687 -16187.3 ;
-2566.23 22.8838 -2595.79 -855.543 -895142 4267.62 -318.771 -5.36713 -96.1792 -3669.21 -19.963 -434.687 156.066 5245.02 ;
-176601 1877.69 -120558 -61278 -3.15042e+07 155728 -9411.68 -445.015 -3495.2 -331023 -1190.84 -16187.3 5245.02 562298 ;
]
+++++++++++++
Iter 3

Size = 14
Data size = 105
[ 1.77636e+06 144195 1.33511e+06 233063 1.27801e+07 744931 102092 2215.48 -16008.5 -1.12138e+06 -5255.84 -72653.9 -2258.03 -108321 ;
144195 7283.2 60694.1 10978.7 513389 31928.4 4356.22 99.3227 -684.284 -53103.8 -245.691 -3105.07 -90.2326 -4879.79 ;
1.33511e+06 60694.1 1.3576e+06 194316 1.34013e+07 693071 97791.5 1520.02 -15162.3 -851824 -5315.25 -66641.3 -2322.5 -88622 ;
233063 10978.7 194316 78208.2 3.63967e+06 86751.6 14374.3 -172.329 -1927.65 -107693 -696.555 -8351.79 -664.554 -29132.9 ;
1.27801e+07 513389 1.34013e+07 3.63967e+06 6.10042e+09 -2.26894e+07 1.57369e+06 24733.4 475338 1.23415e+07 88603.8 2.11679e+06 -770876 -1.78737e+07 ;
744931 31928.4 693071 86751.6 -2.26894e+07 915298 73861 1244.15 -17142.7 -638730 -3227.09 -78637.4 3480.13 70184.9 ;
102092 4356.22 97791.5 14374.3 1.57369e+06 73861 11517.7 162.602 -1591.51 -65700.5 -321.298 -7240.27 -280.915 -7587.36 ;
2215.48 99.3227 1520.02 -172.329 24733.4 1244.15 162.602 30.4496 -26.8412 -1766.53 -4.91848 -131.988 -3.60843 -176.362 ;
-16008.5 -684.284 -15162.3 -1927.65 475338 -17142.7 -1591.51 -26.8412 371.184 13747.4 71.515 1693.97 -78.1194 -1621.64 ;
-1.12138e+06 -53103.8 -851824 -107693 1.23415e+07 -638730 -65700.5 -1766.53 13747.4 1.03591e+06 4426.08 63364.9 -2003.19 -78304.4 ;
-5255.84 -245.691 -5315.25 -696.555 88603.8 -3227.09 -321.298 -4.91848 71.515 4426.08 71.515 312.458 -13.8548 -483.541 ;
-72653.9 -3105.07 -66641.3 -8351.79 2.11679e+06 -78637.4 -7240.27 -131.988 1693.97 63364.9 312.458 9335.86 -350.016 -7240.34 ;
-2258.03 -90.2326 -2322.5 -664.554 -770876 3480.13 -280.915 -3.60843 -78.1194 -2003.19 -13.8548 -350.016 131.025 2984.88 ;
-108321 -4879.79 -88622 -29132.9 -1.78737e+07 70184.9 -7587.36 -176.362 -1621.64 -78304.4 -483.541 -7240.34 2984.88 159251 ;
]
+++++++++++++
Iter 4

Size = 14
Data size = 105
[ 1.71115e+06 103816 1.02331e+06 178429 6.80956e+06 676337 86124.6 2399.17 -14627.5 -1.21324e+06 -4296.8 -68407 -1132.3 -25928.9 ;
103816 6479.79 57684.7 10612.4 295934 36055 4530.03 134.345 -777.157 -72982.5 -253.215 -3650.83 -49.2974 -1227.01 ;
1.02331e+06 57684.7 859295 113591 8.21928e+06 537302 72092.1 1511.08 -11791.1 -721182 -3454.28 -53666.9 -1312.55 -23732.5 ;
178429 10612.4 113591 55272.1 2.26778e+06 63357.4 10073.4 -215.895 -1448.03 -92477 -416.723 -6496.81 -376.517 -8092.43 ;
6.80956e+06 295934 8.21928e+06 2.26778e+06 6.81296e+09 -2.69267e+07 1.27852e+06 16332.5 564309 1.0924e+07 86861.9 2.51233e+06 -815163 -1.13918e+07 ;
676337 36055 537302 63357.4 -2.69267e+07 845415 63449.2 1272.97 -15745.6 -585259 -2466.45 -72957.6 3909.18 53395.9 ;
86124.6 4530.03 72092.1 10073.4 1.27852e+06 63449.2 9698.38 156.41 -1371.82 -59952.5 -231.277 -6311.61 -213.102 -3022.38 ;
2399.17 134.345 1511.08 -215.895 16332.5 1272.97 156.41 29.9415 -27.6725 -2075.12 -5.43873 -136.336 -2.26904 -51.74 ;
-14627.5 -777.157 -11791.1 -1448.03 564309 -15745.6 -1371.82 -27.6725 341.942 12652.3 55.124 1577.39 -86.89 -1239.55 ;
-1.21324e+06 -72982.5 -721182 -92477 1.0924e+07 -585259 -59952.5 -2075.12 12652.3 1.11907e+06 3701.71 59313 -1689.02 -40777 ;
-4296.8 -253.215 -3454.28 -416.723 86861.9 -2466.45 -231.277 -5.43873 55.124 3701.71 55.124 247.22 -12.7508 -300.92 ;
-68407 -3650.83 -53666.9 -6496.81 2.51233e+06 -72957.6 -6311.61 -136.336 1577.39 59313 247.22 8742.9 -388.511 -5452.28 ;
-1132.3 -49.2974 -1312.55 -376.517 -815163 3909.18 -213.102 -2.26904 -86.89 -1689.02 -12.7508 -388.511 128.233 1800.03 ;
-25928.9 -1227.01 -23732.5 -8092.43 -1.13918e+07 53395.9 -3022.38 -51.74 -1239.55 -40777 -300.92 -5452.28 1800.03 47854.4 ;
]
+++++++++++++
Iter 5

Size = 14
Data size = 105
[ 1.47061e+06 86579.5 865006 151535 5.19883e+06 588865 75055.1 2154.52 -12837.6 -1.05731e+06 -3586.02 -60496.2 -903.987 -21081.4 ;
86579.5 5611.59 49844.4 9256.44 230143 32058.8 4032.82 122.243 -695.889 -64460.9 -216.183 -3293.41 -40.0987 -1017.92 ;
865006 49844.4 694187 90459.8 6.0533e+06 449800 60358.7 1372.64 -9977.95 -627587 -2770.66 -46020.5 -1007.07 -18623.2 ;
151535 9256.44 90459.8 45791.3 1.82381e+06 51458.4 8280.57 -190.297 -1197.32 -80269 -325.914 -5389.9 -313.186 -6905.98 ;
5.19883e+06 230143 6.0533e+06 1.82381e+06 5.97847e+09 -2.48509e+07 966028 13204.7 529634 1.02642e+07 81976.7 2.35736e+06 -720422 -1.01157e+07 ;
588865 32058.8 449800 51458.4 -2.48509e+07 741339 55144.1 1166.08 -13915.3 -522600 -2072.4 -64809 3624.8 49156.3 ;
75055.1 4032.82 60358.7 8280.57 966028 55144.1 8404.77 144.231 -1206.19 -53604.4 -191.267 -5582.22 -167.38 -2447.2 ;
2154.52 122.243 1372.64 -190.297 13204.7 1166.08 144.231 27.3579 -25.4563 -1833.85 -4.85277 -125.836 -1.90159 -45.482 ;
-12837.6 -695.889 -9977.95 -1197.32 529634 -13915.3 -1206.19 -25.4563 307.224 11397.1 47.2044 1423.91 -82.847 -1180.26 ;
-1.05731e+06 -64460.9 -627587 -80269 1.02642e+07 -522600 -53604.4 -1833.85 11397.1 1.01179e+06 3179.4 53881.2 -1615.34 -38874.6 ;
-3586.02 -216.183 -2770.66 -325.914 81976.7 -2072.4 -191.267 -4.85277 47.2044 3179.4 47.2044 214.501 -12.1737 -287.637 ;
-60496.2 -3293.41 -46020.5 -5389.9 2.35736e+06 -64809 -5582.22 -125.836 1423.91 53881.2 214.501 7898.16 -370.8 -5197.03 ;
-903.987 -40.0987 -1007.07 -313.186 -720422 3624.8 -167.38 -1.90159 -82.847 -1615.34 -12.1737 -370.8 115.605 1636.23 ;
-21081.4 -1017.92 -18623.2 -6905.98 -1.01157e+07 49156.3 -2447.2 -45.482 -1180.26 -38874.6 -287.637 -5197.03 1636.23 43451.1 ;
]
+++++++++++++
Iter 6

Size = 14
Data size = 105
[ 1.15764e+06 77189 735863 105293 4.04853e+06 538962 67250.6 1589.53 -11622.2 -846074 -3053.91 -54888.1 -627.058 -9730.87 ;
77189 5234.91 44378.6 6753.95 175428 30690.4 3788.61 91.9004 -658.342 -54159.4 -193.269 -3119.52 -27.3034 -457.57 ;
735863 44378.6 640780 67080.1 5.85345e+06 442556 57895.2 1194.67 -9682.9 -543294 -2553.86 -44791.8 -868.449 -10522.3 ;
105293 6753.95 67080.1 24747.4 1.44518e+06 43542.3 6716.85 -131.981 -993.056 -66378.3 -252.8 -4472.43 -222.051 -3153.42 ;
4.04853e+06 175428 5.85345e+06 1.44518e+06 6.92938e+09 -2.70549e+07 1.0408e+06 12248.5 567463 8.18548e+06 67987.7 2.55776e+06 -779420 -7.48397e+06 ;
538962 30690.4 442556 43542.3 -2.70549e+07 753681 55173.8 1094.71 -14025.2 -467476 -1917.2 -65713 3700.46 34698.6 ;
67250.6 3788.61 57895.2 6716.85 1.0408e+06 55173.8 8308.67 133.843 -1198.56 -49078 -183.048 -5577.2 -163.193 -1573.73 ;
1589.53 91.9004 1194.67 -131.981 12248.5 1094.71 133.843 25.1426 -23.6369 -1341.43 -4.01946 -116.66 -1.50578 -20.8801 ;
-11622.2 -658.342 -9682.9 -993.056 567463 -14025.2 -1198.56 -23.6369 304.273 10074.9 42.5157 1418.07 -81.1291 -790.264 ;
-846074 -54159.4 -543294 -66378.3 8.18548e+06 -467476 -49078 -1341.43 10074.9 768718 2631.36 47832.9 -1170.46 -18720.1 ;
-3053.91 -193.269 -2553.86 -252.8 67987.7 -1917.2 -183.048 -4.01946 42.5157 2631.36 42.5157 196.385 -9.19811 -147.868 ;
-54888.1 -3119.52 -44791.8 -4472.43 2.55776e+06 -65713 -5577.2 -116.66 1418.07 47832.9 196.385 7886.12 -366.535 -3505.33 ;
-627.058 -27.3034 -868.449 -222.051 -779420 3700.46 -163.193 -1.50578 -81.1291 -1170.46 -9.19811 -366.535 113.715 1096.53 ;
-9730.87 -457.57 -10522.3 -3153.42 -7.48397e+06 34698.6 -1573.73 -20.8801 -790.264 -18720.1 -147.868 -3505.33 1096.53 18459.8 ;
]
+++++++++++++
Iter 7

Size = 14
Data size = 105
[ 1.15803e+06 77289.3 736297 105250 3.6328e+06 541619 67306.7 1589.92 -11680.1 -847373 -3060.4 -55152 -580.613 -8947.79 ;
77289.3 5237.4 44383.7 6749.56 156907 30797.8 3789.8 91.8949 -660.707 -54208.7 -193.534 -3130.18 -25.2229 -419.917 ;
736297 44383.7 641907 67077.1 5.29785e+06 446555 58040.1 1195.95 -9770.84 -544771 -2564.92 -45186.7 -808.31 -9699.5 ;
105250 6749.56 67077.1 24730.3 1.30082e+06 44300 6719.12 -132.284 -1009.48 -66680.5 -255.401 -4546.76 -205.944 -2900.16 ;
3.6328e+06 156907 5.29785e+06 1.30082e+06 6.11681e+09 -2.43394e+07 947717 10706.6 510373 7.27208e+06 60354.4 2.29942e+06 -703514 -6.66648e+06 ;
541619 30797.8 446555 44300 -2.43394e+07 745197 55893.6 1103.15 -13867.1 -464696 -1890.9 -65024.1 3399.4 31539.1 ;
67306.7 3789.8 58040.1 6719.12 947717 55893.6 8338.54 134.017 -1214.1 -49288.5 -184.167 -5648.71 -152.584 -1456.36 ;
1589.92 91.8949 1195.95 -132.284 10706.6 1103.15 134.017 25.1854 -23.826 -1345.21 -4.0304 -117.619 -1.35936 -18.6909 ;
-11680.1 -660.707 -9770.84 -1009.48 510373 -13867.1 -1214.1 -23.826 301.062 10017.1 41.9372 1404.26 -74.8824 -722.977 ;
-847373 -54208.7 -544771 -66680.5 7.27208e+06 -464696 -49288.5 -1345.21 10017.1 767295 2614.8 47586.9 -1071.34 -17049.1 ;
-3060.4 -193.534 -2564.92 -255.401 60354.4 -1890.9 -184.167 -4.0304 41.9372 2614.8 41.9372 194.039 -8.39993 -133.719 ;
-55152 -3130.18 -45186.7 -4546.76 2.29942e+06 -65024.1 -5648.71 -117.619 1404.26 47586.9 194.039 7810.93 -338.456 -3208.5 ;
-580.613 -25.2229 -808.31 -205.944 -703514 3399.4 -152.584 -1.35936 -74.8824 -1071.34 -8.39993 -338.456 105.372 1006.84 ;
-8947.79 -419.917 -9699.5 -2900.16 -6.66648e+06 31539.1 -1456.36 -18.6909 -722.977 -17049.1 -133.719 -3208.5 1006.84 16844.2 ;
]
+++++++++++++
Iter 8

Size = 14
Data size = 105
[ 952724 62248.5 628187 83558.7 2.72616e+06 483345 59185 1299.89 -10424.6 -721620 -2599.04 -49780.4 -393.768 -4508.37 ;
62248.5 4151.21 36932.8 5242.19 108178 26714.5 3244.51 72.1647 -572.905 -45137.9 -160.834 -2744.78 -15.6571 -190.921 ;
628187 36932.8 566990 54916.8 4.75658e+06 412412 52881.6 1068.63 -9021.87 -482734 -2246.24 -42230.6 -663.738 -5824.6 ;
83558.7 5242.19 54916.8 17944.6 1.06567e+06 39196.9 5728.26 -105.631 -892.351 -58731 -215.337 -4128.26 -153.342 -1530.63 ;
2.72616e+06 108178 4.75658e+06 1.06567e+06 6.69177e+09 -2.51803e+07 932740 10218.8 525134 5.7788e+06 47499.4 2.40324e+06 -720003 -5.02435e+06 ;
483345 26714.5 412412 39196.9 -2.51803e+07 709778 52569.7 1028.38 -13187 -416749 -1646.55 -62505.5 3293.94 22330.9 ;
59185 3244.51 52881.6 5728.26 932740 52569.7 7809.23 123.711 -1145.06 -44966.7 -165.344 -5378.56 -139.109 -969.054 ;
1299.89 72.1647 1068.63 -105.631 10218.8 1028.38 123.711 23.2533 -22.0829 -1117.49 -3.47326 -108.723 -1.17047 -10.9131 ;
-10424.6 -572.905 -9021.87 -892.351 525134 -13187 -1145.06 -22.0829 285.019 8952.7 36.3968 1343.43 -70.8315 -494.457 ;
-721620 -45137.9 -482734 -58731 5.7788e+06 -416749 -44966.7 -1117.49 8952.7 650666 2223.6 42953 -771.484 -8968.44 ;
-2599.04 -160.834 -2246.24 -215.337 47499.4 -1646.55 -165.344 -3.47326 36.3968 2223.6 36.3968 172.057 -6.13621 -67.4048 ;
-49780.4 -2744.78 -42230.6 -4128.26 2.40324e+06 -62505.5 -5378.56 -108.723 1343.43 42953 172.057 7505.81 -323.913 -2240.31 ;
-393.768 -15.6571 -663.738 -153.342 -720003 3293.94 -139.109 -1.17047 -70.8315 -771.484 -6.13621 -323.913 99.1033 690.532 ;
-4508.37 -190.921 -5824.6 -1530.63 -5.02435e+06 22330.9 -969.054 -10.9131 -494.457 -8968.44 -67.4048 -2240.31 690.532 8296.51 ;
]
+++++++++++++
Iter 9

Size = 14
Data size = 105
[ 952956 62302.1 628438 83548.8 2.50543e+06 484767 59219.4 1300.38 -10454.8 -722188 -2601.35 -49922.3 -370.298 -4216.23 ;
62302.1 4152.41 36936.1 5240.75 99107.3 26766.8 3245.26 72.1742 -574.028 -45156.2 -160.909 -2750 -14.6922 -178.233 ;
628438 36936.1 567709 54930.6 4.42145e+06 414928 52984.2 1069.86 -9076.32 -483462 -2251.47 -42483.4 -628.941 -5468.02 ;
83548.8 5240.75 54930.6 17940.8 986293 39625.2 5731.99 -105.799 -901.512 -58864.1 -216.359 -4170.76 -144.803 -1432.79 ;
2.50543e+06 99107.3 4.42145e+06 986293 6.12768e+09 -2.33372e+07 872022 9205.11 486889 5.27603e+06 43525.1 2.22858e+06 -669096 -4.59743e+06 ;
484767 26766.8 414928 39625.2 -2.33372e+07 704668 53072.1 1034.07 -13092.1 -415331 -1633.88 -62101.5 3097.35 20728.1 ;
59219.4 3245.26 52984.2 5731.99 872022 53072.1 7833.23 123.888 -1155.72 -45080 -165.957 -5428.54 -132.412 -912.907 ;
1300.38 72.1742 1069.86 -105.799 9205.11 1034.07 123.888 23.2916 -22.2103 -1119.59 -3.48015 -109.379 -1.08131 -9.91443 ;
-10454.8 -574.028 -9076.32 -901.512 486889 -13092.1 -1155.72 -22.2103 283.109 8923.51 36.1199 1335.4 -66.7975 -460.822 ;
-722188 -45156.2 -483462 -58864.1 5.27603e+06 -415331 -45080 -1119.59 8923.51 650107 2216.98 42828.6 -719.286 -8311.1 ;
-2601.35 -160.909 -2251.47 -216.359 43525.1 -1633.88 -165.957 -3.48015 36.1199 2216.98 36.1199 170.914 -5.74025 -61.9944 ;
-49922.3 -2750 -42483.4 -4170.76 2.22858e+06 -62101.5 -5428.54 -109.379 1335.4 42828.6 170.914 7462.93 -305.647 -2088.8 ;
-370.298 -14.6922 -628.941 -144.803 -669096 3097.35 -132.412 -1.08131 -66.7975 -719.286 -5.74025 -305.647 93.7099 645.592 ;
-4216.23 -178.233 -5468.02 -1432.79 -4.59743e+06 20728.1 -912.907 -9.91443 -460.822 -8311.1 -61.9944 -2088.8 645.592 7707.23 ;
]
+++++++++++++
Iter 10

Size = 14
Data size = 105
[ 858357 41175 594772 83276.5 2.05509e+06 465358 57007 1359.35 -10133.1 -685264 -2425.99 -48844.6 -294.559 -2906.21 ;
41175 1984.03 24891.1 3703.95 55876.3 18262.1 2227.05 54.8936 -395.896 -30374 -106.669 -1909.47 -8.01758 -83.6077 ;
594772 24891.1 558626 57462.2 4.18952e+06 414471 52913.8 1127.1 -9135.93 -485498 -2213.1 -43560.2 -578.493 -4248.94 ;
83276.5 3703.95 57462.2 21459 894472 42585.5 6073.85 -118.856 -987.141 -62726.6 -224.487 -4620.75 -127.113 -1037.36 ;
2.05509e+06 55876.3 4.18952e+06 894472 6.08983e+09 -2.24139e+07 870167 8708.59 466278 4.36268e+06 35867.2 2.15794e+06 -651041 -3.76893e+06 ;
465358 18262.1 414471 42585.5 -2.24139e+07 699358 53382.7 1075.05 -13002.9 -412645 -1564.12 -62582.5 2914.54 16345.2 ;
57007 2227.05 52913.8 6073.85 870167 53382.7 7893.02 127.985 -1169.47 -45906.1 -165.042 -5558.3 -128.967 -749.892 ;
1359.35 54.8936 1127.1 -118.856 8708.59 1075.05 127.985 24.0884 -23.0629 -1227.36 -3.6904 -114.509 -1.02549 -7.6729 ;
-10133.1 -395.896 -9135.93 -987.141 466278 -13002.9 -1169.47 -23.0629 281.702 8931.51 35.0219 1346.98 -62.1627 -357.711 ;
-685264 -30374 -485498 -62726.6 4.36268e+06 -412645 -45906.1 -1227.36 8931.51 636188 2143.27 43143 -572.655 -5572.7 ;
-2425.99 -106.669 -2213.1 -224.487 35867.2 -1564.12 -165.042 -3.6904 35.0219 2143.27 35.0219 169.801 -4.70764 -39.6109 ;
-48844.6 -1909.47 -43560.2 -4620.75 2.15794e+06 -62582.5 -5558.3 -114.509 1346.98 43143 169.801 7569.33 -287.076 -1653.3 ;
-294.559 -8.01758 -578.493 -127.113 -651041 2914.54 -128.967 -1.02549 -62.1627 -572.655 -4.70764 -287.076 88.6635 512.046 ;
-2906.21 -83.6077 -4248.94 -1037.36 -3.76893e+06 16345.2 -749.892 -7.6729 -357.711 -5572.7 -39.6109 -1653.3 512.046 5139.81 ;
]
+++++++++++++
Iter 11

Size = 14
Data size = 105
[ 856682 39200.7 589055 81655.7 1.98873e+06 461988 56547.2 1375.39 -10067.1 -686652 -2403.14 -48598 -286.905 -2825.32 ;
39200.7 1872.75 24372.3 3592.58 53319.7 17914.3 2183.02 54.971 -388.674 -30133.8 -104.537 -1877.89 -7.70279 -80.1754 ;
589055 24372.3 550760 56030.1 4.07314e+06 410137 52325 1133.58 -9049.16 -482532 -2179.65 -43192.2 -565.236 -4136.11 ;
81655.7 3592.58 56030.1 21041.6 872022 41742.6 5951.88 -120.943 -968.784 -61634.6 -219.047 -4541.56 -124.491 -1012.52 ;
1.98873e+06 53319.7 4.07314e+06 872022 5.95537e+09 -2.20221e+07 848166 8415.77 458355 4.26385e+06 35095.2 2.12285e+06 -638520 -3.67485e+06 ;
461988 17914.3 410137 41742.6 -2.20221e+07 693696 53032.8 1080.52 -12901.6 -410424 -1542.34 -62152.5 2871.37 16013.7 ;
56547.2 2183.02 52325 5951.88 848166 53032.8 7831.54 128.459 -1162.43 -45672.2 -162.917 -5528.85 -126.297 -731.63 ;
1375.39 54.971 1133.58 -120.943 8415.77 1080.52 128.459 24.1881 -23.1895 -1243.63 -3.71732 -115.231 -0.998587 -7.41766 ;
-10067.1 -388.674 -9049.16 -968.784 458355 -12901.6 -1162.43 -23.1895 279.696 8888.12 34.5768 1338.64 -61.3112 -351.059 ;
-686652 -30133.8 -482532 -61634.6 4.26385e+06 -410424 -45672.2 -1243.63 8888.12 640014 2132.52 42992.6 -562.112 -5454.72 ;
-2403.14 -104.537 -2179.65 -219.047 35095.2 -1542.34 -162.917 -3.71732 34.5768 2132.52 34.5768 167.818 -4.62665 -38.6019 ;
-48598 -1877.89 -43192.2 -4541.56 2.12285e+06 -62152.5 -5528.85 -115.231 1338.64 42992.6 167.818 7525.84 -283.367 -1623.68 ;
-286.905 -7.70279 -565.236 -124.491 -638520 2871.37 -126.297 -0.998587 -61.3112 -562.112 -4.62665 -283.367 87.2726 501.695 ;
-2825.32 -80.1754 -4136.11 -1012.52 -3.67485e+06 16013.7 -731.63 -7.41766 -351.059 -5454.72 -38.6019 -1623.68 501.695 5022.81 ;
]
+++++++++++++
Iter 24

Size = 14
Data size = 105
[ 133035 6286.63 214435 24284.2 936219 186844 21992.1 634.082 -4036.61 -274801 -825.846 -20100.1 -131.923 -1146.77 ;
6286.63 667.029 20980.2 2572.77 58508.7 17069.5 1997.26 60.6344 -365.753 -29540.4 -85.2991 -1825.37 -8.18894 -73.5371 ;
214435 20980.2 448059 37474 3.47876e+06 351550 43156.8 1168.38 -7715.9 -434595 -1762.44 -37942 -472.053 -3092.31 ;
24284.2 2572.77 37474 15047.4 748211 30690.9 4095.38 -133.966 -698.315 -48673.4 -146.058 -3509.01 -104.255 -746.327 ;
936219 58508.7 3.47876e+06 748211 5.82359e+09 -2.19718e+07 716863 7803.72 456581 3.73222e+06 30972.4 2.14164e+06 -617807 -3.1227e+06 ;
186844 17069.5 351550 30690.9 -2.19718e+07 632819 45336.5 1113.77 -11732.4 -383283 -1313.96 -57825.2 2846.47 13679.1 ;
21992.1 1997.26 43156.8 4095.38 716863 45336.5 6535.4 130.285 -992.731 -41053.1 -131.526 -4839.94 -105.676 -566.03 ;
634.082 60.6344 1168.38 -133.966 7803.72 1113.77 130.285 24.6294 -23.6842 -1338.48 -3.91588 -118.274 -0.945209 -5.82831 ;
-4036.61 -365.753 -7715.9 -698.315 456581 -11732.4 -992.731 -23.6842 253.145 8141.81 29.3337 1239.84 -60.4145 -297.559 ;
-274801 -29540.4 -434595 -48673.4 3.73222e+06 -383283 -41053.1 -1338.48 8141.81 691342 1948.12 40473 -482.424 -4083.98 ;
-825.846 -85.2991 -1762.44 -146.058 30972.4 -1313.96 -131.526 -3.91588 29.3337 1948.12 29.3337 145.794 -4.15604 -27.5573 ;
-20100.1 -1825.37 -37942 -3509.01 2.14164e+06 -57825.2 -4839.94 -118.274 1239.84 40473 145.794 7059.05 -282.79 -1408.89 ;
-131.923 -8.18894 -472.053 -104.255 -617807 2846.47 -105.676 -0.945209 -60.4145 -482.424 -4.15604 -282.79 83.1724 417.856 ;
-1146.77 -73.5371 -3092.31 -746.327 -3.1227e+06 13679.1 -566.03 -5.82831 -297.559 -4083.98 -27.5573 -1408.89 417.856 3682.38 ;
]
+++++++++++++
Iter 25

Size = 14
Data size = 105
[ 143506 15008.7 250464 31800.8 1.01351e+06 208391 24907 551.454 -4511.08 -280754 -1003.57 -22092.3 -143.357 -1241.97 ;
15008.7 1700.81 25591.9 3479.84 67116.8 19833.4 2367.15 53.9503 -427.646 -31001.5 -108.67 -2095.98 -9.4335 -84.5638 ;
250464 25591.9 556637 54350.7 3.82643e+06 416200 51374.3 1081.19 -9094.25 -485119 -2259.1 -44027 -520.898 -3396.21 ;
31800.8 3479.84 54350.7 18109.3 775667 41059.2 5472.74 -105.999 -935.856 -62248 -225.881 -4596.78 -109.247 -779.434 ;
1.01351e+06 67116.8 3.82643e+06 775667 5.67016e+09 -2.09343e+07 783383 8260.35 433926 3.52822e+06 29880.5 2.02336e+06 -608117 -3.06133e+06 ;
208391 19833.4 416200 41059.2 -2.09343e+07 688436 51768.7 1047.86 -12754.2 -407282 -1569.64 -62189.7 2748 13248.9 ;
24907 2367.15 51374.3 5472.74 783383 51768.7 7452.91 124.453 -1128.63 -44851 -163.1 -5445.91 -115.518 -614.286 ;
551.454 53.9503 1081.19 -105.999 8260.35 1047.86 124.453 23.272 -22.2677 -1117.1 -3.5285 -109.559 -1.00423 -6.15102 ;
-4511.08 -427.646 -9094.25 -935.856 433926 -12754.2 -1128.63 -22.2677 274.406 8723.18 34.8595 1329.79 -58.1405 -286.602 ;
-280754 -31001.5 -485119 -62248 3.52822e+06 -407282 -44851 -1117.1 8723.18 658162 2186.71 42789.1 -464.312 -3948.73 ;
-1003.57 -108.67 -2259.1 -225.881 29880.5 -1569.64 -163.1 -3.5285 34.8595 2186.71 34.8595 171.642 -4.07444 -27.3081 ;
-22092.3 -2095.98 -44027 -4596.78 2.02336e+06 -62189.7 -5445.91 -109.559 1329.79 42789.1 171.642 7524.34 -270.53 -1346.52 ;
-143.357 -9.4335 -520.898 -109.247 -608117 2748 -115.518 -1.00423 -58.1405 -464.312 -4.07444 -270.53 82.7898 415.847 ;
-1241.97 -84.5638 -3396.21 -779.434 -3.06133e+06 13248.9 -614.286 -6.15102 -286.602 -3948.73 -27.3081 -1346.52 415.847 3674.2 ;
]
+++++++++++++
Iter 26

Size = 14
Data size = 105
[ 143495 26265.3 249155 33310.2 975583 206558 24864.3 534.737 -4498.93 -279385 -1009.02 -21930.4 -136.843 -1197.85 ;
26265.3 4962.35 42790.8 6121.5 108816 33058.8 3974.57 87.2318 -717.034 -51508 -183.843 -3491.18 -15.1791 -137.807 ;
249155 42790.8 539852 55286 3.4968e+06 402262 50018 1052.25 -8867.33 -481972 -2215.46 -42957.3 -474.108 -3198.36 ;
33310.2 6121.5 55286 19528.6 746229 41196.3 5572.42 -104.645 -956.479 -63131.3 -229.859 -4646.95 -104.095 -756.569 ;
975583 108816 3.4968e+06 746229 5.72549e+09 -2.14321e+07 706497 7768.17 446750 3.60455e+06 30931.6 2.09958e+06 -605260 -3.0551e+06 ;
206558 33058.8 402262 41196.3 -2.14321e+07 669926 50143.3 1024.88 -12461.8 -402765 -1535.48 -60989.2 2766.53 13084.6 ;
24864.3 3974.57 50018 5572.42 706497 50143.3 7231.9 120.801 -1102.3 -44739.7 -160.45 -5318.81 -103.95 -576.045 ;
534.737 87.2318 1052.25 -104.645 7768.17 1024.88 120.801 22.6044 -21.6768 -1100.26 -3.55883 -106.707 -0.927608 -5.80163 ;
-4498.93 -717.034 -8867.33 -956.479 446750 -12461.8 -1102.3 -21.6768 269.866 8678.4 34.4086 1310.22 -58.8412 -285.37 ;
-279385 -51508 -481972 -63131.3 3.60455e+06 -402765 -44739.7 -1100.26 8678.4 661969 2208.82 42432.7 -463.039 -3909.77 ;
-1009.02 -183.843 -2215.46 -229.859 30931.6 -1535.48 -160.45 -3.55883 34.4086 2208.82 34.4086 169.36 -4.14207 -27.3879 ;
-21930.4 -3491.18 -42957.3 -4646.95 2.09958e+06 -60989.2 -5318.81 -106.707 1310.22 42432.7 169.36 7418.82 -275.79 -1347.23 ;
-136.843 -15.1791 -474.108 -104.095 -605260 2766.53 -103.95 -0.927608 -58.8412 -463.039 -4.14207 -275.79 81.1955 406.799 ;
-1197.85 -137.807 -3198.36 -756.569 -3.0551e+06 13084.6 -576.045 -5.80163 -285.37 -3909.77 -27.3879 -1347.23 406.799 3600.49 ;
]
+++++++++++++
Iter 27

Size = 14
Data size = 105
[ 117189 25456 222470 29455 1.12341e+06 185248 22493.4 475.163 -4033.57 -251058 -894.083 -19674.2 -164.144 -1629.9 ;
25456 5799.54 46347.5 6578.43 156049 36011.2 4357.93 93.5882 -780.677 -56462.8 -198.319 -3804.81 -22.755 -236.572 ;
222470 46347.5 523611 53157.2 3.8916e+06 389820 49002.8 1029.07 -8602.45 -471833 -2135.98 -41713.4 -545.795 -4355.29 ;
29455 6578.43 53157.2 18455.2 868084 39059.5 5435.09 -100.432 -907.95 -61710.6 -218.032 -4429.04 -125.786 -1097.84 ;
1.12341e+06 156049 3.8916e+06 868084 6.01174e+09 -2.28065e+07 757654 8972.65 477785 4.46574e+06 38222.6 2.26054e+06 -645810 -3.85046e+06 ;
185248 36011.2 389820 39059.5 -2.28065e+07 668951 49013.3 1000.75 -12461.1 -401214 -1534.23 -61095.4 2990.55 16828.3 ;
22493.4 4357.93 49002.8 5435.09 757654 49013.3 7149.66 118.682 -1077.05 -43871.6 -155.817 -5197 -114.695 -753.464 ;
475.163 93.5882 1029.07 -100.432 8972.65 1000.75 118.682 22.2004 -21.1304 -1060.02 -3.47938 -103.66 -1.07004 -8.07496 ;
-4033.57 -780.677 -8602.45 -907.95 477785 -12461.1 -1077.05 -21.1304 270.386 8646.43 34.4708 1313.84 -64.3762 -374.142 ;
-251058 -56462.8 -471833 -61710.6 4.46574e+06 -401214 -43871.6 -1060.02 8646.43 669023 2208.05 42318.9 -594.906 -5963.25 ;
-894.083 -198.319 -2135.98 -218.032 38222.6 -1534.23 -155.817 -3.47938 34.4708 2208.05 34.4708 169.594 -5.10113 -43.9726 ;
-19674.2 -3804.81 -41713.4 -4429.04 2.26054e+06 -61095.4 -5197 -103.66 1313.84 42318.9 169.594 7444.13 -303.759 -1777.66 ;
-164.144 -22.755 -545.795 -125.786 -645810 2990.55 -114.695 -1.07004 -64.3762 -594.906 -5.10113 -303.759 88.8104 530.73 ;
-1629.9 -236.572 -4355.29 -1097.84 -3.85046e+06 16828.3 -753.464 -8.07496 -374.142 -5963.25 -43.9726 -1777.66 530.73 5542.29 ;
]
+++++++++++++
Iter 28

Size = 14
Data size = 105
[ 117214 25484.2 222572 29471.4 1.10053e+06 185436 22502.8 474.997 -4037.55 -251104 -894.634 -19693.4 -161.76 -1603.99 ;
25484.2 5805.57 46368 6582.04 152771 36041.1 4359.72 93.5507 -781.315 -56468.2 -198.428 -3807.82 -22.4152 -232.721 ;
222572 46368 524028 53205 3.82524e+06 390478 49044.1 1029.05 -8616.64 -472074 -2138.21 -41783.1 -539.08 -4290.27 ;
29471.4 6582.04 53205 18464.1 852401 39172.1 5439.75 -100.393 -910.405 -61763.8 -218.396 -4440.92 -124.122 -1080.64 ;
1.10053e+06 152771 3.82524e+06 852401 5.89163e+09 -2.24128e+07 746041 8755.7 469636 4.36886e+06 37506.5 2.22314e+06 -635045 -3.76853e+06 ;
185436 36041.1 390478 39172.1 -2.24128e+07 667970 49128.4 1001.7 -12442.9 -400998 -1532.65 -61024.2 2948.59 16526.5 ;
22502.8 4359.72 49044.1 5439.75 746041 49128.4 7157.13 118.699 -1079.51 -43901 -156.009 -5209.13 -113.445 -743.071 ;
474.997 93.5507 1029.05 -100.393 8755.7 1001.7 118.699 22.2034 -21.1521 -1059.86 -3.47956 -103.774 -1.05127 -7.88284 ;
-4037.55 -781.315 -8616.64 -910.405 469636 -12442.9 -1079.51 -21.1521 270.026 8642.08 34.4371 1312.46 -63.5179 -367.796 ;
-251104 -56468.2 -472074 -61763.8 4.36886e+06 -400998 -43901 -1059.86 8642.08 668783 2207.38 42299.8 -584.881 -5852.43 ;
-894.634 -198.428 -2138.21 -218.396 37506.5 -1532.65 -156.009 -3.47956 34.4371 2207.38 34.4371 169.457 -5.0305 -43.1036 ;
-19693.4 -3807.82 -41783.1 -4440.92 2.22314e+06 -61024.2 -5209.13 -103.774 1312.46 42299.8 169.457 7437.48 -299.856 -1747.95 ;
-161.76 -22.4152 -539.08 -124.122 -635045 2948.59 -113.445 -1.05127 -63.5179 -584.881 -5.0305 -299.856 87.6786 522.167 ;
-1603.99 -232.721 -4290.27 -1080.64 -3.76853e+06 16526.5 -743.071 -7.88284 -367.796 -5852.43 -43.1036 -1747.95 522.167 5443.4 ;
]
+++++++++++++
Iter 29

Size = 14
Data size = 105
[ 117535 25854.7 223982 29767.3 1.10738e+06 186266 22614.3 471.677 -4055 -251060 -900.748 -19762.4 -162.663 -1613.16 ;
25854.7 5893.06 46676 6646.62 153903 36216.9 4383.41 92.8484 -785.07 -56431.1 -199.784 -3822.81 -22.5665 -234.338 ;
223982 46676 529046 53982.6 3.85181e+06 393367 49416.2 1024.64 -8677.32 -473937 -2160.41 -42044.7 -542.546 -4318.84 ;
29767.3 6646.62 53982.6 18621.1 855827 39650.9 5505.5 -99.2172 -921.182 -62264.2 -221.711 -4488.5 -124.604 -1085.05 ;
1.10738e+06 153903 3.85181e+06 855827 5.89886e+09 -2.24134e+07 750716 8806.35 469543 4.36907e+06 37530.7 2.2219e+06 -635902 -3.77489e+06 ;
186266 36216.9 393367 39650.9 -2.24134e+07 670612 49400.4 998.24 -12490.7 -401948 -1544.42 -61222.3 2949.41 16538.8 ;
22614.3 4383.41 49416.2 5505.5 750716 49400.4 7197.02 118.342 -1085.18 -44041.8 -157.417 -5233.78 -114.086 -747.298 ;
471.677 92.8484 1024.64 -99.2172 8806.35 998.24 118.342 22.1344 -21.0778 -1050.61 -3.45904 -103.341 -1.05662 -7.92394 ;
-4055 -785.07 -8677.32 -921.182 469543 -12490.7 -1085.18 -21.0778 270.99 8663.39 34.6873 1316.38 -63.5124 -367.867 ;
-251060 -56431.1 -473937 -62264.2 4.36907e+06 -401948 -44041.8 -1050.61 8663.39 666182 2214.38 42375.6 -584.993 -5854.94 ;
-900.748 -199.784 -2160.41 -221.711 37530.7 -1544.42 -157.417 -3.45904 34.6873 2214.38 34.6873 170.603 -5.03469 -43.1815 ;
-19762.4 -3822.81 -42044.7 -4488.5 2.2219e+06 -61222.3 -5233.78 -103.341 1316.38 42375.6 170.603 7457.27 -299.722 -1747.55 ;
-162.663 -22.5665 -542.546 -124.604 -635902 2949.41 -114.086 -1.05662 -63.5124 -584.993 -5.03469 -299.722 87.7993 523.043 ;
-1613.16 -234.338 -4318.84 -1085.05 -3.77489e+06 16538.8 -747.298 -7.92394 -367.867 -5854.94 -43.1815 -1747.55 523.043 5453.76 ;
]
+++++++++++++
Iter 35

Size = 14
Data size = 105
[ 50955.8 14870.6 141634 17762 744491 125061 14987 337.42 -2722.78 -162690 -545.96 -13301.3 -102.762 -932.742 ;
14870.6 4923.79 43978.3 5919.21 156124 36243 4334.78 100.223 -784.973 -55012.6 -180.783 -3834.37 -21.3643 -198.135 ;
141634 43978.3 478916 46429.8 3.37141e+06 369353 45741.4 1051.29 -8144.46 -450979 -1933.09 -39434.2 -452.556 -3334.48 ;
17762 5919.21 46429.8 17036.9 763287 36460.8 4921.73 -106.292 -841.48 -58084.2 -186.478 -4109.41 -105.128 -828.454 ;
744491 156124 3.37141e+06 763287 5.99792e+09 -2.28115e+07 658772 8057.96 477590 4.06341e+06 35411.9 2.24899e+06 -626592 -3.38519e+06 ;
125061 36243 369353 36460.8 -2.28115e+07 648118 47052.1 1013.72 -12060.6 -390614 -1420.58 -58984.9 2905.79 14513.8 ;
14987 4334.78 45741.4 4921.73 658772 47052.1 6754.79 119.585 -1035.11 -42602 -143.393 -4987.33 -96.1442 -589.776 ;
337.42 100.223 1051.29 -106.292 8057.96 1013.72 119.585 22.346 -21.4286 -1101.44 -3.57266 -105.533 -0.917387 -6.36946 ;
-2722.78 -784.973 -8144.46 -841.48 477590 -12060.6 -1035.11 -21.4286 261.467 8367.8 31.8844 1268.78 -62.1561 -318.493 ;
-162690 -55012.6 -450979 -58084.2 4.06341e+06 -390614 -42602 -1101.44 8367.8 674661 2071.32 41032.2 -513.747 -4615.88 ;
-545.96 -180.783 -1933.09 -186.478 35411.9 -1420.58 -143.393 -3.57266 31.8844 2071.32 31.8844 156.377 -4.62605 -33.8389 ;
-13301.3 -3834.37 -39434.2 -4109.41 2.24899e+06 -58984.9 -4987.33 -105.533 1268.78 41032.2 156.377 7191.13 -291.884 -1498.77 ;
-102.762 -21.3643 -452.556 -105.128 -626592 2905.79 -96.1442 -0.917387 -62.1561 -513.747 -4.62605 -291.884 83.0191 442.975 ;
-932.742 -198.135 -3334.48 -828.454 -3.38519e+06 14513.8 -589.776 -6.36946 -318.493 -4615.88 -33.8389 -1498.77 442.975 4179.17 ;
]
+++++++++++++
Iter 36

Size = 14
Data size = 105
[ 52579.8 16901.8 149820 19489.4 760438 130017 15641.4 319.45 -2830 -164339 -584.362 -13740.5 -105.4 -954.951 ;
16901.8 5642.34 46563.5 6483.94 160274 37662 4528.42 94.1445 -816.691 -55312.1 -193.7 -3963.19 -22.0295 -203.978 ;
149820 46563.5 518327 52820.9 3.48282e+06 392780 48692.1 1013.53 -8643.44 -468819 -2114.37 -41608.7 -469.01 -3441.37 ;
19489.4 6483.94 52820.9 18278.8 768597 40384.2 5448.37 -96.4243 -931.341 -63006.4 -216.052 -4510.67 -106.565 -837.678 ;
760438 160274 3.48282e+06 768597 5.88756e+09 -2.22785e+07 679675 8146.73 465777 3.94257e+06 34718.6 2.18954e+06 -618813 -3.32841e+06 ;
130017 37662 392780 40384.2 -2.22785e+07 668184 49396.1 984.469 -12424.5 -397851 -1511.4 -60511.6 2858.7 14255.6 ;
15641.4 4528.42 48692.1 5448.37 679675 49396.1 7084.24 116.526 -1084.14 -43825.1 -154.775 -5202.83 -99.3776 -605.89 ;
319.45 94.1445 1013.53 -96.4243 8146.73 984.469 116.526 21.7443 -20.8112 -1022.89 -3.40588 -101.931 -0.933132 -6.42668 ;
-2830 -816.691 -8643.44 -931.341 465777 -12424.5 -1084.14 -20.8112 268.879 8551.86 33.8524 1299.53 -61.0441 -312.007 ;
-164339 -55312.1 -468819 -63006.4 3.94257e+06 -397851 -43825.1 -1022.89 8551.86 661085 2156.79 41726.6 -503.313 -4523.28 ;
-584.362 -193.7 -2114.37 -216.052 34718.6 -1511.4 -154.775 -3.40588 33.8524 2156.79 33.8524 165.529 -4.577 -33.4651 ;
-13740.5 -3963.19 -41608.7 -4510.67 2.18954e+06 -60511.6 -5202.83 -101.931 1299.53 41726.6 165.529 7349.43 -286.136 -1464.36 ;
-105.4 -22.0295 -469.01 -106.565 -618813 2858.7 -99.3776 -0.933132 -61.0441 -503.313 -4.577 -286.136 82.5247 439.363 ;
-954.951 -203.978 -3441.37 -837.678 -3.32841e+06 14255.6 -605.89 -6.42668 -312.007 -4523.28 -33.4651 -1464.36 439.363 4144.99 ;
]
+++++++++++++
Iter 38

Size = 14
Data size = 105
[ 24618.7 10267.5 99266.7 12391.8 689977 88940.4 10774.3 238.971 -1942.36 -110753 -370.963 -9512.44 -98.0419 -984.975 ;
10267.5 4782.39 44436.9 5916.88 219744 37332.4 4511.28 103.177 -811.391 -54170.2 -177.114 -3973.4 -30.9552 -316.829 ;
99266.7 44436.9 482340 47641.8 3.72224e+06 368156 46054.3 1062.31 -8152.97 -454832 -1941.3 -39653.7 -511.477 -4401.21 ;
12391.8 5916.88 47641.8 17930.3 874483 36707.9 5062.06 -107.966 -853.103 -59462.3 -186.293 -4193.04 -123.774 -1149.22 ;
689977 219744 3.72224e+06 874483 6.19935e+09 -2.36207e+07 685073 9308.65 498087 4.80002e+06 42794.7 2.36979e+06 -653001 -4.08802e+06 ;
88940.4 37332.4 368156 36707.9 -2.36207e+07 649983 46642.3 1010.2 -12130 -397176 -1458.46 -59677 3034.28 17519.2 ;
10774.3 4511.28 46054.3 5062.06 685073 46642.3 6749.12 120.051 -1029.4 -42891.7 -143.867 -4974.67 -101.998 -744.941 ;
238.971 103.177 1062.31 -107.966 9308.65 1010.2 120.051 22.3413 -21.284 -1112.71 -3.6047 -104.617 -1.05731 -8.5715 ;
-1942.36 -811.391 -8152.97 -853.103 498087 -12130 -1029.4 -21.284 264.167 8522.32 33.0126 1287.11 -65.7483 -392.05 ;
-110753 -54170.2 -454832 -59462.3 4.80002e+06 -397176 -42891.7 -1112.71 8522.32 691878 2102.3 41897.1 -621.382 -6509.87 ;
-370.963 -177.114 -1941.3 -186.293 42794.7 -1458.46 -143.867 -3.6047 33.0126 2102.3 33.0126 162.676 -5.5723 -50.9371 ;
-9512.44 -3973.4 -39653.7 -4193.04 2.36979e+06 -59677 -4974.67 -104.617 1287.11 41897.1 162.676 7308.5 -311.95 -1862.28 ;
-98.0419 -30.9552 -511.477 -123.774 -653001 3034.28 -101.998 -1.05731 -65.7483 -621.382 -5.5723 -311.95 87.9069 547.124 ;
-984.975 -316.829 -4401.21 -1149.22 -4.08802e+06 17519.2 -744.941 -8.5715 -392.05 -6509.87 -50.9371 -1862.28 547.124 6002.05 ;
]
+++++++++++++
Iter 39

Size = 14
Data size = 105
[ 25395.6 11509.5 104526 13516.8 700242 92202.2 11206.7 227.582 -2012.22 -112212 -395.848 -9795.23 -100.028 -1004.44 ;
11509.5 5423.45 46787.9 6448.75 223774 38641.7 4691.71 97.4102 -840.342 -54633 -189.177 -4088.37 -31.6941 -324.107 ;
104526 46787.9 518177 53700.1 3.82136e+06 389257 48746.9 1025.61 -8604.28 -471747 -2109.73 -41606.3 -527.384 -4529.11 ;
13516.8 6448.75 53700.1 19120.7 876424 40343.7 5553.76 -98.4983 -936.657 -64440.7 -215.085 -4564.99 -125.013 -1159.3 ;
700242 223774 3.82136e+06 876424 6.05969e+09 -2.30279e+07 702225 9308.87 484759 4.64675e+06 41831.7 2.30227e+06 -642805 -4.00742e+06 ;
92202.2 38641.7 389257 40343.7 -2.30279e+07 667730 48779.5 981.087 -12449.7 -403649 -1541.24 -60987.9 2982.66 17183.9 ;
11206.7 4691.71 48746.9 5553.76 702225 48779.5 7049.5 117.031 -1073.91 -44043 -154.433 -5168.88 -104.873 -762.468 ;
227.582 97.4102 1025.61 -98.4983 9308.87 981.087 117.031 21.7409 -20.6758 -1036.53 -3.44874 -101.057 -1.06512 -8.55043 ;
-2012.22 -840.342 -8604.28 -936.657 484759 -12449.7 -1073.91 -20.6758 270.589 8687.34 34.7953 1313.12 -64.5003 -383.424 ;
-112212 -54633 -471747 -64440.7 4.64675e+06 -403649 -44043 -1036.53 8687.34 681961 2191.29 42475.6 -607.797 -6368.04 ;
-395.848 -189.177 -2109.73 -215.085 41831.7 -1541.24 -154.433 -3.44874 34.7953 2191.29 34.7953 170.905 -5.5043 -50.2509 ;
-9795.23 -4088.37 -41606.3 -4564.99 2.30227e+06 -60987.9 -5168.88 -101.057 1313.12 42475.6 170.905 7439.47 -305.452 -1816.46 ;
-100.028 -31.6941 -527.384 -125.013 -642805 2982.66 -104.873 -1.06512 -64.5003 -607.797 -5.5043 -305.452 87.1891 541.48 ;
-1004.44 -324.107 -4529.11 -1159.3 -4.00742e+06 17183.9 -762.468 -8.55043 -383.424 -6368.04 -50.2509 -1816.46 541.48 5940.41 ;
]
+++++++++++++
Iter 40

Size = 14
Data size = 105
[ 6988.05 3737.81 53804.1 6681.9 448304 49858.9 6049.34 129.717 -1092.99 -55408.3 -192.902 -5302.36 -59.4234 -583.699 ;
3737.81 2381.63 32460.6 4239.2 222511 28490.8 3479.53 76.2613 -623.514 -36108.5 -124.377 -3025.68 -29.211 -264.597 ;
53804.1 32460.6 509466 52654.1 3.72836e+06 384644 47943.8 1095.55 -8514.05 -468783 -2067.21 -40845.2 -481.402 -4254.75 ;
6681.9 4239.2 52654.1 20000.8 882080 40049.5 5490.58 -107.152 -931.29 -64632.4 -209.379 -4470.84 -117.211 -1106.64 ;
448304 222511 3.72836e+06 882080 6.47795e+09 -2.43683e+07 648224 10222.8 512299 5.0125e+06 46466.8 2.41162e+06 -659771 -4.22007e+06 ;
49858.9 28490.8 384644 40049.5 -2.43683e+07 664458 48202.1 1024.3 -12383 -402775 -1527.32 -60142.8 3021.97 17479 ;
6049.34 3479.53 47943.8 5490.58 648224 48202.1 6892.17 122.888 -1063.42 -43898.2 -151.375 -5080.41 -90.7491 -699.119 ;
129.717 76.2613 1095.55 -107.152 10222.8 1024.3 122.888 22.8025 -21.7432 -1116.82 -3.53 -107.245 -1.05937 -8.96431 ;
-1092.99 -623.514 -8514.05 -931.29 512299 -12383 -1063.42 -21.7432 269.381 8691.99 34.4853 1298.65 -64.9234 -384.646 ;
-55408.3 -36108.5 -468783 -64632.4 5.0125e+06 -402775 -43898.2 -1116.82 8691.99 677022 2126.62 42366.4 -612.354 -6486.33 ;
