============== BHHH ===============

Size = 14
Data size = 105
[ 6974.65 5378.62 54121.9 8230.67 304576 49539.6 5985.76 86.8652 -1082.4 -65420.3 -197.15 -5385.18 -32.709 -679.412 ;
5378.62 4624.11 44084 7320.38 212074 38081.5 4580.77 65.9437 -823.286 -56708.6 -166.307 -4108.9 -22.1521 -423.028 ;
54121.9 44084 532593 71269.8 2.69283e+06 380506 47894.1 706.26 -8393.43 -577590 -2086.58 -41833.9 -326.914 -5225.31 ;
8230.67 7320.38 71269.8 35500 737012 44848.6 6247.98 -70.5512 -1051.66 -82069.3 -310.024 -5080.47 -79.7219 -1846.04 ;
304576 212074 2.69283e+06 737012 6.03382e+09 -2.39202e+07 396333 10792.2 497185 5.43804e+06 41050.6 2.45217e+06 -602318 -5.69718e+06 ;
49539.6 38081.5 380506 44848.6 -2.39202e+07 641076 47386.9 624.564 -11751.1 -474636 -1342.84 -58912.4 2834.79 17382.2 ;
5985.76 4580.77 47894.1 6247.98 396333 47386.9 6562.91 88.6143 -1035.24 -52743.2 -159.807 -5029.1 -48.1686 -796.375 ;
86.8652 65.9437 706.26 -70.5512 10792.2 624.564 88.6143 15.6405 -14.0672 -716.575 -1.79582 -64.4046 -1.57329 -9.28357 ;
-1082.4 -823.286 -8393.43 -1051.66 497185 -11751.1 -1035.24 -14.0672 254.332 9922.95 33.6956 1266.48 -60.8016 -375.066 ;
-65420.3 -56708.6 -577590 -82069.3 5.43804e+06 -474636 -52743.2 -716.575 9922.95 1.08322e+06 2255.31 50540.9 -552.578 -13728.6 ;
-197.15 -166.307 -2086.58 -310.024 41050.6 -1342.84 -159.807 -1.79582 33.6956 2255.31 33.6956 166.33 -5.38482 -58.9631 ;
-5385.18 -4108.9 -41833.9 -5080.47 2.45217e+06 -58912.4 -5029.1 -64.4046 1266.48 50540.9 166.33 7246.13 -300.295 -1785.55 ;
-32.709 -22.1521 -326.914 -79.7219 -602318 2834.79 -48.1686 -1.57329 -60.8016 -552.578 -5.38482 -300.295 73.9381 541.475 ;
-679.412 -423.028 -5225.31 -1846.04 -5.69718e+06 17382.2 -796.375 -9.28357 -375.066 -13728.6 -58.9631 -1785.55 541.475 19809.2 ;
]

============== Hessian ===============

Size = 14
Data size = 105
[ 6934.22 5295.03 53825.6 7489.91 461963 49874.6 6044 98.8563 -1084.31 -55388.8 -202.191 -5363.47 -57.5341 -561.458 ;
5295.03 4508.91 42663.8 6289.16 277595 37188 4516.25 74.8009 -807.308 -47514.1 -171.071 -3982.76 -34.0848 -331.062 ;
53825.6 42663.8 509883 59084.9 3.68428e+06 384775 47802.3 911.188 -8421.54 -470575 -2168.65 -41511.2 -449.758 -4090.63 ;
7489.91 6289.16 59084.9 22541.8 873689 45545 6034.56 -75.1633 -1032.83 -72054.2 -251.926 -5141.36 -110.053 -1057.26 ;
461963 277595 3.68428e+06 873689 6.44698e+09 -2.37112e+07 616225 10714.2 494320 4.82522e+06 47546.8 2.41968e+06 -637246 -4.10856e+06 ;
49874.6 37188 384775 45545 -2.37112e+07 649464 47927 799.603 -12050.3 -400595 -1589.01 -60008.2 2848.63 16353.6 ;
6044 4516.25 47802.3 6034.56 616225 47927 6802.68 101.414 -1048.07 -43811.7 -157.753 -5121.72 -81.856 -652.101 ;
98.8563 74.8009 911.188 -75.1633 10714.2 799.603 101.414 18.3993 -17.3251 -834.519 -2.81281 -81.6633 -1.07418 -8.14687 ;
-1084.31 -807.308 -8421.54 -1032.83 494320 -12050.3 -1048.07 -17.3251 259.736 8564.08 35.455 1286.15 -60.2438 -351.184 ;
-55388.8 -47514.1 -470575 -72054.2 4.82522e+06 -400595 -43811.7 -834.519 8564.08 689185 2218.44 42287.3 -561.612 -5933.57 ;
-202.191 -171.071 -2168.65 -251.926 47546.8 -1589.01 -157.753 -2.81281 35.455 2218.44 35.455 176.505 -5.76831 -53.8551 ;
-5363.47 -3982.76 -41511.2 -5141.36 2.41968e+06 -60008.2 -5121.72 -81.6633 1286.15 42287.3 176.505 7354.97 -294.292 -1713.72 ;
-57.5341 -34.0848 -449.758 -110.053 -637246 2848.63 -81.856 -1.07418 -60.2438 -561.612 -5.76831 -294.292 78.6458 489.679 ;
-561.458 -331.062 -4090.63 -1057.26 -4.10856e+06 16353.6 -652.101 -8.14687 -351.184 -5933.57 -53.8551 -1713.72 489.679 5473.08 ;
]

