# This file has automatically been generated
# biogeme 2.6a [Mon Apr 24 10:21:29 BST 2017]
# <a href='http://people.epfl.ch/michel.bierlaire'>Michel Bierlaire</a>, <a href='http://transp-or.epfl.ch'>Transport and Mobility Laboratory</a>, <a href='http://www.epfl.ch'>Ecole Polytechnique F&eacute;d&eacute;rale de Lausanne (EPFL)</a>
# Sat Nov  4 13:45:05 2017</p>
#
ASC_PT = Beta('ASC_PT',0,-10000,10000,1,'ASC_PT' )

Beta_time_PT = Beta('Beta_time_PT',0.43352,-10000,10000,0,'Beta_time_PT' )

LAMBDA = Beta('LAMBDA',0.240734,-10000,10000,0,'LAMBDA' )

Beta_time_PT_walk = Beta('Beta_time_PT_walk',-0.0423104,-10000,10000,0,'Beta_time_PT_walk' )

Beta_Cost = Beta('Beta_Cost',-0.0724513,-10000,10000,0,'Beta_Cost' )

Beta_Income = Beta('Beta_Income',-0.000102259,-10000,10000,0,'Beta_Income' )

Beta_Age = Beta('Beta_Age',-0.00536222,-10000,10000,0,'Beta_Age' )

Beta_typeBus = Beta('Beta_typeBus',-0.0391652,-10000,10000,0,'Beta_typeBus' )

Beta_have_ga = Beta('Beta_have_ga',1.09301,-10000,10000,0,'Beta_have_ga' )

ASC_PM  = Beta('ASC_PM ',1.36002,-10000,10000,0,'ASC_PM ' )

Beta_time_PM = Beta('Beta_time_PM',-0.00718796,-10000,10000,0,'Beta_time_PM' )

ASC_SM = Beta('ASC_SM',-0.372365,-10000,10000,0,'ASC_SM' )

Beta_Distance = Beta('Beta_Distance',-0.153375,-10000,10000,0,'Beta_Distance' )


## Code for the sensitivity analysis
names = ['ASC_PM ','ASC_SM','Beta_Age','Beta_Cost','Beta_Distance','Beta_Income','Beta_have_ga','Beta_time_PM','Beta_time_PT','Beta_time_PT_walk','Beta_typeBus','LAMBDA']
values = [[0.656504,0.0929292,0.00642083,0.00466065,0.0303048,1.87321e-06,0.057704,0.00242111,0.045209,0.00226089,0.0182233,-0.00617503],[0.0929292,0.215498,2.08793e-05,-0.000413567,-0.00689558,8.56063e-06,-0.00862476,0.000305102,0.00801123,-0.000352883,0.013119,-0.000288233],[0.00642083,2.08793e-05,0.000125474,1.50831e-05,9.51476e-05,1.82682e-08,0.000113123,4.17554e-06,9.74837e-05,5.8472e-06,2.02567e-05,-2.57794e-05],[0.00466065,-0.000413567,1.50831e-05,0.000490831,0.000643495,-2.78937e-08,0.00531531,9.22042e-05,0.00049116,2.82118e-05,-5.27386e-05,0.000150271],[0.0303048,-0.00689558,9.51476e-05,0.000643495,0.00442876,1.44583e-07,0.00713647,0.000336235,0.0035605,0.000325981,0.000494367,-8.46286e-05],[1.87321e-06,8.56063e-06,1.82682e-08,-2.78937e-08,1.44583e-07,1.08491e-09,-1.74859e-06,8.04733e-09,-1.56824e-07,1.33487e-08,2.84735e-07,1.08599e-07],[0.057704,-0.00862476,0.000113123,0.00531531,0.00713647,-1.74859e-06,0.220395,0.00122536,0.00763268,0.000125525,-0.000954913,0.00159644],[0.00242111,0.000305102,4.17554e-06,9.22042e-05,0.000336235,8.04733e-09,0.00122536,6.45221e-05,0.000306182,2.95941e-05,1.75748e-05,0.000185247],[0.045209,0.00801123,9.74837e-05,0.00049116,0.0035605,-1.56824e-07,0.00763268,0.000306182,0.0103565,8.77402e-05,0.00119044,-0.00339208],[0.00226089,-0.000352883,5.8472e-06,2.82118e-05,0.000325981,1.33487e-08,0.000125525,2.95941e-05,8.77402e-05,5.75153e-05,5.48682e-06,1.37162e-05],[0.0182233,0.013119,2.02567e-05,-5.27386e-05,0.000494367,2.84735e-07,-0.000954913,1.75748e-05,0.00119044,5.48682e-06,0.00259422,-0.0005415],[-0.00617503,-0.000288233,-2.57794e-05,0.000150271,-8.46286e-05,1.08599e-07,0.00159644,0.000185247,-0.00339208,1.37162e-05,-0.0005415,0.00415974]]
vc = bioMatrix(12,names,values)
BIOGEME_OBJECT.VARCOVAR = vc
