# This file has automatically been generated
# biogeme 2.6a [Mon Apr 24 10:21:29 BST 2017]
# <a href='http://people.epfl.ch/michel.bierlaire'>Michel Bierlaire</a>, <a href='http://transp-or.epfl.ch'>Transport and Mobility Laboratory</a>, <a href='http://www.epfl.ch'>Ecole Polytechnique F&eacute;d&eacute;rale de Lausanne (EPFL)</a>
# Sat Nov  4 13:50:06 2017</p>
#
ASC_PT = Beta('ASC_PT',0,-10000,10000,1,'ASC_PT' )

Beta_time_PT = Beta('Beta_time_PT',0.328916,-10000,10000,0,'Beta_time_PT' )

LAMBDA = Beta('LAMBDA',0.199383,-10000,10000,0,'LAMBDA' )

Beta_time_PT_walk = Beta('Beta_time_PT_walk',-0.0379046,-10000,10000,0,'Beta_time_PT_walk' )

Beta_Cost = Beta('Beta_Cost',-0.0565444,-10000,10000,0,'Beta_Cost' )

Beta_Income = Beta('Beta_Income',-6.93144e-05,-10000,10000,0,'Beta_Income' )

Beta_Age = Beta('Beta_Age',-0.00652522,-10000,10000,0,'Beta_Age' )

Beta_typeBus = Beta('Beta_typeBus',-0.0992745,-10000,10000,0,'Beta_typeBus' )

Beta_have_ga = Beta('Beta_have_ga',1.59951,-10000,10000,0,'Beta_have_ga' )

ASC_PM  = Beta('ASC_PM ',1.54599,-10000,10000,0,'ASC_PM ' )

Beta_time_PM = Beta('Beta_time_PM',-0.0140731,-10000,10000,0,'Beta_time_PM' )

Beta_multi_trips = Beta('Beta_multi_trips',-0.27076,-10000,10000,0,'Beta_multi_trips' )

Beta_region = Beta('Beta_region',-0.192575,-10000,10000,0,'Beta_region' )

ASC_SM = Beta('ASC_SM',-0.379172,-10000,10000,0,'ASC_SM' )

Beta_Distance = Beta('Beta_Distance',-0.189393,-10000,10000,0,'Beta_Distance' )


## Code for the sensitivity analysis
names = ['ASC_PM ','ASC_SM','Beta_Age','Beta_Cost','Beta_Distance','Beta_Income','Beta_have_ga','Beta_multi_trips','Beta_region','Beta_time_PM','Beta_time_PT','Beta_time_PT_walk','Beta_typeBus','LAMBDA']
values = [[0.126053,0.0521291,0.00059972,0.000865631,0.00387476,-5.70439e-08,0.0159333,0.00245851,-0.00467665,0.000466784,0.0108952,0.000121513,0.00500764,-0.00146951],[0.0521291,0.197162,-3.625e-05,0.00052484,-0.0146141,5.6716e-06,0.00831249,-0.0132577,-0.000311718,0.000169177,0.00668905,-8.39005e-05,0.00494808,-0.00223877],[0.00059972,-3.625e-05,1.20817e-05,3.9574e-06,1.48973e-05,-1.1424e-09,2.68638e-05,5.11555e-05,4.12402e-06,1.11301e-06,-2.1557e-06,6.61209e-07,5.84346e-06,9.94897e-06],[0.000865631,0.00052484,3.9574e-06,0.000179278,8.78404e-05,-7.05938e-09,0.00192628,1.84233e-06,1.87486e-05,2.35251e-05,5.33132e-06,8.17815e-06,1.53023e-05,2.50719e-05],[0.00387476,-0.0146141,1.48973e-05,8.78404e-05,0.00295475,-9.61081e-08,0.00126854,0.0021634,2.05264e-05,6.99126e-05,0.00074685,2.94228e-05,-9.45588e-06,0.000198875],[-5.70438e-08,5.6716e-06,-1.1424e-09,-7.05938e-09,-9.61081e-08,6.3511e-10,-3.34672e-07,-2.41437e-07,-6.33192e-09,-3.60559e-09,-1.61228e-08,-5.57543e-09,3.6452e-08,-4.15719e-10],[0.0159333,0.00831249,2.68638e-05,0.00192628,0.00126854,-3.34672e-07,0.0747811,-0.00327859,0.000122284,0.000378643,0.00191485,-8.33871e-05,1.68374e-05,0.0012718],[0.00245851,-0.0132577,5.11555e-05,1.84233e-06,0.0021634,-2.41437e-07,-0.00327859,0.0437919,-0.000234806,-0.000104281,-0.00129852,0.000336655,-0.000589881,-0.000404781],[-0.00467665,-0.000311718,4.12402e-06,1.87486e-05,2.05264e-05,-6.33191e-09,0.000122284,-0.000234806,0.000963812,5.48657e-06,4.37651e-05,-2.81347e-06,-1.46354e-05,-1.89542e-05],[0.000466784,0.000169177,1.11301e-06,2.35251e-05,6.99126e-05,-3.60559e-09,0.000378643,-0.000104281,5.48657e-06,1.8398e-05,7.56813e-05,3.31384e-06,-3.8991e-06,0.000108736],[0.0108952,0.00668905,-2.1557e-06,5.33132e-06,0.00074685,-1.61228e-08,0.00191485,-0.00129852,4.37651e-05,7.56813e-05,0.00448833,-7.39116e-05,3.17902e-05,-0.00185134],[0.000121513,-8.39005e-05,6.61209e-07,8.17815e-06,2.94228e-05,-5.57543e-09,-8.33871e-05,0.000336655,-2.81347e-06,3.31384e-06,-7.39116e-05,1.72988e-05,-1.1184e-05,-1.29725e-05],[0.00500764,0.00494808,5.84346e-06,1.53023e-05,-9.45588e-06,3.6452e-08,1.68374e-05,-0.000589881,-1.46354e-05,-3.8991e-06,3.17902e-05,-1.1184e-05,0.00101994,-0.000160801],[-0.00146951,-0.00223877,9.94897e-06,2.50719e-05,0.000198875,-4.15719e-10,0.0012718,-0.000404781,-1.89542e-05,0.000108736,-0.00185134,-1.29725e-05,-0.000160801,0.0033034]]
vc = bioMatrix(14,names,values)
BIOGEME_OBJECT.VARCOVAR = vc
