# This file has automatically been generated
# biogeme 2.6a [Mon Apr 24 10:21:29 BST 2017]
# <a href='http://people.epfl.ch/michel.bierlaire'>Michel Bierlaire</a>, <a href='http://transp-or.epfl.ch'>Transport and Mobility Laboratory</a>, <a href='http://www.epfl.ch'>Ecole Polytechnique F&eacute;d&eacute;rale de Lausanne (EPFL)</a>
# Sat Nov  4 13:44:00 2017</p>
#
ASC_PT = Beta('ASC_PT',0,-10000,10000,1,'ASC_PT' )

Beta_time_PT = Beta('Beta_time_PT',0.434476,-10000,10000,0,'Beta_time_PT' )

LAMBDA = Beta('LAMBDA',0.241082,-10000,10000,0,'LAMBDA' )

Beta_time_PT_walk = Beta('Beta_time_PT_walk',-0.0447996,-10000,10000,0,'Beta_time_PT_walk' )

Beta_Cost = Beta('Beta_Cost',-0.0713825,-10000,10000,0,'Beta_Cost' )

Beta_Income = Beta('Beta_Income',-0.00010181,-10000,10000,0,'Beta_Income' )

Beta_Age = Beta('Beta_Age',-0.00465626,-10000,10000,0,'Beta_Age' )

Beta_typeBus = Beta('Beta_typeBus',-0.0372946,-10000,10000,0,'Beta_typeBus' )

Beta_have_ga = Beta('Beta_have_ga',1.11511,-10000,10000,0,'Beta_have_ga' )

ASC_PM  = Beta('ASC_PM ',1.36533,-10000,10000,0,'ASC_PM ' )

Beta_time_PM = Beta('Beta_time_PM',-0.0066293,-10000,10000,0,'Beta_time_PM' )

Beta_multi_trips = Beta('Beta_multi_trips',-0.504751,-10000,10000,0,'Beta_multi_trips' )

ASC_SM = Beta('ASC_SM',-0.385525,-10000,10000,0,'ASC_SM' )

Beta_Distance = Beta('Beta_Distance',-0.1583,-10000,10000,0,'Beta_Distance' )


## Code for the sensitivity analysis
names = ['ASC_PM ','ASC_SM','Beta_Age','Beta_Cost','Beta_Distance','Beta_Income','Beta_have_ga','Beta_multi_trips','Beta_time_PM','Beta_time_PT','Beta_time_PT_walk','Beta_typeBus','LAMBDA']
values = [[0.656368,0.093272,0.00635772,0.00454701,0.0310582,1.93011e-06,0.0524765,0.0458401,0.00233378,0.0452001,0.00248107,0.0185515,-0.00707145],[0.093272,0.211724,6.41876e-05,-0.000342198,-0.00715201,8.50543e-06,-0.00667951,-0.0490614,0.000344035,0.00831621,-0.000617449,0.0133425,-0.000353561],[0.00635772,6.41876e-05,0.000124424,1.68129e-05,8.63023e-05,1.75855e-08,0.00013181,-0.00020263,4.99309e-06,9.99743e-05,3.95776e-06,2.57276e-05,-2.68979e-05],[0.00454701,-0.000342198,1.68129e-05,0.000477093,0.000606689,-2.06789e-08,0.00513826,-3.68715e-06,8.26064e-05,0.000462297,2.377e-05,-3.56987e-05,0.000116825],[0.0310582,-0.00715201,8.63023e-05,0.000606689,0.00474723,1.67223e-07,0.00606144,0.013867,0.000314604,0.00356243,0.000411225,0.000470473,-0.000214773],[1.93011e-06,8.50543e-06,1.75855e-08,-2.06789e-08,1.67223e-07,1.09381e-09,-1.57013e-06,-1.28607e-06,1.19169e-08,-1.25671e-07,7.42443e-09,2.96128e-07,1.08599e-07],[0.0524765,-0.00667951,0.00013181,0.00513826,0.00606144,-1.57013e-06,0.216706,-0.00489098,0.00105963,0.00679528,8.01431e-06,-0.000833776,0.00110778],[0.0458401,-0.0490614,-0.00020263,-3.68715e-06,0.013867,-1.28607e-06,-0.00489098,0.226196,0.000241602,0.0056106,0.00212406,-0.00247243,-0.000956609],[0.00233378,0.000344035,4.99309e-06,8.26064e-05,0.000314604,1.19169e-08,0.00105963,0.000241602,5.85289e-05,0.000279561,2.90021e-05,2.49174e-05,0.000164621],[0.0452001,0.00831621,9.99743e-05,0.000462297,0.00356243,-1.25671e-07,0.00679528,0.0056106,0.000279561,0.0102718,0.000106179,0.00122028,-0.00347891],[0.00248107,-0.000617449,3.95776e-06,2.377e-05,0.000411225,7.42443e-09,8.01431e-06,0.00212406,2.90021e-05,0.000106179,7.44863e-05,-8.54993e-06,-4.51073e-06],[0.0185515,0.0133425,2.57276e-05,-3.56987e-05,0.000470473,2.96128e-07,-0.000833776,-0.00247243,2.49174e-05,0.00122028,-8.54993e-06,0.00262183,-0.000523027],[-0.00707145,-0.000353561,-2.68979e-05,0.000116825,-0.000214773,1.08599e-07,0.00110778,-0.000956609,0.000164621,-0.00347891,-4.51073e-06,-0.000523027,0.00406844]]
vc = bioMatrix(13,names,values)
BIOGEME_OBJECT.VARCOVAR = vc
