============== BHHH ===============

Size = 7
Data size = 28
[ 2.02578e+06 1.05835e+06 541910 -16190.9 -1.53926e+06 -169.185 -4941.95 ;
1.05835e+06 777310 282422 -11864.7 -883828 -294.559 -5089.53 ;
541910 282422 170045 -4113.48 -397279 -113.166 -2468.76 ;
-16190.9 -11864.7 -4113.48 327.104 13817.7 -60.5587 -358.958 ;
-1.53926e+06 -883828 -397279 13817.7 1.55665e+06 -537.31 -11926.4 ;
-169.185 -294.559 -113.166 -60.5587 -537.31 74.835 538.406 ;
-4941.95 -5089.53 -2468.76 -358.958 -11926.4 538.406 19747.2 ;
]

============== Hessian ===============

Size = 7
Data size = 28
[ 1.52225e+06 912622 409457 -14393.8 -1.05751e+06 -307.194 -3034.76 ;
912622 742963 247751 -11519.7 -668197 -514.902 -3777.88 ;
409457 247751 141665 -3786.7 -291511 -177.674 -1542.1 ;
-14393.8 -11519.7 -3786.7 325.148 11237.1 -60.022 -377.73 ;
-1.05751e+06 -668197 -291511 11237.1 864524 -602.338 -6339.55 ;
-307.194 -514.902 -177.674 -60.022 -602.338 82.9448 507.042 ;
-3034.76 -3777.88 -1542.1 -377.73 -6339.55 507.042 5462.45 ;
]

