Iter 0

Size = 7
Data size = 28
[ 2.41166e+06 1.60301e+06 734677 -10491 -852947 -10491 -974764 ;
1.60301e+06 1.68128e+06 480921 -10039.1 -578536 -10039.1 -602935 ;
734677 480921 287630 -2050.56 -154055 -4327.86 -469757 ;
-10491 -10039.1 -2050.56 380.444 15352.4 -190.222 -7628.19 ;
-852947 -578536 -154055 15352.4 1.44286e+06 -7676.22 -835294 ;
-10491 -10039.1 -4327.86 -190.222 -7676.22 380.444 15256.4 ;
-974764 -602935 -469757 -7628.19 -835294 15256.4 2.06633e+06 ;
]
+++++++++++++
Iter 1

Size = 7
Data size = 28
[ 1.94481e+06 1.13693e+06 550689 -12602.7 -1.17939e+06 -4577.9 -201777 ;
1.13693e+06 957227 322319 -9630.19 -648639 -4522.13 -147770 ;
550689 322319 200858 -2878.61 -305790 -2070.31 -101777 ;
-12602.7 -9630.19 -2878.61 410.092 15848 -211.529 -5557.02 ;
-1.17939e+06 -648639 -305790 15848 1.34442e+06 -6463.34 -331662 ;
-4577.9 -4522.13 -2070.31 -211.529 -6463.34 325.339 8175.93 ;
-201777 -147770 -101777 -5557.02 -331662 8175.93 498536 ;
]
+++++++++++++
Iter 2

Size = 7
Data size = 28
[ 1.61269e+06 956367 442215 -13314.7 -1.06867e+06 -1493.15 -58936.2 ;
956367 777670 263829 -10559.7 -654407 -1450.68 -44214.8 ;
442215 263829 154171 -3318.92 -285875 -767.611 -30881.8 ;
-13314.7 -10559.7 -3318.92 364.63 13365.2 -124.628 -2707.23 ;
-1.06867e+06 -654407 -285875 13365.2 1.03573e+06 -3422.7 -131398 ;
-1493.15 -1450.68 -767.611 -124.628 -3422.7 163.45 3549.9 ;
-58936.2 -44214.8 -30881.8 -2707.23 -131398 3549.9 159864 ;
]
+++++++++++++
Iter 3

Size = 7
Data size = 28
[ 1.66275e+06 1.00772e+06 449687 -14586.1 -1.13327e+06 -868.759 -22132.3 ;
1.00772e+06 832003 273681 -11706.3 -713131 -958.531 -19501.5 ;
449687 273681 155564 -3765.45 -308756 -439.069 -11003.3 ;
-14586.1 -11706.3 -3765.45 350.027 12712.2 -89.2826 -1399.6 ;
-1.13327e+06 -713131 -308756 12712.2 994333 -1913.32 -50291.8 ;
-868.759 -958.531 -439.069 -89.2826 -1913.32 117.958 1829.56 ;
-22132.3 -19501.5 -11003.3 -1399.6 -50291.8 1829.56 53447.6 ;
]
+++++++++++++
Iter 4

Size = 7
Data size = 28
[ 1.5748e+06 947633 423755 -14341.1 -1.08358e+06 -573.631 -9642.64 ;
947633 773205 256501 -11440.8 -683100 -730.175 -9730.69 ;
423755 256501 145426 -3726.78 -296925 -299.349 -4760.1 ;
-14341.1 -11440.8 -3726.78 337.806 11869.3 -77.8798 -856.358 ;
-1.08358e+06 -683100 -296925 11869.3 911207 -1262.12 -22538.1 ;
-573.631 -730.175 -299.349 -77.8798 -1262.12 103.753 1115.89 ;
-9642.64 -9730.69 -4760.1 -856.358 -22538.1 1115.89 21167.4 ;
]
+++++++++++++
Iter 5

Size = 7
Data size = 28
[ 1.5368e+06 922579 413696 -14321.2 -1.0637e+06 -420.514 -5211.03 ;
922579 751606 250661 -11437.4 -671646 -617.091 -5902.39 ;
413696 250661 143281 -3754.41 -292663 -230.649 -2599.2 ;
-14321.2 -11437.4 -3754.41 331.095 11460.1 -69.2298 -563.869 ;
-1.0637e+06 -671646 -292663 11460.1 877919 -871.142 -11593.6 ;
-420.514 -617.091 -230.649 -69.2298 -871.142 94.113 745.318 ;
-5211.03 -5902.39 -2599.2 -563.869 -11593.6 745.318 10270.2 ;
]
+++++++++++++
Iter 6

Size = 7
Data size = 28
[ 1.52427e+06 913937 410045 -14364.3 -1.05812e+06 -337.54 -3540.24 ;
913937 743931 248130 -11486.1 -668294 -544.652 -4293.28 ;
410045 248130 141841 -3774.38 -291541 -191.863 -1785.53 ;
-14364.3 -11486.1 -3774.38 326.8 11286.2 -62.72 -423.925 ;
-1.05812e+06 -668294 -291541 11286.2 866920 -670.598 -7521.7 ;
-337.54 -544.652 -191.863 -62.72 -670.598 86.3507 566.845 ;
-3540.24 -4293.28 -1785.53 -423.925 -7521.7 566.845 6522.47 ;
]
+++++++++++++
Iter 7

Size = 7
Data size = 28
[ 1.52236e+06 912512 409373 -14391.5 -1.05759e+06 -310.215 -3083.19 ;
912512 742625 247559 -11514.9 -668034 -517.862 -3827.06 ;
409373 247559 141403 -3783.14 -291487 -178.694 -1562.84 ;
-14391.5 -11514.9 -3783.14 325.329 11241.5 -60.2429 -381.929 ;
-1.05759e+06 -668034 -291487 11241.5 864777 -608.581 -6447.2 ;
-310.215 -517.862 -178.694 -60.2429 -608.581 83.2459 512.597 ;
-3083.19 -3827.06 -1562.84 -381.929 -6447.2 512.597 5559.44 ;
]
+++++++++++++
Iter 8

Size = 7
Data size = 28
[ 1.52195e+06 912317 409389 -14392.2 -1.05732e+06 -307.422 -3036.67 ;
912317 742636 247682 -11518.2 -667992 -515.312 -3780.23 ;
409389 247682 141653 -3786.38 -291466 -177.775 -1542.78 ;
-14392.2 -11518.2 -3786.38 325.162 11235.9 -60.0064 -377.677 ;
-1.05732e+06 -667992 -291466 11235.9 864396 -602.252 -6339.05 ;
-307.422 -515.312 -177.775 -60.0064 -602.252 82.9506 507.089 ;
-3036.67 -3780.23 -1542.78 -377.677 -6339.05 507.089 5462.95 ;
]
+++++++++++++
Iter 9

Size = 7
Data size = 28
[ 1.52225e+06 912622 409457 -14393.8 -1.05751e+06 -307.194 -3034.76 ;
912622 742963 247751 -11519.7 -668197 -514.902 -3777.88 ;
409457 247751 141665 -3786.7 -291511 -177.674 -1542.1 ;
-14393.8 -11519.7 -3786.7 325.148 11237.1 -60.022 -377.73 ;
-1.05751e+06 -668197 -291511 11237.1 864524 -602.338 -6339.55 ;
-307.194 -514.902 -177.674 -60.022 -602.338 82.9448 507.042 ;
-3034.76 -3777.88 -1542.1 -377.73 -6339.55 507.042 5462.45 ;
]
+++++++++++++
