============== BHHH ===============

Size = 7
Data size = 28
[ 1.90416e+06 971788 509681 -15027.7 -1.44747e+06 -39.7978 -83.0916 ;
971788 705618 260207 -10884.1 -823444 -129.66 -379.449 ;
509681 260207 166058 -3831.77 -372787 -73.2259 -285.784 ;
-15027.7 -10884.1 -3831.77 291.751 12614.5 -46.8792 -93.7737 ;
-1.44747e+06 -823444 -372787 12614.5 1.47311e+06 -176.627 -576.594 ;
-39.7978 -129.66 -73.2259 -46.8792 -176.627 53.1546 110.673 ;
-83.0916 -379.449 -285.784 -93.7737 -576.594 110.673 374.972 ;
]

============== Hessian ===============

Size = 7
Data size = 28
[ 1.39019e+06 815042 375126 -13263.8 -974915 -79.4381 -300.003 ;
815042 654387 221762 -10498.6 -602436 -264.78 -723.282 ;
375126 221762 133144 -3500.1 -271075 -104.945 -395.948 ;
-13263.8 -10498.6 -3500.1 279.237 9933.22 -35.5444 -79.2511 ;
-974915 -602436 -271075 9933.22 790964 -139.722 -500.488 ;
-79.4381 -264.78 -104.945 -35.5444 -139.722 51.0923 113.801 ;
-300.003 -723.282 -395.948 -79.2511 -500.488 113.801 415.752 ;
]

