Iter 0

Size = 7
Data size = 28
[ 2.60995e+06 1.72645e+06 712359 -20193.8 -1.66963e+06 -2189.25 -194968 ;
1.72645e+06 1.80902e+06 465150 -18618.9 -1.11625e+06 -2703.86 -129157 ;
712359 465150 247307 -5151.94 -444682 -989.884 -87820.6 ;
-20193.8 -18618.9 -5151.94 391.167 16057.1 -64.3333 -1300.72 ;
-1.66963e+06 -1.11625e+06 -444682 16057.1 1.51578e+06 -1416.78 -131435 ;
-2189.25 -2703.86 -989.884 -64.3333 -1416.78 134.667 2855.8 ;
-194968 -129157 -87820.6 -1300.72 -131435 2855.8 359003 ;
]
+++++++++++++
Iter 1

Size = 7
Data size = 28
[ 2.01904e+06 1.19609e+06 551987 -16972 -1.40336e+06 -1017.7 -33052.1 ;
1.19609e+06 1.04834e+06 324674 -13961.3 -844122 -1440.26 -28309 ;
551987 324674 193369 -4394.23 -386487 -534.752 -15872.3 ;
-16972 -13961.3 -4394.23 358.134 13809.8 -76.4295 -984.297 ;
-1.40336e+06 -844122 -386487 13809.8 1.26867e+06 -1273.38 -44062.3 ;
-1017.7 -1440.26 -534.752 -76.4295 -1273.38 127.346 1545.13 ;
-33052.1 -28309 -15872.3 -984.297 -44062.3 1545.13 66395.5 ;
]
+++++++++++++
Iter 2

Size = 7
Data size = 28
[ 1.55718e+06 894256 426830 -14128.8 -1.08138e+06 -415.765 -8565.33 ;
894256 724459 246830 -11224.6 -648579 -640.801 -8275.83 ;
426830 246830 153423 -3740.73 -301747 -267.065 -4496.39 ;
-14128.8 -11224.6 -3740.73 313.106 11148.1 -54.0322 -514.249 ;
-1.08138e+06 -648579 -301747 11148.1 918700 -731.76 -16754.7 ;
-415.765 -640.801 -267.065 -54.0322 -731.76 80.1167 727.346 ;
-8565.33 -8275.83 -4496.39 -514.249 -16754.7 727.346 19107.5 ;
]
+++++++++++++
Iter 3

Size = 7
Data size = 28
[ 1.39806e+06 807672 380044 -13187 -976456 -257.758 -2893.78 ;
807672 645840 222032 -10434 -593534 -471.492 -3624.85 ;
380044 222032 136245 -3487.28 -272135 -188.523 -1698.14 ;
-13187 -10434 -3487.28 294.975 10198.9 -46.1781 -292.717 ;
-976456 -593534 -272135 10198.9 805045 -457.505 -6083.02 ;
-257.758 -471.492 -188.523 -46.1781 -457.505 67.7146 415.212 ;
-2893.78 -3624.85 -1698.14 -292.717 -6083.02 415.212 5839.42 ;
]
+++++++++++++
Iter 4

Size = 7
Data size = 28
[ 1.37722e+06 797374 373951 -13095.9 -962837 -207.047 -1415.77 ;
797374 636197 219071 -10304.7 -587823 -448.639 -2303.33 ;
373951 219071 134035 -3463.45 -268420 -167.079 -942.779 ;
-13095.9 -10304.7 -3463.45 291.467 10005.3 -47.8746 -200.45 ;
-962837 -587823 -268420 10005.3 787113 -333.435 -2404.65 ;
-207.047 -448.639 -167.079 -47.8746 -333.435 70.4675 293.558 ;
-1415.77 -2303.33 -942.779 -200.45 -2404.65 293.558 2186.85 ;
]
+++++++++++++
Iter 5

Size = 7
Data size = 28
[ 1.36989e+06 795034 371302 -13109.6 -959830 -144.861 -744.169 ;
795034 634350 217897 -10320.8 -587675 -373.136 -1415.93 ;
371302 217897 132901 -3465.84 -267538 -139.007 -619.068 ;
-13109.6 -10320.8 -3465.84 286.522 9914.61 -43.5086 -134.973 ;
-959830 -587675 -267538 9914.61 781844 -231.192 -1142.6 ;
-144.861 -373.136 -139.007 -43.5086 -231.192 63.8779 197.896 ;
-744.169 -1415.93 -619.068 -134.973 -1142.6 197.896 1013.56 ;
]
+++++++++++++
Iter 6

Size = 7
Data size = 28
[ 1.37491e+06 800830 371941 -13176.1 -964289 -100.983 -424.81 ;
800830 640131 218812 -10398 -592428 -306.045 -929.578 ;
371941 218812 132820 -3481.79 -268583 -117.477 -463.41 ;
-13176.1 -10398 -3481.79 282.062 9898.78 -38.3733 -96.5507 ;
-964289 -592428 -268583 9898.78 783901 -168.442 -676.038 ;
-100.983 -306.045 -117.477 -38.3733 -168.442 55.9795 140.148 ;
-424.81 -929.578 -463.41 -96.5507 -676.038 140.148 575.823 ;
]
+++++++++++++
Iter 7

Size = 7
Data size = 28
[ 1.38819e+06 813091 374731 -13255 -973561 -82.3353 -315.311 ;
813091 652419 221369 -10486.5 -601080 -270.931 -750.101 ;
374731 221369 133133 -3498.33 -270775 -106.786 -404.761 ;
-13255 -10486.5 -3498.33 279.666 9930.81 -35.9804 -81.6152 ;
-973561 -601080 -270775 9930.81 790101 -143.689 -522.461 ;
-82.3353 -270.931 -106.786 -35.9804 -143.689 51.8454 117.379 ;
-315.311 -750.101 -404.761 -81.6152 -522.461 117.379 435.39 ;
]
+++++++++++++
Iter 8

Size = 7
Data size = 28
[ 1.39004e+06 814910 375094 -13262.8 -974798 -79.6561 -301.414 ;
814910 654259 221735 -10498 -602339 -265.108 -725.381 ;
375094 221735 133141 -3499.95 -271046 -105.057 -396.69 ;
-13262.8 -10498 -3499.95 279.288 9932.81 -35.5656 -79.4279 ;
-974798 -602339 -271046 9932.81 790881 -140.009 -502.545 ;
-79.6561 -265.108 -105.057 -35.5656 -140.009 51.1287 114.066 ;
-301.414 -725.381 -396.69 -79.4279 -502.545 114.066 417.612 ;
]
+++++++++++++
Iter 9

Size = 7
Data size = 28
[ 1.39019e+06 815042 375126 -13263.8 -974915 -79.4381 -300.003 ;
815042 654387 221762 -10498.6 -602436 -264.78 -723.282 ;
375126 221762 133144 -3500.1 -271075 -104.945 -395.948 ;
-13263.8 -10498.6 -3500.1 279.237 9933.22 -35.5444 -79.2511 ;
-974915 -602436 -271075 9933.22 790964 -139.722 -500.488 ;
-79.4381 -264.78 -104.945 -35.5444 -139.722 51.0923 113.801 ;
-300.003 -723.282 -395.948 -79.2511 -500.488 113.801 415.752 ;
]
+++++++++++++
