Iter 0

Size = 19
Data size = 190
[ 397.167 22385.2 21322.7 -295.128 10652.6 7393.97 346.694 14264.1 198.083 136.333 184.194 34.6944 -326.833 -14640.3 -327.472 -12162.2 -73.1389 -95.3056 -1555.07 ;
22385.2 2.60995e+06 1.72657e+06 -36557.5 758070 584492 22422.9 814257 11384.5 7152.44 9528.81 3013.53 -20195 -1.66964e+06 -22158.4 -758315 -7019.69 -5592.86 -194976 ;
21322.7 1.72657e+06 1.80902e+06 -43955.2 707324 480466 19297.1 772364 10888.4 6254.86 9066.58 1835.97 -18618.9 -1.11625e+06 -18804.2 -698153 -6930.14 -5778.75 -129157 ;
-295.128 -36557.5 -43955.2 94975.9 94975.9 0 -3500.82 -3500.82 -182.014 5.725 -169.883 0 156.872 11413.2 6069.98 6069.98 221.203 -22.6583 14356.3 ;
10652.6 758070 707324 94975.9 4.40575e+07 0 -3500.82 546957 5876.85 2264.89 4044.97 271.133 17839.6 1.10953e+06 6069.98 906812 4862.46 5720.42 -1.87326e+06 ;
7393.97 584492 480466 0 0 4.77933e+07 0 0 3028.22 145.05 7394.49 0 8950.04 609325 0 0 3397.03 2956.98 -1.28925e+06 ;
346.694 22422.9 19297.1 -3500.82 -3500.82 0 7844.25 7844.25 155.75 186 88.2778 84.5556 -327.472 -16480.6 -7262.25 -7262.25 -70.1944 -111.222 43.8611 ;
14264.1 814257 772364 -3500.82 546957 0 7844.25 688481 7448.75 5577.5 5610.56 1269.83 -12162.2 -551453 -7262.25 -583665 -2763.22 -3491.25 -38820.7 ;
198.083 11384.5 10888.4 -182.014 5876.85 3028.22 155.75 7448.75 198.083 74.5833 88.6111 17.9444 -166.167 -7475.25 -154.75 -6404.5 -35.9444 -27.7222 -712.842 ;
136.333 7152.44 6254.86 5.725 2264.89 145.05 186 5577.5 74.5833 136.333 0 16.5556 -116.667 -4900.58 -173 -4842.75 -6.83333 -30.0278 -381.217 ;
184.194 9528.81 9066.58 -169.883 4044.97 7394.49 88.2778 5610.56 88.6111 0 184.194 12.6944 -143.222 -6008.72 -85.3889 -4603.53 -26.5833 -44.6944 -832.629 ;
34.6944 3013.53 1835.97 0 271.133 0 84.5556 1269.83 17.9444 16.5556 12.6944 34.6944 -31.9722 -2382.19 -79.7778 -1190.17 -5.94444 -6.69444 -250.244 ;
-326.833 -20195 -18618.9 156.872 17839.6 8950.04 -327.472 -12162.2 -166.167 -116.667 -143.222 -31.9722 391.167 16057.1 337.694 14116.6 80.0278 116.861 -1300.72 ;
-14640.3 -1.66964e+06 -1.11625e+06 11413.2 1.10953e+06 609325 -16480.6 -551453 -7475.25 -4900.58 -6008.72 -2382.19 16057.1 1.51578e+06 16455.5 589241 5514.67 4294.83 -131435 ;
-327.472 -22158.4 -18804.2 6069.98 6069.98 0 -7262.25 -7262.25 -154.75 -173 -85.3889 -79.7778 337.694 16455.5 7682.25 7682.25 71.6389 115.444 77.6111 ;
-12162.2 -758315 -698153 6069.98 906812 0 -7262.25 -583665 -6404.5 -4842.75 -4603.53 -1190.17 14116.6 589241 7682.25 681627 2939.44 4133.25 -34843.1 ;
-73.1389 -7019.69 -6930.14 221.203 4862.46 3397.03 -70.1944 -2763.22 -35.9444 -6.83333 -26.5833 -5.94444 80.0278 5514.67 71.6389 2939.44 80.0278 25.8056 -335.289 ;
-95.3056 -5592.86 -5778.75 -22.6583 5720.42 2956.98 -111.222 -3491.25 -27.7222 -30.0278 -44.6944 -6.69444 116.861 4294.83 115.444 4133.25 25.8056 116.861 -410.518 ;
-1555.07 -194976 -129157 14356.3 -1.87326e+06 -1.28925e+06 43.8611 -38820.7 -712.842 -381.217 -832.629 -250.244 -1300.72 -131435 77.6111 -34843.1 -335.289 -410.518 359003 ;
]
+++++++++++++
Iter 1

Size = 19
Data size = 190
[ 304.75 17269.8 14907.5 -228.96 1816.15 3043.9 315.984 10230.8 152.108 106.961 144.757 29.4482 -263.773 -11936.2 -298.031 -9301.14 -52.2608 -74.2144 -570.188 ;
17269.8 1.93901e+06 1.21707e+06 -29614 -77863.8 99892.8 19497.3 611225 8850.7 5780.78 7446.25 2569.5 -16283.3 -1.32674e+06 -19187.2 -592980 -5124.75 -4355.71 -40232 ;
14907.5 1.21707e+06 1.10271e+06 -37913.3 33840.5 123061 16584.5 508518 7726.71 4623.52 6501.2 1524.92 -13623.6 -843115 -16182.4 -481754 -4605.57 -3969.81 -32821.1 ;
-228.96 -29614 -37913.3 86451.9 86451.9 0 -3077.28 -3077.28 -153.227 23.1319 -153.319 0 153.075 12019.6 5771.61 5771.61 207.112 -5.8256 6983.96 ;
1816.15 -77863.8 33840.5 86451.9 1.80597e+07 0 -3077.28 84861.1 1073.13 54.7658 319.174 94.1682 15837.3 609219 5771.61 785570 3425.58 5931.37 -442902 ;
3043.9 99892.8 123061 0 0 1.24181e+07 0 0 1169.38 110.811 3033.33 0 6685.92 218838 0 0 2389.47 2898.23 -253446 ;
315.984 19497.3 16584.5 -3077.28 -3077.28 0 7148.28 7148.28 148.093 175.524 80.5186 77.4073 -298.031 -13763.8 -6629.5 -6629.5 -58.7715 -98.3236 -37.0137 ;
10230.8 611225 508518 -3077.28 84861.1 0 7148.28 486935 5363.62 4190.67 4020.4 1049.37 -9301.14 -439888 -6629.5 -442232 -1860.37 -2571.96 -10926.5 ;
152.108 8850.7 7726.71 -153.227 1073.13 1169.38 148.093 5363.62 152.108 58.1822 69.4416 15.2476 -134.011 -6134.42 -146.834 -4886.76 -26.1298 -22.2823 -280.364 ;
106.961 5780.78 4623.52 23.1319 54.7658 110.811 175.524 4190.67 58.1822 106.961 0 13.9451 -96.149 -4139.15 -162.723 -3859.27 -4.95963 -24.4834 -159.778 ;
144.757 7446.25 6501.2 -153.319 319.174 3033.33 80.5186 4020.4 69.4416 0 144.757 10.8274 -119.442 -4989.91 -77.8923 -3576.59 -20.4742 -35.8865 -294.074 ;
29.4482 2569.5 1524.92 0 94.1682 0 77.4073 1049.37 15.2476 13.9451 10.8274 29.4482 -28.1198 -2138.96 -73.2785 -1013.61 -5.28659 -5.76308 -66.7709 ;
-263.773 -16283.3 -13623.6 153.075 15837.3 6685.92 -298.031 -9301.14 -134.011 -96.149 -119.442 -28.1198 340.867 13140.3 312.532 11762.1 59.8965 101.027 -930.517 ;
-11936.2 -1.32674e+06 -843115 12019.6 609219 218838 -13763.8 -439888 -6134.42 -4139.15 -4989.91 -2138.96 13140.3 1.17159e+06 13815.3 472331 4125.74 3487.03 -42149.6 ;
-298.031 -19187.2 -16182.4 5771.61 5771.61 0 -6629.5 -6629.5 -146.834 -162.723 -77.8923 -73.2785 312.532 13815.3 7152.76 7152.76 60.6828 105.019 -0.519974 ;
-9301.14 -592980 -481754 5771.61 785570 0 -6629.5 -442232 -4886.76 -3859.27 -3576.59 -1013.61 11762.1 472331 7152.76 564514 2044 3410.77 -24358.6 ;
-52.2608 -5124.75 -4605.57 207.112 3425.58 2389.47 -58.7715 -1860.37 -26.1298 -4.95963 -20.4742 -5.28659 59.8965 4125.74 60.6828 2044 59.8965 18.2815 -237.579 ;
-74.2144 -4355.71 -3969.81 -5.8256 5931.37 2898.23 -98.3236 -2571.96 -22.2823 -24.4834 -35.8865 -5.76308 101.027 3487.03 105.019 3410.77 18.2815 101.027 -352.625 ;
-570.188 -40232 -32821.1 6983.96 -442902 -253446 -37.0137 -10926.5 -280.364 -159.778 -294.074 -66.7709 -930.517 -42149.6 -0.519974 -24358.6 -237.579 -352.625 72640.3 ;
]
+++++++++++++
Iter 2

Size = 19
Data size = 190
[ 268.724 14244.4 11571.7 -85.5343 523.328 1370.86 280.2 9181.23 134.289 98.6586 129.021 27.2023 -236.631 -10073.8 -256.214 -8384.13 -38.6765 -63.2753 -266.395 ;
14244.4 1.52688e+06 894589 -9628.41 -166488 16262.4 15404.8 510723 7323.63 5064.56 6276.23 2271.32 -13705.7 -1.05158e+06 -14884.8 -499988 -3674.18 -3457.6 -10278.6 ;
11571.7 894589 734319 -12595.6 -31899.7 32394.9 13922.9 402400 6034.74 3936.94 5101.07 1353.07 -10784.3 -640310 -13300.8 -383498 -3004.64 -2897.15 -10043.2 ;
-85.5343 -9628.41 -12595.6 42255.8 42255.8 0 -1024.22 -1024.22 -49.196 41.7111 -53.3304 0 66.8942 5141.78 3332.82 3332.82 116.678 -8.07987 1761.37 ;
523.328 -166488 -31899.7 42255.8 1.24215e+07 0 -1024.22 18654.2 354.024 -463.605 16.5639 103.705 12754.1 418469 3332.82 626765 2203.85 4978.91 -179102 ;
1370.86 16262.4 32394.9 0 0 3.32609e+06 0 0 365.773 55.7744 1365.97 0 4765.19 108745 0 0 1092.71 1912.85 -88079.6 ;
280.2 15404.8 13922.9 -1024.22 -1024.22 0 6319.41 6319.41 130.268 155.249 71.6889 65.2865 -256.214 -9936.89 -5723.97 -5723.97 -50.7215 -85.29 -146.324 ;
9181.23 510723 402400 -1024.22 18654.2 0 6319.41 441006 4812.11 3911.5 3704.44 979.045 -8384.13 -372780 -5723.97 -402671 -1370.45 -2180.18 -5437.71 ;
134.289 7323.63 6034.74 -49.196 354.024 365.773 130.268 4812.11 134.289 53.6092 61.9285 14.0485 -120.235 -5258.33 -126.544 -4403.8 -19.2899 -19.1074 -118.103 ;
98.6586 5064.56 3936.94 41.7111 -463.605 55.7744 155.249 3911.5 53.6092 98.6586 0 12.9197 -89.9212 -3701.1 -139.944 -3633.56 -3.99565 -22.1191 -69.5713 ;
129.021 6276.23 5101.07 -53.3304 16.5639 1365.97 71.6889 3704.44 61.9285 0 129.021 10.1114 -109.126 -4306.89 -65.7523 -3303.98 -15.9993 -31.2212 -154.271 ;
27.2023 2271.32 1353.07 0 103.705 0 65.2865 979.045 14.0485 12.9197 10.1114 27.2023 -26.3375 -1893.82 -59.8108 -954.496 -4.7125 -5.01055 -11.2744 ;
-236.631 -13705.7 -10784.3 66.8942 12754.1 4765.19 -256.214 -8384.13 -120.235 -89.9212 -109.126 -26.3375 307.137 10950.3 264.3 10558.9 44.5488 87.9344 -607.189 ;
-10073.8 -1.05158e+06 -640310 5141.78 418469 108745 -9936.89 -372780 -5258.33 -3701.1 -4306.89 -1893.82 10950.3 894930 9935.38 394541 2959.42 2744.83 -17693.1 ;
-256.214 -14884.8 -13300.8 3332.82 3332.82 0 -5723.97 -5723.97 -126.544 -139.944 -65.7523 -59.8108 264.3 9935.38 6100.51 6100.51 51.4576 89.9414 9.23958 ;
-8384.13 -499988 -383498 3332.82 626765 0 -5723.97 -402671 -4403.8 -3633.56 -3303.98 -954.496 10558.9 394541 6100.51 509626 1512.09 2948.88 -14382 ;
-38.6765 -3674.18 -3004.64 116.678 2203.85 1092.71 -50.7215 -1370.45 -19.2899 -3.99565 -15.9993 -4.7125 44.5488 2959.42 51.4576 1512.09 44.5488 12.4518 -109.058 ;
-63.2753 -3457.6 -2897.15 -8.07987 4978.91 1912.85 -85.29 -2180.18 -19.1074 -22.1191 -31.2212 -5.01055 87.9344 2744.83 89.9414 2948.88 12.4518 87.9344 -235.132 ;
-266.395 -10278.6 -10043.2 1761.37 -179102 -88079.6 -146.324 -5437.71 -118.103 -69.5713 -154.271 -11.2744 -607.189 -17693.1 9.23958 -14382 -109.058 -235.132 20224.9 ;
]
+++++++++++++
Iter 3

Size = 19
Data size = 190
[ 254.837 12891.7 10359.3 -63.0714 -498.939 712.554 260.705 8811.2 127.593 95.9303 122.277 26.1712 -229.177 -9300.56 -240.985 -8113.1 -33.5981 -59.5443 -143.675 ;
12891.7 1.33568e+06 772525 -6036.08 -202012 -4048.41 13957.7 465838 6666.23 4747.18 5668.71 2104.72 -12579.6 -930470 -13617.8 -458749 -3112.74 -3035.58 -3239.5 ;
10359.3 772525 616590 -7578.87 -85591.2 8174.32 12485.6 365422 5418.71 3685.84 4558.63 1277.33 -9815.96 -565593 -12014 -350550 -2479.42 -2523.87 -4036.93 ;
-63.0714 -6036.08 -7578.87 26784.5 26784.5 0 -994.984 -994.984 -24.9558 39.5832 -26.505 0 70.0835 4240.69 2535.54 2535.54 93.1684 -4.00206 270.788 ;
-498.939 -202012 -85591.2 26784.5 9.14506e+06 0 -994.984 -27257.9 -76.5443 -863.544 -28.8557 148.489 10670.2 318152 2535.54 520078 1503.81 3871.52 -79615 ;
712.554 -4048.41 8174.32 0 0 1.49398e+06 0 0 92.2024 7.11937 747.346 0 3086.97 54948.1 0 0 363.928 970.692 -34158.5 ;
260.705 13957.7 12485.6 -994.984 -994.984 0 5886.93 5886.93 121.409 144.746 65.2418 61.722 -240.985 -8967.81 -5423.44 -5423.44 -48.063 -80.9229 -98.811 ;
8811.2 465838 365422 -994.984 -27257.9 0 5886.93 425439 4634.64 3833.26 3574.12 947.306 -8113.1 -343286 -5423.44 -391692 -1190.29 -2030.9 -3364.55 ;
127.593 6666.23 5418.71 -24.9558 -76.5443 92.2024 121.409 4634.64 127.593 52.1442 58.8252 13.5284 -116.172 -4898.58 -118.087 -4271.59 -16.7319 -18.0608 -60.4555 ;
95.9303 4747.18 3685.84 39.5832 -863.544 7.11937 144.746 3833.26 52.1442 95.9303 0 12.5749 -88.7127 -3514.01 -131.003 -3594.68 -3.6295 -21.3274 -38.0384 ;
122.277 5668.71 4558.63 -26.505 -28.8557 747.346 65.2418 3574.12 58.8252 0 122.277 9.64298 -106.433 -3990.81 -60.0562 -3210.1 -14.0954 -29.5473 -89.6949 ;
26.1712 2104.72 1277.33 0 148.489 0 61.722 947.306 13.5284 12.5749 9.64298 26.1712 -25.525 -1756.9 -57.2732 -924.95 -4.39145 -4.63101 -3.22313 ;
-229.177 -12579.6 -9815.96 70.0835 10670.2 3086.97 -240.985 -8113.1 -116.172 -88.7127 -106.433 -25.525 287.963 9841.95 248.46 9997.89 37.4346 79.6443 -343.389 ;
-9300.56 -930470 -565593 4240.69 318152 54948.1 -8967.81 -343286 -4898.58 -3514.01 -3990.81 -1756.9 9841.95 768756 8989.46 357790 2462.65 2337.42 -6310.38 ;
-240.985 -13617.8 -12014 2535.54 2535.54 0 -5423.44 -5423.44 -118.087 -131.003 -60.0562 -57.2732 248.46 8989.46 5730.46 5730.46 48.11 84.6299 -20.175 ;
-8113.1 -458749 -350550 2535.54 520078 0 -5423.44 -391692 -4271.59 -3594.68 -3210.1 -924.95 9997.89 357790 5730.46 483769 1300.9 2697.28 -8838.88 ;
-33.5981 -3112.74 -2479.42 93.1684 1503.81 363.928 -48.063 -1190.29 -16.7319 -3.6295 -14.0954 -4.39145 37.4346 2462.65 48.11 1300.9 37.4346 9.62865 -36.6833 ;
-59.5443 -3035.58 -2523.87 -4.00206 3871.52 970.692 -80.9229 -2030.9 -18.0608 -21.3274 -29.5473 -4.63101 79.6443 2337.42 84.6299 2697.28 9.62865 79.6443 -132.181 ;
-143.675 -3239.5 -4036.93 270.788 -79615 -34158.5 -98.811 -3364.55 -60.4555 -38.0384 -89.6949 -3.22313 -343.389 -6310.38 -20.175 -8838.88 -36.6833 -132.181 5981.35 ;
]
+++++++++++++
Iter 4

Size = 19
Data size = 190
[ 243.43 12937.4 10507.2 -133.583 -1581.76 146.526 249.682 8649.29 125.024 107.113 98.8342 27.6949 -225.246 -9559.42 -249.034 -8073.08 -35.1098 -48.1636 -80.4343 ;
12937.4 1.38814e+06 820259 -17227.7 -265651 -17049.5 13588.8 475603 6881.46 5304.24 5055.26 2085.75 -12766.9 -985239 -13590.8 -470831 -3357.85 -2570.24 -1268.54 ;
10507.2 820259 672320 -24494 -158469 -8857.28 12705.6 381215 5704.88 4354.39 3861.3 1375.9 -10144.9 -608029 -12704.6 -369454 -2755.34 -2051.78 -1991.06 ;
-133.583 -17227.7 -24494 42530.2 42530.2 0 -2623.95 -2623.95 -101.691 1.76886 -98.6351 0 109.205 9090.74 2802.57 2802.57 117.232 -3.21077 227.217 ;
-1581.76 -265651 -158469 42530.2 7.89353e+06 0 -2623.95 -80014 -465.229 -1156.15 -598.746 202.131 9851.26 316157 2802.57 481390 1434.91 2909.17 -45024.2 ;
146.526 -17049.5 -8857.28 0 0 2.19332e+06 0 0 -142.021 -54.256 269.391 0 2617.47 44588.3 0 0 255.709 524.393 -17893.2 ;
249.682 13588.8 12705.6 -2623.95 -2623.95 0 5648.73 5648.73 127.538 136.476 68.4678 53.2037 -249.034 -8953.66 -5606.95 -5606.95 -44.369 -84.561 1.60323 ;
8649.29 475603 381215 -2623.95 -80014 0 5648.73 418715 4652.2 4343.34 2859.78 1022.56 -8073.08 -355328 -5606.95 -389994 -1275.97 -1655.49 -2367.24 ;
125.024 6881.46 5704.88 -101.691 -465.229 -142.021 127.538 4652.2 125.024 59.2914 48.1862 14.6262 -116.027 -5108.17 -127.84 -4320.56 -18.054 -14.0823 -36.5454 ;
107.113 5304.24 4354.39 1.76886 -1156.15 -54.256 136.476 4343.34 59.2914 107.113 0 13.2995 -100.789 -3913.29 -135.368 -4101.15 -4.61141 -21.8093 -24.8658 ;
98.8342 5055.26 3861.3 -98.6351 -598.746 269.391 68.4678 2859.78 48.1862 0 98.8342 10.3922 -89.1317 -3766.82 -68.7734 -2610.43 -12.932 -19.1567 -46.3467 ;
27.6949 2085.75 1375.9 0 202.131 0 53.2037 1022.56 14.6262 13.2995 10.3922 27.6949 -27.1515 -1726.4 -53.0343 -999.695 -4.7036 -5.0862 -1.5782 ;
-225.246 -12766.9 -10144.9 109.205 9851.26 2617.47 -249.034 -8073.08 -116.027 -100.789 -89.1317 -27.1515 276.135 9905.83 245.645 9823.62 38.0095 62.5158 -210.318 ;
-9559.42 -985239 -608029 9090.74 316157 44588.3 -8953.66 -355328 -5108.17 -3913.29 -3766.82 -1726.4 9905.83 807443 8915.14 366011 2603.83 2023.48 -2510.99 ;
-249.034 -13590.8 -12704.6 2802.57 2802.57 0 -5606.95 -5606.95 -127.84 -135.368 -68.7734 -53.0343 245.645 8915.14 5628.23 5628.23 43.947 84.1421 24.6979 ;
-8073.08 -470831 -369454 2802.57 481390 0 -5606.95 -389994 -4320.56 -4101.15 -2610.43 -999.695 9823.62 366011 5628.23 476315 1368.41 2169.2 -6296.29 ;
-35.1098 -3357.85 -2755.34 117.232 1434.91 255.709 -44.369 -1275.97 -18.054 -4.61141 -12.932 -4.7036 38.0095 2603.83 43.947 1368.41 38.0095 7.31087 -14.6166 ;
-48.1636 -2570.24 -2051.78 -3.21077 2909.17 524.393 -84.561 -1655.49 -14.0823 -21.8093 -19.1567 -5.0862 62.5158 2023.48 84.1421 2169.2 7.31087 62.5158 -63.1678 ;
-80.4343 -1268.54 -1991.06 227.217 -45024.2 -17893.2 1.60323 -2367.24 -36.5454 -24.8658 -46.3467 -1.5782 -210.318 -2510.99 24.6979 -6296.29 -14.6166 -63.1678 2230.1 ;
]
+++++++++++++
Iter 5

Size = 19
Data size = 190
[ 235.106 12460.9 9970.08 -109.149 -1749.19 -150.835 238.419 8227.93 119.903 102.656 97.3298 27.0714 -219.47 -9248.72 -238.257 -7684.43 -32.9684 -46.4292 -52.2326 ;
12460.9 1.33116e+06 773274 -8839.88 -258172 -27642.9 12703.4 455246 6585.27 5101.12 4931.96 2039.88 -12349.4 -943239 -12703.3 -451514 -3142.07 -2471.03 -633.907 ;
9970.08 773274 620263 -11936.1 -150658 -21485.8 11903.1 357815 5371.66 4133.14 3720.26 1346.38 -9681.07 -575997 -11905.1 -347528 -2526.52 -1935.17 -1195.66 ;
-109.149 -8839.88 -11936.1 24283.6 24283.6 0 -2174.3 -2174.3 -46.0813 -0.189469 -42.1974 0 96.4118 5598.3 2245.05 2245.05 92.6697 -1.35512 59.3602 ;
-1749.19 -258172 -150658 24283.6 6.32351e+06 0 -2174.3 -89044.1 -479.317 -1187.46 -632.69 210.383 9094.39 286472 2245.05 443138 1102.34 2720.66 -28107.7 ;
-150.835 -27642.9 -21485.8 0 0 5.05354e+06 0 0 -276.461 -92.6455 48.3107 0 2310.76 49479.8 0 0 463.764 305.107 -10576.3 ;
238.419 12703.4 11903.1 -2174.3 -2174.3 0 5418.86 5418.86 118.156 126.441 64.9595 46.8328 -238.257 -8310.24 -5399.79 -5399.79 -45.8937 -83.8021 0.585358 ;
8227.93 455246 357815 -2174.3 -89044.1 0 5418.86 397664 4395.55 4148.52 2742.45 1005.43 -7684.43 -341399 -5399.79 -370513 -1186.39 -1562.79 -1826.21 ;
119.903 6585.27 5371.66 -46.0813 -479.317 -276.461 118.156 4395.55 119.903 56.5902 47.1132 14.3254 -111.8 -4911.82 -118.411 -4080.17 -16.7895 -13.5948 -25.2125 ;
102.656 5101.12 4133.14 -0.189469 -1187.46 -92.6455 126.441 4148.52 56.5902 102.656 0 13.0038 -97.0852 -3783.75 -125.984 -3913.74 -4.26339 -20.9022 -17.1686 ;
97.3298 4931.96 3720.26 -42.1974 -632.69 48.3107 64.9595 2742.45 47.1132 0 97.3298 10.1683 -89.192 -3684.16 -65.1255 -2510.08 -12.3123 -18.844 -28.6315 ;
27.0714 2039.88 1346.38 0 210.383 0 46.8328 1005.43 14.3254 13.0038 10.1683 27.0714 -26.5155 -1681.44 -46.7071 -982.223 -4.63525 -4.93484 -1.38631 ;
-219.47 -12349.4 -9681.07 96.4118 9094.39 2310.76 -238.257 -7684.43 -111.8 -97.0852 -89.192 -26.5155 265.171 9488.19 236.314 9444.46 35.5191 59.3935 -140.164 ;
-9248.72 -943239 -575997 5598.3 286472 49479.8 -8310.24 -341399 -4911.82 -3783.75 -3684.16 -1681.44 9488.19 773203 8298.56 350403 2442.75 1921.25 -1186.11 ;
-238.257 -12703.3 -11905.1 2245.05 2245.05 0 -5399.79 -5399.79 -118.411 -125.984 -65.1255 -46.7071 236.314 8298.56 5408.92 5408.92 45.5242 83.6469 7.37423 ;
-7684.43 -451514 -347528 2245.05 443138 0 -5399.79 -370513 -4080.17 -3913.74 -2510.08 -982.223 9444.46 350403 5408.92 457931 1274.21 2080.9 -5163.64 ;
-32.9684 -3142.07 -2526.52 92.6697 1102.34 463.764 -45.8937 -1186.39 -16.7895 -4.26339 -12.3123 -4.63525 35.5191 2442.75 45.5242 1274.21 35.5191 6.72675 -7.42593 ;
-46.4292 -2471.03 -1935.17 -1.35512 2720.66 305.107 -83.8021 -1562.79 -13.5948 -20.9022 -18.844 -4.93484 59.3935 1921.25 83.6469 2080.9 6.72675 59.3935 -42.9242 ;
-52.2326 -633.907 -1195.66 59.3602 -28107.7 -10576.3 0.585358 -1826.21 -25.2125 -17.1686 -28.6315 -1.38631 -140.164 -1186.11 7.37423 -5163.64 -7.42593 -42.9242 1022.39 ;
]
+++++++++++++
Iter 6

Size = 19
Data size = 190
[ 235.484 12472.9 9983.27 -112.364 -1596.46 -103.767 239.085 8239.96 119.999 102.706 97.6449 27.1138 -220.398 -9255.23 -238.902 -7705.19 -33.1938 -46.6649 -49.1154 ;
12472.9 1.33319e+06 774320 -9802.95 -253212 -18047.3 12764.4 455905 6588.79 5105.49 4939.53 2041.56 -12368 -943729 -12764.2 -452273 -3154.63 -2479.36 -584.956 ;
9983.27 774320 621133 -13372.7 -136569 -11527 11971.7 358352 5376.27 4136.35 3729.9 1347.74 -9703.9 -576256 -11973.4 -348217 -2539.22 -1943.12 -1127.53 ;
-112.364 -9802.95 -13372.7 26335.4 26335.4 0 -2243.7 -2243.7 -52.2862 -0.10186 -48.3625 0 99.8859 6032.58 2315.49 2315.49 95.9805 -1.33675 57.6817 ;
-1596.46 -253212 -136569 26335.4 6.65109e+06 0 -2243.7 -82654.9 -449.209 -1181.08 -650.926 203.137 8862.22 283171 2315.49 431366 1068.89 2656.37 -27344.8 ;
-103.767 -18047.3 -11527 0 0 507774 0 0 -171.596 -97.6151 40.1753 0 1416.39 23188 0 0 18.8498 205.849 -4814.59 ;
239.085 12764.4 11971.7 -2243.7 -2243.7 0 5434.3 5434.3 118.849 127.048 65.2647 47.1141 -238.902 -8348.09 -5414.95 -5414.95 -45.8439 -83.8834 0.504602 ;
8239.96 455905 358352 -2243.7 -82654.9 0 5434.3 398189 4401.6 4151.12 2748.58 1007.03 -7705.19 -341864 -5414.95 -371500 -1189.34 -1568.06 -1775.74 ;
119.999 6588.79 5376.27 -52.2862 -449.209 -171.596 118.849 4401.6 119.999 56.6793 47.1479 14.3668 -112.156 -4910.95 -119.1 -4091.62 -16.8288 -13.6765 -23.9429 ;
102.706 5105.49 4136.35 -0.10186 -1181.08 -97.6151 127.048 4151.12 56.6793 102.706 0 13.01 -97.2705 -3787.17 -126.571 -3920.38 -4.27565 -20.9397 -16.4557 ;
97.6449 4939.53 3729.9 -48.3625 -650.926 40.1753 65.2647 2748.58 47.1479 0 97.6449 10.2029 -89.9243 -3687.74 -65.4296 -2521.26 -12.5158 -19.0172 -26.2163 ;
27.1138 2041.56 1347.74 0 203.137 0 47.1141 1007.03 14.3668 13.01 10.2029 27.1138 -26.5644 -1681.7 -46.9895 -984.121 -4.63782 -4.94257 -1.36082 ;
-220.398 -12368 -9703.9 99.8859 8862.22 1416.39 -238.902 -7705.19 -112.156 -97.2705 -89.9243 -26.5644 264.189 9478.16 236.981 9430.65 35.6348 58.9614 -130.352 ;
-9255.23 -943729 -576256 6032.58 283171 23188 -8348.09 -341864 -4910.95 -3787.17 -3687.74 -1681.7 9478.16 773225 8336.67 350579 2449.26 1921.39 -1070.86 ;
-238.902 -12764.2 -11973.4 2315.49 2315.49 0 -5414.95 -5414.95 -119.1 -126.571 -65.4296 -46.9895 236.981 8336.67 5424.03 5424.03 45.4754 83.7311 7.20913 ;
-7705.19 -452273 -348217 2315.49 431366 0 -5414.95 -371500 -4091.62 -3920.38 -2521.26 -984.121 9430.65 350579 5424.03 457183 1275.99 2070.66 -4985.92 ;
-33.1938 -3154.63 -2539.22 95.9805 1068.89 18.8498 -45.8439 -1189.34 -16.8288 -4.27565 -12.5158 -4.63782 35.6348 2449.26 45.4754 1275.99 35.6348 6.7465 -6.46777 ;
-46.6649 -2479.36 -1943.12 -1.33675 2656.37 205.849 -83.8834 -1568.06 -13.6765 -20.9397 -19.0172 -4.94257 58.9614 1921.39 83.7311 2070.66 6.7465 58.9614 -39.7053 ;
-49.1154 -584.956 -1127.53 57.6817 -27344.8 -4814.59 0.504602 -1775.74 -23.9429 -16.4557 -26.2163 -1.36082 -130.352 -1070.86 7.20913 -4985.92 -6.46777 -39.7053 927.785 ;
]
+++++++++++++
Iter 22

Size = 19
Data size = 190
[ 235.654 12487.3 9994.88 -113.389 -1611.59 -134.259 239.347 8240.42 120.11 102.752 97.7306 27.128 -220.401 -9266.14 -239.157 -7707.08 -33.1969 -46.6294 -49.9665 ;
12487.3 1.33479e+06 775428 -10085.7 -253971 -22064.8 12789.9 456028 6597.4 5107.88 4948.79 2043.41 -12380.4 -944878 -12789.6 -452412 -3157.07 -2480.15 -597.911 ;
9994.88 775428 622254 -13789.7 -137937 -15174.3 11993.7 358396 5383.2 4137.84 3737.02 1348.53 -9712.65 -577061 -11995.3 -348296 -2541.5 -1942.7 -1145.36 ;
-113.389 -10085.7 -13789.7 26948.9 26948.9 0 -2265.85 -2265.85 -54.0541 -0.0768378 -50.1221 0 100.998 6163.61 2337.86 2337.86 97.0359 -1.32971 57.087 ;
-1611.59 -253971 -137937 26948.9 6.63005e+06 0 -2265.85 -83323.3 -455.338 -1183.45 -655.311 203.824 8856.87 283401 2337.86 431081 1071.26 2651.47 -27225.2 ;
-134.259 -22064.8 -15174.3 0 0 3.07181e+06 0 0 -241.952 -97.8746 34.4475 0 1904.46 36716.8 0 0 255.98 248.659 -7695.1 ;
239.347 12789.9 11993.7 -2265.85 -2265.85 0 5440.09 5440.09 119.082 127.278 65.3486 47.2368 -239.157 -8366.35 -5420.68 -5420.68 -45.8348 -83.9067 0.479601 ;
8240.42 456028 358396 -2265.85 -83323.3 0 5440.09 398197 4401.6 4151.61 2748.57 1007.48 -7707.08 -341976 -5420.68 -371581 -1189.54 -1568.43 -1767.45 ;
120.11 6597.4 5383.2 -54.0541 -455.338 -241.952 119.082 4401.6 120.11 56.6811 47.2157 14.3733 -112.203 -4918.17 -119.332 -4092.37 -16.8358 -13.6549 -24.1511 ;
102.752 5107.88 4137.84 -0.0768378 -1183.45 -97.8746 127.278 4151.61 56.6811 102.752 0 13.0171 -97.3042 -3789 -126.795 -3921.42 -4.2771 -20.9423 -16.5397 ;
97.7306 4948.79 3737.02 -50.1221 -655.311 34.4475 65.3486 2748.57 47.2157 0 97.7306 10.2066 -89.8547 -3694.77 -65.5131 -2521.86 -12.5097 -18.978 -27.0153 ;
27.128 2043.41 1348.53 0 203.824 0 47.2368 1007.48 14.3733 13.0171 10.2066 27.128 -26.5794 -1683.24 -47.1127 -984.605 -4.64076 -4.94646 -1.3569 ;
-220.401 -12380.4 -9712.65 100.998 8856.87 1904.46 -239.157 -7707.08 -112.203 -97.3042 -89.8547 -26.5794 264.722 9493.48 237.244 9429.24 35.6764 59.0707 -132.85 ;
-9266.14 -944878 -577061 6163.61 283401 36716.8 -8366.35 -341976 -4918.17 -3789 -3694.77 -1683.24 9493.48 774356 8355.02 350662 2451.91 1923.17 -1100.56 ;
-239.157 -12789.6 -11995.3 2337.86 2337.86 0 -5420.68 -5420.68 -119.332 -126.795 -65.5131 -47.1127 237.244 8355.02 5429.73 5429.73 45.4665 83.7554 7.15027 ;
-7707.08 -452412 -348296 2337.86 431081 0 -5420.68 -371581 -4092.37 -3921.42 -2521.86 -984.605 9429.24 350662 5429.73 457100 1276.08 2069.76 -4968.4 ;
-33.1969 -3157.07 -2541.5 97.0359 1071.26 255.98 -45.8348 -1189.54 -16.8358 -4.2771 -12.5097 -4.64076 35.6764 2451.91 45.4665 1276.08 35.6764 6.7509 -6.80473 ;
-46.6294 -2480.15 -1942.7 -1.32971 2651.47 248.659 -83.9067 -1568.43 -13.6549 -20.9423 -18.978 -4.94646 59.0707 1923.17 83.7554 2069.76 6.7509 59.0707 -40.3943 ;
-49.9665 -597.911 -1145.36 57.087 -27225.2 -7695.1 0.479601 -1767.45 -24.1511 -16.5397 -27.0153 -1.3569 -132.85 -1100.56 7.15027 -4968.4 -6.80473 -40.3943 951.279 ;
]
+++++++++++++
Iter 23

Size = 19
Data size = 190
[ 235.795 12500.9 10004.9 -115.511 -1639.71 -58.4827 239.855 8243.2 120.19 102.804 97.7989 27.1516 -220.581 -9275.49 -239.655 -7712.79 -33.2142 -46.6668 -49.7211 ;
12500.9 1.33706e+06 776798 -10640.4 -255427 -19462.7 12837.3 456392 6605.05 5111.76 4955.7 2046.35 -12394.2 -946234 -12837 -452809 -3161.53 -2483.27 -595.787 ;
10004.9 776798 623503 -14601.8 -140491 -11651.7 12036.1 358619 5389.68 4140.25 3742.44 1349.85 -9723.36 -577923 -12037.6 -348589 -2545.65 -1944.74 -1140.24 ;
-115.511 -10640.4 -14601.8 28166.7 28166.7 0 -2311.53 -2311.53 -57.4573 -0.0326774 -53.5118 0 103.282 6424.9 2383.89 2383.89 99.2118 -1.31627 55.9507 ;
-1639.71 -255427 -140491 28166.7 6.5938e+06 0 -2311.53 -84575.1 -467.648 -1188.24 -664.337 204.927 8843.55 283831 2383.89 430380 1075.88 2640.89 -26982.3 ;
-58.4827 -19462.7 -11651.7 0 0 7.3779e+06 0 0 -251.161 -97.7231 115.21 0 2324.49 49449.3 0 0 647.977 253.285 -11000.2 ;
239.855 12837.3 12036.1 -2311.53 -2311.53 0 5451.43 5451.43 119.527 127.716 65.5102 47.4643 -239.655 -8400.02 -5431.93 -5431.93 -45.8267 -83.9527 0.436546 ;
8243.2 456392 358619 -2311.53 -84575.1 0 5451.43 398306 4402.84 4153.16 2749.32 1008.22 -7712.79 -342252 -5431.93 -371839 -1190.62 -1569.64 -1750.52 ;
120.19 6605.05 5389.68 -57.4573 -467.648 -251.161 119.527 4402.84 120.19 56.7034 47.253 14.3856 -112.307 -4923.37 -119.775 -4095.17 -16.8603 -13.6626 -23.9746 ;
102.804 5111.76 4140.25 -0.0326774 -1188.24 -97.7231 127.716 4153.16 56.7034 102.804 0 13.0283 -97.3809 -3792.18 -127.224 -3924.09 -4.28146 -20.9607 -16.4236 ;
97.7989 4955.7 3742.44 -53.5118 -664.337 115.21 65.5102 2749.32 47.253 0 97.7989 10.2138 -89.9268 -3698.76 -65.674 -2523.9 -12.5081 -18.9912 -26.9567 ;
27.1516 2046.35 1349.85 0 204.927 0 47.4643 1008.22 14.3856 13.0283 10.2138 27.1516 -26.6048 -1685.49 -47.3411 -985.426 -4.64553 -4.95359 -1.34865 ;
-220.581 -12394.2 -9723.36 103.282 8843.55 2324.49 -239.655 -7712.79 -112.307 -97.3809 -89.9268 -26.6048 264.83 9502.99 237.756 9427.95 35.732 59.0631 -132.454 ;
-9275.49 -946234 -577923 6424.9 283831 49449.3 -8400.02 -342252 -4923.37 -3792.18 -3698.76 -1685.49 9502.99 775598 8388.88 350877 2456.09 1925 -1101.39 ;
-239.655 -12837 -12037.6 2383.89 2383.89 0 -5431.93 -5431.93 -119.775 -127.224 -65.674 -47.3411 237.756 8388.88 5440.92 5440.92 45.4591 83.8035 7.03619 ;
-7712.79 -452809 -348589 2383.89 430380 0 -5431.93 -371839 -4095.17 -3924.09 -2523.9 -985.426 9427.95 350877 5440.92 457011 1276.92 2068.26 -4931.53 ;
-33.2142 -3161.53 -2545.65 99.2118 1075.88 647.977 -45.8267 -1190.62 -16.8603 -4.28146 -12.5081 -4.64553 35.732 2456.09 45.4591 1276.92 35.732 6.7533 -7.0794 ;
-46.6668 -2483.27 -1944.74 -1.31627 2640.89 253.285 -83.9527 -1569.64 -13.6626 -20.9607 -18.9912 -4.95359 59.0631 1925 83.8035 2068.26 6.7533 59.0631 -40.1716 ;
-49.7211 -595.787 -1140.24 55.9507 -26982.3 -11000.2 0.436546 -1750.52 -23.9746 -16.4236 -26.9567 -1.34865 -132.454 -1101.39 7.03619 -4931.53 -7.0794 -40.1716 946.398 ;
]
+++++++++++++
Iter 24

Size = 19
Data size = 190
[ 236.124 12528.3 10024.7 -119.018 -1688.1 -93.0189 240.844 8251.48 120.354 102.923 97.9661 27.2004 -221.07 -9294.84 -240.632 -7726.87 -33.2977 -46.7751 -48.7356 ;
12528.3 1.34156e+06 779322 -11485.5 -257841 -20665.6 12922 457238 6619.42 5120.31 4968.84 2052.29 -12423.7 -948924 -12921.6 -453723 -3172.04 -2490.65 -580.011 ;
10024.7 779322 625644 -15824.1 -144632 -13249.4 12104.4 359172 5401.67 4145.81 3752.68 1352.58 -9746.97 -579536 -12105.8 -349279 -2555.33 -1949.98 -1114.54 ;
-119.018 -11485.5 -15824.1 30055.3 30055.3 0 -2386.95 -2386.95 -62.4726 0.0254703 -58.5156 0 107.064 6833.81 2459.45 2459.45 102.798 -1.29152 53.9163 ;
-1688.1 -257841 -144632 30055.3 6.53495e+06 0 -2386.95 -86770.9 -489.646 -1197.39 -680.797 206.532 8808.51 284447 2459.45 428595 1083.67 2618.03 -26491.1 ;
-93.0189 -20665.6 -13249.4 0 0 5.80505e+06 0 0 -250.687 -98.6108 80.7049 0 2159.25 44792.3 0 0 504.15 247.267 -9651.9 ;
240.844 12922 12104.4 -2386.95 -2386.95 0 5473.56 5473.56 120.307 128.562 65.7501 47.9058 -240.632 -8463.86 -5454.04 -5454.04 -45.8227 -84.0418 0.380566 ;
8251.48 457238 359172 -2386.95 -86770.9 0 5473.56 398660 4406.65 4157.18 2751.93 1009.77 -7726.87 -342880 -5454.04 -372488 -1193.27 -1572.78 -1716.39 ;
120.354 6619.42 5401.67 -62.4726 -489.646 -250.687 120.307 4406.65 120.354 56.7612 47.3255 14.4117 -112.547 -4932.84 -120.553 -4102.11 -16.9104 -13.691 -23.5101 ;
102.923 5120.31 4145.81 0.0254703 -1197.39 -98.6108 128.562 4157.18 56.7612 102.923 0 13.0504 -97.5556 -3799.04 -128.057 -3930.35 -4.2915 -21.0049 -16.1397 ;
97.9661 4968.84 3752.68 -58.5156 -680.797 80.7049 65.7501 2751.93 47.3255 0 97.9661 10.2296 -90.1754 -3706.76 -65.9138 -2529.09 -12.5462 -19.0403 -26.3915 ;
27.2004 2052.29 1352.58 0 206.532 0 47.9058 1009.77 14.4117 13.0504 10.2296 27.2004 -26.6572 -1690.03 -47.7844 -987.146 -4.65553 -4.9686 -1.33171 ;
-221.07 -12423.7 -9746.97 107.064 8808.51 2159.25 -240.632 -7726.87 -112.547 -97.5556 -90.1754 -26.6572 264.863 9517.95 238.761 9426.95 35.7827 59.0159 -129.952 ;
-9294.84 -948924 -579536 6833.81 284447 44792.3 -8463.86 -342880 -4932.84 -3799.04 -3706.76 -1690.03 9517.95 777976 8453.05 351377 2462.56 1928.85 -1071.32 ;
-240.632 -12921.6 -12105.8 2459.45 2459.45 0 -5454.04 -5454.04 -120.553 -128.057 -65.9138 -47.7844 238.761 8453.05 5462.89 5462.89 45.4563 83.896 6.8263 ;
-7726.87 -453723 -349279 2459.45 428595 0 -5454.04 -372488 -4102.11 -3930.35 -2529.09 -987.146 9426.95 351377 5462.89 456911 1279.06 2065.6 -4853.5 ;
-33.2977 -3172.04 -2555.33 102.798 1083.67 504.15 -45.8227 -1193.27 -16.9104 -4.2915 -12.5462 -4.65553 35.7827 2462.56 45.4563 1279.06 35.7827 6.75947 -6.86766 ;
-46.7751 -2490.65 -1949.98 -1.29152 2618.03 247.267 -84.0418 -1572.78 -13.691 -21.0049 -19.0403 -4.9686 59.0159 1928.85 83.896 2065.6 6.75947 59.0159 -39.4096 ;
-48.7356 -580.011 -1114.54 53.9163 -26491.1 -9651.9 0.380566 -1716.39 -23.5101 -16.1397 -26.3915 -1.33171 -129.952 -1071.32 6.8263 -4853.5 -6.86766 -39.4096 921.143 ;
]
+++++++++++++
Iter 25

Size = 19
Data size = 190
[ 236.749 12572.8 10057.1 -121.197 -1760.63 -37.1757 242.058 8270.62 120.659 103.14 98.2762 27.2739 -221.927 -9326.66 -241.848 -7755.53 -33.4129 -46.9723 -47.2068 ;
12572.8 1.34847e+06 782852 -11918.9 -260746 -18536 13010.3 458698 6641.24 5134.26 4989.07 2061.19 -12471.1 -953156 -13009.9 -455301 -3186.63 -2503.4 -557.379 ;
10057.1 782852 628380 -16429.3 -149809 -10425.2 12153.4 360184 5419.18 4155.57 3767.22 1356.8 -9784.49 -581875 -12155 -350524 -2567.19 -1959.22 -1076.57 ;
-121.197 -11918.9 -16429.3 31064.5 31064.5 0 -2434.85 -2434.85 -64.7799 0.0424668 -60.834 0 109.615 7060.81 2505.81 2505.81 105.036 -1.24971 50.7164 ;
-1760.63 -260746 -149809 31064.5 6.44199e+06 0 -2434.85 -90182.7 -520.698 -1212.92 -702.279 208.951 8732.46 284802 2505.81 424880 1092.16 2575.9 -25603 ;
-37.1757 -18536 -10425.2 0 0 9.20215e+06 0 0 -258.374 -99.6816 141.36 0 2461.19 54430.8 0 0 811.325 242.918 -12022.1 ;
242.058 13010.3 12153.4 -2434.85 -2434.85 0 5500.95 5500.95 121.085 129.622 65.8665 48.4489 -241.848 -8540.46 -5481.85 -5481.85 -45.7982 -84.1638 0.351581 ;
8270.62 458698 360184 -2434.85 -90182.7 0 5500.95 399543 4415.38 4165.51 2759.09 1012.21 -7755.53 -343973 -5481.85 -373857 -1198.01 -1579.39 -1655.89 ;
120.659 6641.24 5419.18 -64.7799 -520.698 -258.374 121.085 4415.38 120.659 56.8672 47.4633 14.451 -112.968 -4947.99 -121.33 -4116.02 -16.9813 -13.7418 -22.7115 ;
103.14 5134.26 4155.57 0.0424668 -1212.92 -99.6816 129.622 4165.51 56.8672 103.14 0 13.0815 -97.8643 -3810.11 -129.12 -3942.36 -4.30771 -21.085 -15.6592 ;
98.2762 4989.07 3767.22 -60.834 -702.279 141.36 65.8665 2759.09 47.4633 0 98.2762 10.2555 -90.5903 -3719.29 -66.031 -2540.5 -12.5733 -19.1283 -25.5825 ;
27.2739 2061.19 1356.8 0 208.951 0 48.4489 1012.21 14.451 13.0815 10.2555 27.2739 -26.7365 -1697.02 -48.3309 -989.863 -4.67195 -4.99278 -1.30258 ;
-221.927 -12471.1 -9784.49 109.615 8732.46 2461.19 -241.848 -7755.53 -112.968 -97.8643 -90.5903 -26.7365 265.019 9544.22 240.021 9427.36 35.9027 58.956 -126.172 ;
-9326.66 -953156 -581875 7060.81 284802 54430.8 -8540.46 -343973 -4947.99 -3810.11 -3719.29 -1697.02 9544.22 781895 8530.21 352230 2473.64 1935.45 -1033.47 ;
-241.848 -13009.9 -12155 2505.81 2505.81 0 -5481.85 -5481.85 -121.33 -129.12 -66.031 -48.3309 240.021 8530.21 5490.35 5490.35 45.4341 84.0241 6.47984 ;
-7755.53 -455301 -350524 2505.81 424880 0 -5481.85 -373857 -4116.02 -3942.36 -2540.5 -989.863 9427.36 352230 5490.35 456876 1282.82 2061.74 -4708.72 ;
-33.4129 -3186.63 -2567.19 105.036 1092.16 811.325 -45.7982 -1198.01 -16.9813 -4.30771 -12.5733 -4.67195 35.9027 2473.64 45.4341 1282.82 35.9027 6.77205 -6.93081 ;
-46.9723 -2503.4 -1959.22 -1.24971 2575.9 242.918 -84.1638 -1579.39 -13.7418 -21.085 -19.1283 -4.99278 58.956 1935.45 84.0241 2061.74 6.77205 58.956 -38.1436 ;
-47.2068 -557.379 -1076.57 50.7164 -25603 -12022.1 0.351581 -1655.89 -22.7115 -15.6592 -25.5825 -1.30258 -126.172 -1033.47 6.47984 -4708.72 -6.93081 -38.1436 882.46 ;
]
+++++++++++++
Iter 26

Size = 19
Data size = 190
[ 238.024 12655.7 10110.9 -121.372 -1905.01 -192.471 243.524 8316.76 121.225 103.578 98.9347 27.4128 -223.711 -9387.66 -243.344 -7817.01 -33.6638 -47.4197 -43.8115 ;
12655.7 1.36176e+06 788248 -11770.8 -265859 -23239.9 13120.8 461764 6675.69 5161.73 5025.94 2079.93 -12561.5 -961764 -13120.5 -458570 -3212.99 -2532.08 -501.18 ;
10110.9 788248 631590 -16169.8 -159872 -16933.7 12187.9 362235 5444.38 4174.1 3790.53 1365.3 -9850.64 -585620 -12190.2 -352971 -2585.23 -1978.79 -986.807 ;
-121.372 -11770.8 -16169.8 30818.6 30818.6 0 -2441.64 -2441.64 -63.3319 -0.0141458 -59.433 0 110.34 7027.75 2507.9 2507.9 105.231 -1.17721 45.5107 ;
-1905.01 -265859 -159872 30818.6 6.23107e+06 0 -2441.64 -97055.7 -579.286 -1242.11 -734.815 213.418 8601.86 285299 2507.9 418737 1110.47 2502.47 -23996 ;
-192.471 -23239.9 -16933.7 0 0 1.23044e+06 0 0 -242.46 -103.194 -21.252 0 1611.25 29904.6 0 0 84.8861 214.069 -5318.84 ;
243.524 13120.8 12187.9 -2441.64 -2441.64 0 5534.68 5534.68 121.759 130.824 65.8916 49.0231 -243.344 -8648.03 -5516.82 -5516.82 -45.8227 -84.4142 0.363668 ;
8316.76 461764 362235 -2441.64 -97055.7 0 5534.68 401769 4435.67 4184.74 2777.82 1017.11 -7817.01 -346279 -5516.82 -376862 -1207.06 -1594.7 -1549.67 ;
121.225 6675.69 5444.38 -63.3319 -579.286 -242.46 121.759 4435.67 121.225 57.0774 47.7209 14.5168 -113.761 -4972.33 -122.003 -4144.6 -17.0886 -13.8602 -21.1418 ;
103.578 5161.73 4174.1 -0.0141458 -1242.11 -103.194 130.824 4184.74 57.0774 103.578 0 13.1374 -98.467 -3831.88 -130.352 -3967.44 -4.33624 -21.262 -14.7581 ;
98.9347 5025.94 3790.53 -59.433 -734.815 -21.252 65.8916 2777.82 47.7209 0 98.9347 10.302 -91.5256 -3742.53 -66.0578 -2565.87 -12.6636 -19.3359 -23.5408 ;
27.4128 2079.93 1365.3 0 213.418 0 49.0231 1017.11 14.5168 13.1374 10.302 27.4128 -26.8847 -1713.04 -48.9123 -995.211 -4.71034 -5.04252 -1.25242 ;
-223.711 -12561.5 -9850.64 110.34 8601.86 1611.25 -243.344 -7817.01 -113.761 -98.467 -91.5256 -26.8847 265.101 9588.95 241.588 9437.01 36.0121 58.8709 -117.158 ;
-9387.66 -961764 -585620 7027.75 285299 29904.6 -8648.03 -346279 -4972.33 -3831.88 -3742.53 -1713.04 9588.95 790356 8638.7 354107 2490.33 1950.84 -924.92 ;
-243.344 -13120.5 -12190.2 2507.9 2507.9 0 -5516.82 -5516.82 -122.003 -130.352 -66.0578 -48.9123 241.588 8638.7 5524.56 5524.56 45.4629 84.2851 5.90323 ;
-7817.01 -458570 -352971 2507.9 418737 0 -5516.82 -376862 -4144.6 -3967.44 -2565.87 -995.211 9437.01 354107 5524.56 457307 1290.04 2058.94 -4449.77 ;
-33.6638 -3212.99 -2585.23 105.231 1110.47 84.8861 -45.8227 -1207.06 -17.0886 -4.33624 -12.6636 -4.71034 36.0121 2490.33 45.4629 1290.04 36.0121 6.79961 -6.02486 ;
-47.4197 -2532.08 -1978.79 -1.17721 2502.47 214.069 -84.4142 -1594.7 -13.8602 -21.262 -19.3359 -5.04252 58.8709 1950.84 84.2851 2058.94 6.79961 58.8709 -35.5442 ;
-43.8115 -501.18 -986.807 45.5107 -23996 -5318.84 0.363668 -1549.67 -21.1418 -14.7581 -23.5408 -1.25242 -117.158 -924.92 5.90323 -4449.77 -6.02486 -35.5442 794.077 ;
]
+++++++++++++
Iter 34

Size = 19
Data size = 190
[ 238.038 12656.6 10111.8 -121.413 -1904.27 -181.255 243.51 8316.85 121.235 103.579 98.9445 27.4127 -223.708 -9388.32 -243.33 -7817.3 -33.6602 -47.4157 -43.8894 ;
12656.6 1.36183e+06 788318 -11783.3 -265827 -23206.5 13120.7 461758 6676.24 5161.65 5026.71 2079.91 -12562.1 -961811 -13120.4 -458567 -3212.96 -2532.06 -502.613 ;
10111.8 788318 631676 -16188.5 -159773 -16737.2 12188.4 362226 5444.79 4174.04 3791.12 1365.29 -9851.15 -585668 -12190.7 -352968 -2585.17 -1978.66 -988.746 ;
-121.413 -11783.3 -16188.5 30845.3 30845.3 0 -2442.57 -2442.57 -63.413 -0.0136855 -59.5134 0 110.39 7033.5 2508.79 2508.79 105.273 -1.17613 45.4346 ;
-1904.27 -265827 -159773 30845.3 6.23298e+06 0 -2442.57 -97026.7 -579.174 -1242.23 -735.112 213.439 8598.09 285251 2508.79 418548 1110.05 2501.18 -23974.5 ;
-181.255 -23206.5 -16737.2 0 0 2.23991e+06 0 0 -250.079 -102.979 -6.55736 0 1729.65 33454.6 0 0 177.216 218.463 -6164.38 ;
243.51 13120.7 12188.4 -2442.57 -2442.57 0 5534.39 5534.39 121.754 130.811 65.8954 49.0132 -243.33 -8647.65 -5516.55 -5516.55 -45.8253 -84.4144 0.362084 ;
8316.85 461758 362226 -2442.57 -97026.7 0 5534.39 401773 4435.67 4184.72 2777.97 1017.12 -7817.3 -346277 -5516.55 -376877 -1207.02 -1594.76 -1548.16 ;
121.235 6676.24 5444.79 -63.413 -579.174 -250.079 121.754 4435.67 121.235 57.0761 47.7282 14.5169 -113.764 -4972.84 -121.998 -4144.72 -17.0879 -13.8578 -21.1531 ;
103.579 5161.65 4174.04 -0.0136855 -1242.23 -102.979 130.811 4184.72 57.0761 103.579 0 13.1371 -98.4674 -3831.83 -130.338 -3967.5 -4.33609 -21.2615 -14.7603 ;
98.9445 5026.71 3791.12 -59.5134 -735.112 -6.55736 65.8954 2777.97 47.7282 0 98.9445 10.3022 -91.5187 -3743.09 -66.0614 -2566.12 -12.6597 -19.3324 -23.6202 ;
27.4127 2079.91 1365.29 0 213.439 0 49.0132 1017.12 14.5169 13.1371 10.3022 27.4127 -26.8847 -1713.02 -48.9025 -995.222 -4.71038 -5.04255 -1.25184 ;
-223.708 -12562.1 -9851.15 110.39 8598.09 1729.65 -243.33 -7817.3 -113.764 -98.4674 -91.5187 -26.8847 265.149 9590.18 241.575 9436.52 36.0193 58.8779 -117.396 ;
-9388.32 -961811 -585668 7033.5 285251 33454.6 -8647.65 -346277 -4972.84 -3831.83 -3743.09 -1713.02 9590.18 790415 8638.34 354098 2490.61 1950.89 -928.647 ;
-243.33 -13120.4 -12190.7 2508.79 2508.79 0 -5516.55 -5516.55 -121.998 -130.338 -66.0614 -48.9025 241.575 8638.34 5524.28 5524.28 45.4656 84.2854 5.89515 ;
-7817.3 -458567 -352968 2508.79 418548 0 -5516.55 -376877 -4144.72 -3967.5 -2566.12 -995.222 9436.52 354098 5524.28 457283 1289.98 2058.71 -4445.66 ;
-33.6602 -3212.96 -2585.17 105.273 1110.05 177.216 -45.8253 -1207.02 -17.0879 -4.33609 -12.6597 -4.71038 36.0193 2490.61 45.4656 1289.98 36.0193 6.7999 -6.10425 ;
-47.4157 -2532.06 -1978.66 -1.17613 2501.18 218.463 -84.4144 -1594.76 -13.8578 -21.2615 -19.3324 -5.04255 58.8779 1950.89 84.2854 2058.71 6.7999 58.8779 -35.593 ;
-43.8894 -502.613 -988.746 45.4346 -23974.5 -6164.38 0.362084 -1548.16 -21.1531 -14.7603 -23.6202 -1.25184 -117.396 -928.647 5.89515 -4445.66 -6.10425 -35.593 796.158 ;
]
+++++++++++++
Iter 36

Size = 19
Data size = 190
[ 238.046 12657 10112.2 -121.455 -1903.74 -168.015 243.496 8316.97 121.24 103.579 98.9511 27.4123 -223.711 -9388.57 -243.315 -7817.64 -33.6571 -47.415 -43.9097 ;
12657 1.36186e+06 788352 -11795.9 -265803 -22866.6 13120.4 461756 6676.49 5161.57 5027.12 2079.85 -12562.5 -961819 -13120.1 -458568 -3212.89 -2532.09 -503.179 ;
10112.2 788352 631719 -16207.3 -159697 -16231.4 12189 362223 5444.99 4173.97 3791.43 1365.27 -9851.41 -585685 -12191.3 -352970 -2585.08 -1978.62 -989.428 ;
-121.455 -11795.9 -16207.3 30872.2 30872.2 0 -2443.52 -2443.52 -63.4944 -0.0132878 -59.594 0 110.441 7039.31 2509.69 2509.69 105.316 -1.17506 45.3591 ;
-1903.74 -265803 -159697 30872.2 6.23453e+06 0 -2443.52 -97006.9 -579.158 -1242.38 -735.423 213.46 8594.56 285207 2509.69 418371 1109.69 2499.94 -23953.5 ;
-168.015 -22866.6 -16231.4 0 0 3.09191e+06 0 0 -253.536 -102.871 8.39293 0 1818.78 36145.8 0 0 254.746 220.412 -6840.32 ;
