============== BHHH ===============

Size = 19
Data size = 190
[ 211.513 11924.8 8955.49 -51.4613 -4403.5 -1197.16 266.612 7322.19 104.286 85.4568 96.0245 17.8003 -205.707 -10006 -266.802 -7168.72 -29.8837 -39.8063 -14.2718 ;
11924.8 1.40666e+06 750052 -2635.03 -288334 -58402.6 17876.5 431338 6243.82 4016.88 5449.46 1043.41 -11888 -1.12437e+06 -17882.1 -430058 -3208.75 -2163.63 -77.0749 ;
8955.49 750052 562277 -4814.3 -206103 -52747.5 15669.5 306403 4636.23 3220.47 3965.69 799.766 -8815.53 -649885 -15677.3 -302228 -2305.85 -1532.29 -343.243 ;
-51.4613 -2635.03 -4814.3 7380.73 7380.73 0 -1089.68 -1089.68 -32.3044 2.37112 -24.205 0 36.351 1682.98 1104.79 1104.79 37.0291 -1.39463 45.2544 ;
-4403.5 -288334 -206103 7380.73 4.79476e+06 0 -1089.68 -209169 -1705.02 -2104.2 -1628.39 -410.649 9428.38 263956 1104.79 448617 954.357 2381.81 -11658.1 ;
-1197.16 -58402.6 -52747.5 0 0 1.9123e+06 0 0 -933.359 -130.855 -866.45 0 2419.2 56202.7 0 0 364.463 82.1969 -3084.64 ;
266.612 17876.5 15669.5 -1089.68 -1089.68 0 6044.76 6044.76 105.771 143.268 58.773 22.27 -266.802 -13610.3 -6044.57 -6044.57 -67.8224 -84.0921 1.24603 ;
7322.19 431338 306403 -1089.68 -209169 0 6044.76 357084 3930.67 3422.46 2790.65 676.626 -7168.72 -358725 -6044.57 -350267 -1036.89 -1368.18 -410.013 ;
104.286 6243.82 4636.23 -32.3044 -1705.02 -933.359 105.771 3930.67 104.286 45.3224 45.6535 11.8059 -103.199 -5236.48 -105.859 -3905.43 -16.3161 -12.4356 -1.02989 ;
85.4568 4016.88 3220.47 2.37112 -2104.2 -130.855 143.268 3422.46 45.3224 85.4568 0 7.25818 -82.3577 -3136.79 -143.225 -3301.89 -3.6304 -18.9174 -7.41369 ;
96.0245 5449.46 3965.69 -24.205 -1628.39 -866.45 58.773 2790.65 45.6535 0 96.0245 7.1707 -94.1594 -4888.02 -58.7666 -2778.34 -11.455 -15.5252 -3.73572 ;
17.8003 1043.41 799.766 0 -410.649 0 22.27 676.626 11.8059 7.25818 7.1707 17.8003 -16.3322 -827.468 -22.27 -620.414 -2.22886 -3.6212 -1.67792 ;
-205.707 -11888 -8815.53 36.351 9428.38 2419.2 -266.802 -7168.72 -103.199 -82.3577 -94.1594 -16.3322 251.187 10182.5 264.348 8944.99 32.9387 50.9849 -93.0332 ;
-10006 -1.12437e+06 -649885 1682.98 263956 56202.7 -13610.3 -358725 -5236.48 -3136.79 -4888.02 -827.468 10182.5 1.19669e+06 13593.1 365795 2652.25 1767.22 -585.023 ;
-266.802 -17882.1 -15677.3 1104.79 1104.79 0 -6044.57 -6044.57 -105.859 -143.225 -58.7666 -22.27 264.348 13593.1 6047.02 6047.02 67.2893 83.4534 10.5855 ;
-7168.72 -430058 -302228 1104.79 448617 0 -6044.57 -350267 -3905.43 -3301.89 -2778.34 -620.414 8944.99 365795 6047.02 437861 1146.55 1797.72 -3517.37 ;
-29.8837 -3208.75 -2305.85 37.0291 954.357 364.463 -67.8224 -1036.89 -16.3161 -3.6304 -11.455 -2.22886 32.9387 2652.25 67.2893 1146.55 32.9387 5.55045 -6.92781 ;
-39.8063 -2163.63 -1532.29 -1.39463 2381.81 82.1969 -84.0921 -1368.18 -12.4356 -18.9174 -15.5252 -3.6212 50.9849 1767.22 83.4534 1797.72 5.55045 50.9849 -28.4779 ;
-14.2718 -77.0749 -343.243 45.2544 -11658.1 -3084.64 1.24603 -410.013 -1.02989 -7.41369 -3.73572 -1.67792 -93.0332 -585.023 10.5855 -3517.37 -6.92781 -28.4779 365.557 ;
]

============== Hessian ===============

Size = 19
Data size = 190
[ 218.216 11317 9015.44 -121.586 -2137.77 -80.0819 214.445 7475.84 108.43 92.8061 95.0986 20.2172 -205.647 -8433.01 -215.359 -7063.14 -30.7568 -41.9118 -28.2588 ;
11317 1.22779e+06 691130 -12443.2 -269240 -17448.5 11844.6 406547 5858.17 4525.25 4692.03 1432.56 -11256.2 -869837 -11852.3 -404755 -2906.07 -2227.4 -244.362 ;
9015.44 691130 548427 -17488.8 -180863 -8786.53 10859 317204 4748.57 3630.55 3580.31 1065.27 -8802.87 -516609 -10879.7 -310362 -2329.92 -1697.48 -575.155 ;
-121.586 -12443.2 -17488.8 31468.1 31468.1 0 -2410.12 -2410.12 -71.4373 -3.83815 -67.01 0 105.364 7121.85 2426.34 2426.34 101.904 -1.38177 59.0537 ;
-2137.77 -269240 -180863 31468.1 5.27188e+06 0 -2410.12 -109500 -621.42 -1336.08 -653.644 410.649 7254.65 266725 2426.34 355479 1082.91 1966.81 -14083.3 ;
-80.0819 -17448.5 -8786.53 0 0 8.91562e+06 0 0 -284.788 -117.727 105.688 0 2053.37 48472.2 0 0 710.351 134.42 -8706.9 ;
214.445 11844.6 10859 -2410.12 -2410.12 0 4940.68 4940.68 107.507 118.264 54.7936 22.7629 -215.359 -7899.19 -4939.77 -4939.77 -44.2031 -76.5785 3.42613 ;
7475.84 406547 317204 -2410.12 -109500 0 4940.68 360400 3900.7 3737.02 2600.68 791.328 -7063.14 -307649 -4939.77 -340102 -1080.75 -1369.6 -877.443 ;
108.43 5858.17 4748.57 -71.4373 -621.42 -284.788 107.507 3900.7 108.43 50.3854 44.393 11.7373 -101.743 -4405.47 -107.95 -3657.54 -15.4195 -11.8934 -13.4724 ;
92.8061 4525.25 3630.55 -3.83815 -1336.08 -117.727 118.264 3737.02 50.3854 92.8061 0 9.2054 -88.3751 -3381.44 -118.735 -3554.99 -3.62073 -18.9649 -10.4149 ;
95.0986 4692.03 3580.31 -67.01 -653.644 105.688 54.7936 2600.68 44.393 0 95.0986 8.0147 -88.3906 -3494.26 -55.1135 -2422.43 -12.248 -17.5912 -15.0435 ;
20.2172 1432.56 1065.27 0 410.649 0 22.7629 791.328 11.7373 9.2054 8.0147 20.2172 -19.4832 -1151.57 -22.7629 -761.451 -3.51863 -4.47822 -1.40567 ;
-205.647 -11256.2 -8802.87 105.364 7254.65 2053.37 -215.359 -7063.14 -101.743 -88.3751 -88.3906 -19.4832 240.243 8571.11 213.26 8414.76 32.8856 51.2041 -77.308 ;
-8433.01 -869837 -516609 7121.85 266725 48472.2 -7899.19 -307649 -4405.47 -3381.44 -3494.26 -1151.57 8571.11 723393 7886.54 312961 2249.22 1730.13 -502.865 ;
-215.359 -11852.3 -10879.7 2426.34 2426.34 0 -4939.77 -4939.77 -107.95 -118.735 -55.1135 -22.7629 213.26 7886.54 4941.87 4941.87 43.9742 76.2833 8.19165 ;
-7063.14 -404755 -310362 2426.34 355479 0 -4939.77 -340102 -3657.54 -3554.99 -2422.43 -761.451 8414.76 312961 4941.87 407352 1158.07 1744.22 -2888.5 ;
-30.7568 -2906.07 -2329.92 101.904 1082.91 710.351 -44.2031 -1080.75 -15.4195 -3.62073 -12.248 -3.51863 32.8856 2249.22 43.9742 1158.07 32.8856 5.86713 -5.10633 ;
-41.9118 -2227.4 -1697.48 -1.38177 1966.81 134.42 -76.5785 -1369.6 -11.8934 -18.9649 -17.5912 -4.47822 51.2041 1730.13 76.2833 1744.22 5.86713 51.2041 -22.4044 ;
-28.2588 -244.362 -575.155 59.0537 -14083.3 -8706.9 3.42613 -877.443 -13.4724 -10.4149 -15.0435 -1.40567 -77.308 -502.865 8.19165 -2888.5 -5.10633 -22.4044 396.21 ;
]

