# This file has automatically been generated
# biogeme 2.6a [Mon Apr 24 10:20:42 BST 2017]
# <a href='http://people.epfl.ch/michel.bierlaire'>Michel Bierlaire</a>, <a href='http://transp-or.epfl.ch'>Transport and Mobility Laboratory</a>, <a href='http://www.epfl.ch'>Ecole Polytechnique F&eacute;d&eacute;rale de Lausanne (EPFL)</a>
# Tue Nov 21 13:21:11 2017</p>
#
ASC_PT = Beta('ASC_PT',-1.13172,-10000,10000,0,'ASC_PT' )

Beta_time_PT = Beta('Beta_time_PT',-0.0079122,-10000,10000,0,'Beta_time_PT' )

LAMBDA = Beta('LAMBDA',1.12747,-10000,10000,0,'LAMBDA' )

Beta_Cost_age1 = Beta('Beta_Cost_age1',-0.00509115,-10000,10000,0,'Beta_Cost_age1' )

Beta_Cost_age2 = Beta('Beta_Cost_age2',-0.000881786,-10000,10000,0,'Beta_Cost_age2' )

Beta_Cost_age3 = Beta('Beta_Cost_age3',-0.000145732,-10000,10000,0,'Beta_Cost_age3' )

Beta_Age1_PT = Beta('Beta_Age1_PT',2.06172,-10000,10000,0,'Beta_Age1_PT' )

Beta_Age2_PT = Beta('Beta_Age2_PT',-0.0198718,-10000,10000,0,'Beta_Age2_PT' )

Beta_urb = Beta('Beta_urb',-0.333501,-10000,10000,0,'Beta_urb' )

Beta_TripWork = Beta('Beta_TripWork',0.564866,-10000,10000,0,'Beta_TripWork' )

Beta_TripLeisure = Beta('Beta_TripLeisure',-0.0353821,-10000,10000,0,'Beta_TripLeisure' )

Beta_have_ga = Beta('Beta_have_ga',2.18243,-10000,10000,0,'Beta_have_ga' )

ASC_PM  = Beta('ASC_PM ',-0.531044,-10000,10000,0,'ASC_PM ' )

Beta_time_PM = Beta('Beta_time_PM',-0.0301842,-10000,10000,0,'Beta_time_PM' )

Beta_Age1_PM = Beta('Beta_Age1_PM',2.005,-10000,10000,0,'Beta_Age1_PM' )

Beta_Age2_PM = Beta('Beta_Age2_PM',-0.00805129,-10000,10000,0,'Beta_Age2_PM' )

Beta_multi_trips = Beta('Beta_multi_trips',0.0762483,-10000,10000,0,'Beta_multi_trips' )

Beta_roman = Beta('Beta_roman',0.978629,-10000,10000,0,'Beta_roman' )

Beta_Distance = Beta('Beta_Distance',-0.686967,-10000,10000,0,'Beta_Distance' )


## Code for the sensitivity analysis
names = ['ASC_PM ','ASC_PT','Beta_Age1_PM','Beta_Age1_PT','Beta_Age2_PM','Beta_Age2_PT','Beta_Cost_age1','Beta_Cost_age2','Beta_Cost_age3','Beta_Distance','Beta_TripLeisure','Beta_TripWork','Beta_have_ga','Beta_multi_trips','Beta_roman','Beta_time_PM','Beta_time_PT','Beta_urb','LAMBDA']
values = [[0.176875,0.157597,0.122191,0.122244,-0.00280503,-0.00266478,-4.68894e-05,9.89257e-06,-1.12709e-05,0.0147837,0.00117995,0.00285492,-0.000630107,-0.0042988,-0.0072263,-7.38258e-05,0.000202735,0.00143563,0.00538251],[0.157597,0.224928,0.123498,0.123471,-0.00259509,-0.00289569,-3.93131e-06,-4.59396e-06,-1.19747e-05,0.0128768,-0.0438358,-0.033723,0.00339266,0.0112238,0.00173291,-0.000193385,-0.000475537,-0.00774872,-0.0103282],[0.122191,0.123498,0.403443,0.403164,-0.00258942,-0.00262891,-2.54155e-05,-1.25218e-05,-1.97441e-05,-0.00436304,-0.00256821,0.00372645,0.000753301,-0.00118389,-0.00349177,1.48813e-05,-8.37242e-06,5.90376e-05,-0.000134696],[0.122244,0.123471,0.403164,0.403122,-0.00259171,-0.00262486,-1.16234e-05,-1.23759e-05,-1.97036e-05,-0.00438047,-0.00250111,0.0035612,0.000548634,-0.00126938,-0.003309,6.1598e-06,-1.69812e-05,-5.62717e-05,-0.000303321],[-0.00280503,-0.00259509,-0.00258942,-0.00259171,6.77348e-05,6.35342e-05,6.7269e-07,-5.0831e-07,3.2301e-07,-5.05953e-05,-2.52032e-05,-3.37397e-05,5.8815e-05,3.98826e-05,-1.24631e-06,8.10443e-07,-5.47522e-07,-2.08934e-05,-1.87717e-05],[-0.00266478,-0.00289569,-0.00262891,-0.00262486,6.35342e-05,7.02928e-05,8.51532e-07,-4.29221e-07,3.28456e-07,-4.69299e-05,0.000129517,-4.01917e-05,1.03361e-06,2.75803e-05,-2.17799e-05,2.37293e-06,3.29694e-07,-2.89892e-05,-5.62535e-06],[-4.68894e-05,-3.93131e-06,-2.54155e-05,-1.16234e-05,6.7269e-07,8.51532e-07,1.05246e-05,-2.53554e-07,-2.24455e-08,2.92917e-06,4.76926e-05,4.68075e-05,0.000106665,3.04394e-05,2.25407e-05,9.9044e-06,-2.3588e-06,-2.39733e-05,-0.000134165],[9.89257e-06,-4.59396e-06,-1.25218e-05,-1.23759e-05,-5.0831e-07,-4.29221e-07,-2.53554e-07,1.7812e-07,5.26178e-09,4.90923e-06,7.87102e-06,6.17517e-06,-1.98192e-05,-8.44056e-06,-4.69417e-08,-5.55782e-07,1.90146e-08,2.24535e-06,3.68122e-06],[-1.12709e-05,-1.19747e-05,-1.97441e-05,-1.97036e-05,3.2301e-07,3.28456e-07,-2.24455e-08,5.26178e-09,2.74654e-08,2.31054e-06,3.07228e-07,9.18596e-07,-1.54227e-06,-3.55328e-06,-1.65401e-07,-1.21885e-07,-3.5801e-08,-9.21597e-08,-8.28712e-08],[0.0147837,0.0128768,-0.00436304,-0.00438047,-5.05953e-05,-4.69299e-05,2.92917e-06,4.90923e-06,2.31054e-06,0.00575502,0.000968254,0.000984154,0.00070788,0.000159955,-0.000471042,6.40171e-05,2.71598e-05,4.27044e-05,0.000217473],[0.00117995,-0.0438358,-0.00256821,-0.00250111,-2.52032e-05,0.000129517,4.76926e-05,7.87102e-06,3.07228e-07,0.000968254,0.0482477,0.037069,0.000254649,-0.0104118,0.000603584,0.000237099,6.99316e-05,-0.000822805,-6.76341e-05],[0.00285492,-0.033723,0.00372645,0.0035612,-3.37397e-05,-4.01917e-05,4.68075e-05,6.17517e-06,9.18596e-07,0.000984154,0.037069,0.049293,0.000651116,-0.0156748,0.000234895,0.000309936,-3.66457e-06,-0.00245901,-0.00217294],[-0.000630107,0.00339266,0.000753301,0.000548634,5.8815e-05,1.03361e-06,0.000106665,-1.98192e-05,-1.54227e-06,0.00070788,0.000254649,0.000651116,0.0566991,0.00581334,0.00082822,0.000585368,-7.07982e-05,-0.000796034,-0.00544201],[-0.0042988,0.0112238,-0.00118389,-0.00126938,3.98826e-05,2.75803e-05,3.04394e-05,-8.44056e-06,-3.55328e-06,0.000159955,-0.0104118,-0.0156748,0.00581334,0.0481043,0.00217143,0.000297016,-6.58939e-06,-0.0018957,-0.0033595],[-0.0072263,0.00173291,-0.00349177,-0.003309,-1.24631e-06,-2.17799e-05,2.25407e-05,-4.69417e-08,-1.65401e-07,-0.000471042,0.000603584,0.000234895,0.00082822,0.00217143,0.0250427,-3.54439e-05,-4.2921e-05,-0.00494048,-0.000939173],[-7.38258e-05,-0.000193385,1.48813e-05,6.1598e-06,8.10443e-07,2.37293e-06,9.9044e-06,-5.55782e-07,-1.21885e-07,6.40171e-05,0.000237099,0.000309936,0.000585368,0.000297016,-3.54439e-05,5.02598e-05,2.81984e-06,-7.32751e-05,-0.000263242],[0.000202735,-0.000475537,-8.37242e-06,-1.69812e-05,-5.47522e-07,3.29694e-07,-2.3588e-06,1.90146e-08,-3.5801e-08,2.71598e-05,6.99316e-05,-3.66457e-06,-7.07982e-05,-6.58939e-06,-4.2921e-05,2.81984e-06,2.03587e-05,3.15473e-05,0.000502745],[0.00143563,-0.00774872,5.90376e-05,-5.62717e-05,-2.08934e-05,-2.89892e-05,-2.39733e-05,2.24535e-06,-9.21597e-08,4.27044e-05,-0.000822805,-0.00245901,-0.000796034,-0.0018957,-0.00494048,-7.32751e-05,3.15473e-05,0.0181496,0.00135802],[0.00538251,-0.0103282,-0.000134696,-0.000303321,-1.87717e-05,-5.62535e-06,-0.000134165,3.68122e-06,-8.28712e-08,0.000217473,-6.76341e-05,-0.00217294,-0.00544201,-0.0033595,-0.000939173,-0.000263242,0.000502745,0.00135802,0.0148414]]
vc = bioMatrix(19,names,values)
BIOGEME_OBJECT.VARCOVAR = vc
