# This file has automatically been generated
# biogeme 2.6a [Mon Apr 24 10:20:42 BST 2017]
# <a href='http://people.epfl.ch/michel.bierlaire'>Michel Bierlaire</a>, <a href='http://transp-or.epfl.ch'>Transport and Mobility Laboratory</a>, <a href='http://www.epfl.ch'>Ecole Polytechnique F&eacute;d&eacute;rale de Lausanne (EPFL)</a>
# Tue Nov 21 13:38:13 2017</p>
#
ASC_PT = Beta('ASC_PT',-0.530901,-10000,10000,0,'ASC_PT' )

Beta_time_PT = Beta('Beta_time_PT',0.00141906,-10000,10000,0,'Beta_time_PT' )

Beta_time_PT_walk = Beta('Beta_time_PT_walk',-0.0349478,-10000,10000,0,'Beta_time_PT_walk' )

Beta_Cost_age1 = Beta('Beta_Cost_age1',-0.00855446,-10000,10000,0,'Beta_Cost_age1' )

Beta_Cost_age2 = Beta('Beta_Cost_age2',-0.00104963,-10000,10000,0,'Beta_Cost_age2' )

Beta_Cost_age3 = Beta('Beta_Cost_age3',-0.000149945,-10000,10000,0,'Beta_Cost_age3' )

Beta_Age1_PT = Beta('Beta_Age1_PT',2.0403,-10000,10000,0,'Beta_Age1_PT' )

Beta_Age2_PT = Beta('Beta_Age2_PT',-0.0189083,-10000,10000,0,'Beta_Age2_PT' )

Beta_urb = Beta('Beta_urb',-0.25909,-10000,10000,0,'Beta_urb' )

Beta_TripWork = Beta('Beta_TripWork',0.471268,-10000,10000,0,'Beta_TripWork' )

Beta_TripLeisure = Beta('Beta_TripLeisure',-0.197889,-10000,10000,0,'Beta_TripLeisure' )

Beta_have_ga = Beta('Beta_have_ga',2.25168,-10000,10000,0,'Beta_have_ga' )

ASC_PM  = Beta('ASC_PM ',-0.593161,-10000,10000,0,'ASC_PM ' )

Beta_time_PM = Beta('Beta_time_PM',-0.0183989,-10000,10000,0,'Beta_time_PM' )

Beta_Age1_PM = Beta('Beta_Age1_PM',1.98256,-10000,10000,0,'Beta_Age1_PM' )

Beta_Age2_PM = Beta('Beta_Age2_PM',-0.00727054,-10000,10000,0,'Beta_Age2_PM' )

Beta_multi_trips = Beta('Beta_multi_trips',-0.34539,-10000,10000,0,'Beta_multi_trips' )

Beta_roman = Beta('Beta_roman',0.954487,-10000,10000,0,'Beta_roman' )

Beta_Distance = Beta('Beta_Distance',-0.679539,-10000,10000,0,'Beta_Distance' )


## Code for the sensitivity analysis
names = ['ASC_PM ','ASC_PT','Beta_Age1_PM','Beta_Age1_PT','Beta_Age2_PM','Beta_Age2_PT','Beta_Cost_age1','Beta_Cost_age2','Beta_Cost_age3','Beta_Distance','Beta_TripLeisure','Beta_TripWork','Beta_have_ga','Beta_multi_trips','Beta_roman','Beta_time_PM','Beta_time_PT','Beta_time_PT_walk','Beta_urb']
values = [[0.176572,0.159982,0.124362,0.124476,-0.00283321,-0.00267035,1.2071e-06,1.17741e-05,-1.13048e-05,0.0147053,0.00146706,0.00476892,0.000181252,-0.00282421,-0.00746124,1.0784e-05,2.87852e-05,6.64618e-05,-0.000217561],[0.159982,0.221212,0.124362,0.124089,-0.00261927,-0.00285255,-0.000125971,-1.91754e-06,-1.27742e-05,0.0131712,-0.0479928,-0.0380633,0.00621604,0.00743357,0.000327518,-4.91859e-05,3.63926e-05,-0.000323839,-0.00766543],[0.124362,0.124362,0.42771,0.42738,-0.00263166,-0.0026707,-3.8651e-05,-1.20768e-05,-1.99361e-05,-0.00432487,-0.00195803,0.00580155,0.00117497,-0.00541802,-0.00400092,2.23397e-05,3.50369e-06,-2.67509e-05,-9.76315e-05],[0.124476,0.124089,0.42738,0.427327,-0.0026345,-0.00266756,-2.132e-05,-1.19367e-05,-1.99049e-05,-0.00432854,-0.00182447,0.00570482,0.000981,-0.00531314,-0.00372518,1.56137e-05,-1.07114e-07,-2.48086e-05,-0.000258269],[-0.00283321,-0.00261927,-0.00263166,-0.0026345,6.91061e-05,6.41028e-05,5.72565e-07,-6.30481e-07,3.32924e-07,-4.45655e-05,-1.30089e-05,-3.99962e-05,6.84192e-05,2.52713e-05,-1.99799e-06,4.24274e-07,1.09005e-07,-5.75327e-08,-6.57971e-06],[-0.00267035,-0.00285255,-0.0026707,-0.00266756,6.41028e-05,7.04669e-05,2.28991e-07,-5.42413e-07,3.45671e-07,-4.11392e-05,0.000109749,-7.44642e-05,9.42055e-06,2.05592e-05,-2.29023e-05,1.8058e-06,1.08113e-06,-8.6055e-07,2.26877e-06],[1.2071e-06,-0.000125971,-3.8651e-05,-2.132e-05,5.72565e-07,2.28991e-07,1.02205e-05,-1.88906e-07,-1.47911e-08,-2.87402e-06,6.37687e-05,3.46832e-05,-2.88706e-05,2.35486e-06,3.42844e-05,1.89273e-06,2.63208e-07,4.22089e-06,-2.65945e-05],[1.17741e-05,-1.91754e-06,-1.20768e-05,-1.19367e-05,-6.30481e-07,-5.42413e-07,-1.88906e-07,2.23281e-07,5.04901e-09,5.90561e-06,8.57588e-06,7.47169e-06,-2.3949e-05,-4.86616e-07,-3.82952e-07,-4.56368e-07,-2.33182e-07,6.89217e-08,-8.50702e-07],[-1.13048e-05,-1.27742e-05,-1.99361e-05,-1.99049e-05,3.32924e-07,3.45671e-07,-1.47911e-08,5.04901e-09,2.69468e-08,2.62477e-06,9.11304e-07,1.34011e-06,-5.05892e-07,-3.02188e-06,-7.90444e-08,-6.89971e-08,-3.6597e-08,-3.05643e-08,-5.35534e-08],[0.0147053,0.0131712,-0.00432487,-0.00432854,-4.45655e-05,-4.11392e-05,-2.87402e-06,5.90561e-06,2.62477e-06,0.00590695,0.000849993,0.000886644,0.000166193,-0.000179979,-0.000369712,3.83301e-05,2.40385e-05,1.71828e-05,-8.88623e-05],[0.00146706,-0.0479928,-0.00195803,-0.00182447,-1.30089e-05,0.000109749,6.37687e-05,8.57588e-06,9.11304e-07,0.000849993,0.0521022,0.0406193,-0.00430524,-0.0112339,0.00073557,2.60956e-05,-3.74981e-05,0.000184815,-0.000915819],[0.00476892,-0.0380633,0.00580155,0.00570482,-3.99962e-05,-7.44642e-05,3.46832e-05,7.47169e-06,1.34011e-06,0.000886644,0.0406193,0.0531695,-0.00334445,-0.0187863,0.000149365,9.26828e-05,4.25676e-06,0.000128967,-0.0020886],[0.000181252,0.00621604,0.00117497,0.000981,6.84192e-05,9.42055e-06,-2.88706e-05,-2.3949e-05,-5.05892e-07,0.000166193,-0.00430524,-0.00334445,0.0549934,-0.00235405,0.000318457,0.000286815,0.000137087,-8.61927e-05,0.000904985],[-0.00282421,0.00743357,-0.00541802,-0.00531314,2.52713e-05,2.05592e-05,2.35486e-06,-4.86616e-07,-3.02188e-06,-0.000179979,-0.0112339,-0.0187863,-0.00235405,0.0547832,0.00172023,-0.000228292,-0.000147819,0.000283612,-0.00230216],[-0.00746124,0.000327518,-0.00400092,-0.00372518,-1.99799e-06,-2.29023e-05,3.42844e-05,-3.82952e-07,-7.90444e-08,-0.000369712,0.00073557,0.000149365,0.000318457,0.00172023,0.0266251,-6.12206e-05,-4.07078e-05,1.26033e-05,-0.00485336],[1.0784e-05,-4.91859e-05,2.23397e-05,1.56137e-05,4.24274e-07,1.8058e-06,1.89273e-06,-4.56368e-07,-6.89971e-08,3.83301e-05,2.60956e-05,9.26828e-05,0.000286815,-0.000228292,-6.12206e-05,3.05343e-05,1.79826e-05,1.82481e-06,3.06847e-05],[2.87852e-05,3.63926e-05,3.50369e-06,-1.07114e-07,1.09005e-07,1.08113e-06,2.63208e-07,-2.33182e-07,-3.6597e-08,2.40385e-05,-3.74981e-05,4.25676e-06,0.000137087,-0.000147819,-4.07078e-05,1.79826e-05,1.39015e-05,-3.22587e-06,3.46314e-05],[6.64618e-05,-0.000323839,-2.67509e-05,-2.48086e-05,-5.75327e-08,-8.6055e-07,4.22089e-06,6.89217e-08,-3.05643e-08,1.71828e-05,0.000184815,0.000128967,-8.61927e-05,0.000283612,1.26033e-05,1.82481e-06,-3.22587e-06,1.43616e-05,-7.07394e-05],[-0.000217561,-0.00766543,-9.76315e-05,-0.000258269,-6.57971e-06,2.26877e-06,-2.65945e-05,-8.50702e-07,-5.35534e-08,-8.88623e-05,-0.000915819,-0.0020886,0.000904985,-0.00230216,-0.00485336,3.06847e-05,3.46314e-05,-7.07394e-05,0.0190054]]
vc = bioMatrix(19,names,values)
BIOGEME_OBJECT.VARCOVAR = vc
