Iter 0

Size = 21
Data size = 231
[ 1.41265e+06 23893.6 921302 171694 16030.9 446910 125214 6206.78 3839.61 5387.5 1383.92 -11100.2 -907547 -3700.31 -3245.86 -7854.31 -964.917 -102300 -505.222 -30060.4 -22492.9 ;
23893.6 0 0 0 0 0 0 0 0 0 0 0 0 0 0 0 0 0 0 0 0 ;
921302 0 963715 129261 15021.5 444366 111314 6028.39 3542.94 5248.28 868.056 -10491.6 -598691 -3573.36 -3550.64 -6940.94 -1377.08 -64249.2 -755 -44816.1 -26537.7 ;
171694 0 129261 59394.8 794.544 64185.5 18631.1 871.637 464.341 803.573 -121.966 -1390.13 -80305.9 -472.575 -503.063 -887.071 -331.856 -26091.2 -52.0956 -11166.7 -6625.65 ;
16030.9 0 15021.5 794.544 5649.69 5649.69 0 125.194 121.389 75.0833 48.4444 -246.917 -10552.9 -67.0556 -80.9167 -166 -15.6667 -148.256 -353.222 -353.222 0 ;
446910 0 444366 64185.5 5649.69 411391 0 4529.28 3357.78 3608.44 660.083 -7289.36 -304666 -1527.06 -2212.64 -5076.72 -1312.61 -21852.2 -353.222 -65336.5 0 ;
125214 0 111314 18631.1 0 0 145467 918.667 157.806 1753.22 105.75 -1464.64 -76237.5 -260.639 -520.556 -944.083 -552.889 -18782.7 0 0 -40679.2 ;
6206.78 0 6028.39 871.637 125.194 4529.28 918.667 114.611 46.8889 50.4722 9.36111 -98.0556 -4233.25 -18.6111 -20.4167 -77.6389 -16.5556 -319.403 -2.22222 -664.139 -187.333 ;
3839.61 0 3542.94 464.341 121.389 3357.78 157.806 46.8889 80.0278 0 8.08333 -69.1389 -2672.31 -2.72222 -17.9444 -51.1944 -10.8889 -159.239 -6.44444 -476.639 -44.7778 ;
5387.5 0 5248.28 803.573 75.0833 3608.44 1753.22 50.4722 0 104.139 6.66667 -83.1944 -3540.19 -16.1111 -29.1111 -54.0833 -20.9444 -425.231 -4.66667 -658.472 -500.111 ;
1383.92 0 868.056 -121.966 48.4444 660.083 105.75 9.36111 8.08333 6.66667 17.25 -16 -1181.31 -2.86111 -2.97222 -13.0278 -1.25 -104.622 -2.22222 -40.6667 -18 ;
-11100.2 0 -10491.6 -1390.13 -246.917 -7289.36 -1464.64 -98.0556 -69.1389 -83.1944 -16 220.417 8652.67 41.6389 71.9722 148.444 -32.3333 -566 -15.6667 -1184.11 -473.889 ;
-907547 0 -598691 -80305.9 -10552.9 -304666 -76237.5 -4233.25 -2672.31 -3540.19 -1181.31 8652.67 788174 2839.28 2425.56 6227.11 -607.333 -54361.3 -210.667 -21017 -12069.2 ;
-3700.31 0 -3573.36 -472.575 -67.0556 -1527.06 -260.639 -18.6111 -2.72222 -16.1111 -2.86111 41.6389 2839.28 41.6389 15.4722 26.1667 -2.44444 -94.3333 -2.55556 -77.5556 -46.8889 ;
-3245.86 0 -3550.64 -503.063 -80.9167 -2212.64 -520.556 -20.4167 -17.9444 -29.1111 -2.97222 71.9722 2425.56 15.4722 71.9722 0 -12.1111 -189.7 -6.66667 -387.889 -240.556 ;
-7854.31 0 -6940.94 -887.071 -166 -5076.72 -944.083 -77.6389 -51.1944 -54.0833 -13.0278 148.444 6227.11 26.1667 0 148.444 -20.2222 -376.3 -9 -796.222 -233.333 ;
-964.917 0 -1377.08 -331.856 -15.6667 -1312.61 -552.889 -16.5556 -10.8889 -20.9444 -1.25 -32.3333 -607.333 -2.44444 -12.1111 -20.2222 68.4167 1284.38 31.3333 2496.72 1026.78 ;
-102300 0 -64249.2 -26091.2 -148.256 -21852.2 -18782.7 -319.403 -159.239 -425.231 -104.622 -566 -54361.3 -94.3333 -189.7 -376.3 1284.38 177419 296.511 41240.7 31213.3 ;
-505.222 0 -755 -52.0956 -353.222 -353.222 0 -2.22222 -6.44444 -4.66667 -2.22222 -15.6667 -210.667 -2.55556 -6.66667 -9 31.3333 296.511 706.444 706.444 0 ;
-30060.4 0 -44816.1 -11166.7 -353.222 -65336.5 0 -664.139 -476.639 -658.472 -40.6667 -1184.11 -21017 -77.5556 -387.889 -796.222 2496.72 41240.7 706.444 124381 0 ;
-22492.9 0 -26537.7 -6625.65 0 0 -40679.2 -187.333 -44.7778 -500.111 -18 -473.889 -12069.2 -46.8889 -240.556 -233.333 1026.78 31213.3 0 0 75082.4 ;
]
+++++++++++++
Iter 1

Size = 21
Data size = 231
[ 870378 26242.2 573407 105075 12329 320038 74189.5 4556.47 2965.54 3737.28 1049.4 -8224.47 -607973 -2372.13 -2290.94 -5933.53 -260.841 -15258 -205.114 -9102.65 -2803.38 ;
26242.2 669.547 13013.5 2556.1 246.273 6726.43 1623.8 96.0288 59.2784 80.3382 23.5837 -174.083 -14576.3 -55.3805 -47.0417 -127.041 -4.79947 -366.01 -3.8584 -164.679 -53.1497 ;
573407 13013.5 534306 72516.8 11674.7 288918 64827.7 4121.44 2550.7 3385 702.123 -7328.86 -408962 -2112.96 -2299.85 -5029.01 -382.19 -11539.9 -271.715 -13364.3 -3888.04 ;
105075 2556.1 72516.8 34187.1 557.518 40676.7 9568.16 577.288 315.597 506.641 -100.376 -960.869 -57506.4 -270.336 -333.853 -627.016 -113.156 -5125.86 -25.6542 -4000.75 -1283.06 ;
12329 246.273 11674.7 557.518 5076.78 5076.78 0 109.812 114.556 64.8214 44.3748 -228.562 -8296.36 -55.5456 -78.1231 -150.439 -6.50319 -64.0768 -154.202 -154.202 0 ;
320038 6726.43 288918 40676.7 5076.78 298450 0 3355.28 2626.43 2631.36 565.17 -5862.95 -235289 -990.867 -1680.91 -4182.04 -434.714 -6133.99 -154.202 -20776.5 0 ;
74189.5 1623.8 64827.7 9568.16 0 0 102334 692.069 117.448 1231.06 78.6298 -1287 -53577.9 -147.602 -462.393 -824.604 -130.805 -2035.27 0 0 -9861.71 ;
4556.47 96.0288 4121.44 577.288 109.812 3355.28 692.069 86.3327 37.2751 37.3698 8.25622 -80.4831 -3354.54 -12.5197 -16.063 -64.4201 -5.84964 -100.417 -0.921949 -238.622 -47.2563 ;
2965.54 59.2784 2550.7 315.597 114.556 2626.43 117.448 37.2751 63.5651 0 6.98862 -59.6588 -2229.45 -2.0055 -14.947 -44.7118 -3.90639 -44.8205 -3.06973 -155.759 -18.6559 ;
3737.28 80.3382 3385 506.641 64.8214 2631.36 1231.06 37.3698 0 75.9648 5.62391 -69.7559 -2730.05 -10.6536 -23.3271 -46.4287 -6.20895 -69.6377 -1.78791 -205.129 -110.207 ;
1049.4 23.5837 702.123 -100.376 44.3748 565.17 78.6298 8.25622 6.98862 5.62391 14.6661 -14.2986 -976.618 -2.45834 -2.71513 -11.5834 -0.367514 -10.7518 -1.10764 -13.9571 -0.752585 ;
-8224.47 -174.083 -7328.86 -960.869 -228.562 -5862.95 -1287 -80.4831 -59.6588 -69.7559 -14.2986 180.523 6569.18 27.9704 57.2961 123.227 -26.8146 -331.664 -11.2241 -991.229 -290.841 ;
-607973 -14576.3 -408962 -57506.4 -8296.36 -235289 -53577.9 -3354.54 -2229.45 -2730.05 -976.618 6569.18 528586 1877.4 1797.18 4772.01 -424.286 -19303.1 -132.353 -15027.8 -6185.96 ;
-2372.13 -55.3805 -2112.96 -270.336 -55.5456 -990.867 -147.602 -12.5197 -2.0055 -10.6536 -2.45834 27.9704 1877.4 27.9704 9.95616 18.0142 -2.31942 -72.3525 -1.15233 -72.6418 -41.3283 ;
-2290.94 -47.0417 -2299.85 -333.853 -78.1231 -1680.91 -462.393 -16.063 -14.947 -23.3271 -2.71513 57.2961 1797.18 9.95616 57.2961 0 -10.5151 -149.148 -5.2876 -349.787 -157.837 ;
-5933.53 -127.041 -5029.01 -627.016 -150.439 -4182.04 -824.604 -64.4201 -44.7118 -46.4287 -11.5834 123.227 4772.01 18.0142 0 123.227 -16.2995 -182.516 -5.9365 -641.442 -133.004 ;
-260.841 -4.79947 -382.19 -113.156 -6.50319 -434.714 -130.805 -5.84964 -3.90639 -6.20895 -0.367514 -26.8146 -424.286 -2.31942 -10.5151 -16.2995 38.7976 507.257 17.7273 1425.94 421.646 ;
-15258 -366.01 -11539.9 -5125.86 -64.0768 -6133.99 -2035.27 -100.417 -44.8205 -69.6377 -10.7518 -331.664 -19303.1 -72.3525 -149.148 -182.516 507.257 34147.8 158.181 17934.5 7142.86 ;
-205.114 -3.8584 -271.715 -25.6542 -154.202 -154.202 0 -0.921949 -3.06973 -1.78791 -1.10764 -11.2241 -132.353 -1.15233 -5.2876 -5.9365 17.7273 158.181 410.262 410.262 0 ;
-9102.65 -164.679 -13364.3 -4000.75 -154.202 -20776.5 0 -238.622 -155.759 -205.129 -13.9571 -991.229 -15027.8 -72.6418 -349.787 -641.442 1425.94 17934.5 410.262 68627.1 0 ;
-2803.38 -53.1497 -3888.04 -1283.06 0 0 -9861.71 -47.2563 -18.6559 -110.207 -0.752585 -290.841 -6185.96 -41.3283 -157.837 -133.004 421.646 7142.86 0 0 30823 ;
]
+++++++++++++
Iter 2

Size = 21
Data size = 231
[ 97464.2 2023.93 138103 17179.6 4810.1 93299.6 25665.2 1279.21 1109.62 1018.65 368.208 -2456.15 -178868 -528.076 -446.786 -2009.37 -90.3975 -2503.92 -37.5314 -3393.59 -762.62 ;
2023.93 147.873 12032.9 1646.88 378.218 7321.19 2275.88 99.2547 84.1577 84.2842 31.7429 -197.553 -17337.2 -48.2601 -35.2098 -162.343 -5.61422 -201.86 -2.49638 -209.119 -39.4075 ;
138103 12032.9 263211 23497.1 9422.49 170716 40214.6 2423.43 1963.39 1751.62 624.88 -4339.93 -244765 -990.933 -826.061 -3513.87 -255.206 -4586 -115.963 -9592.95 -2275.48 ;
17179.6 1646.88 23497.1 11750.8 576.923 16774.2 5645.18 213.417 183.737 209.217 -81.787 -403.471 -23576.7 -68.1975 -80.7389 -322.732 -68.7631 -1631.24 -7.00177 -2551.64 -665.974 ;
4810.1 378.218 9422.49 576.923 4150.23 4150.23 0 88.1295 93.693 51.6968 26.4096 -188.955 -7137.36 -46.8778 -61.9552 -127 -2.94697 -17.101 -74.2272 -74.2272 0 ;
93299.6 7321.19 170716 16774.2 4150.23 209438 0 2340.47 2215.28 1576.96 530.588 -3999.16 -155223 -504.576 -704.082 -3295.08 -398.761 -3879.01 -74.2272 -19707.9 0 ;
25665.2 2275.88 40214.6 5645.18 0 0 75703.5 505.995 108.517 877.224 54.389 -931.779 -46047.1 -89.7199 -211.306 -720.473 -113.703 -698.106 0 0 -8700.54 ;
1279.21 99.2547 2423.43 213.417 88.1295 2340.47 505.995 60.4482 31.4366 22.5752 7.30385 -55.0005 -2107.69 -5.64679 -6.14542 -48.8551 -5.44768 -60.4176 -0.77808 -236.143 -37.6346 ;
1109.62 84.1577 1963.39 183.737 93.693 2215.28 108.517 31.4366 53.3952 0 6.29483 -49.2584 -1762.25 -1.7276 -9.09732 -40.1611 -4.13674 -31.7187 -1.36347 -175.111 -18.1447 ;
1018.65 84.2842 1751.62 209.217 51.6968 1576.96 877.224 22.5752 0 47.6023 5.08167 -42.6975 -1784.81 -5.11403 -8.50962 -34.1879 -4.90474 -30.9635 -1.40791 -170.588 -91.922 ;
368.208 31.7429 624.88 -81.787 26.4096 530.588 54.389 7.30385 6.29483 5.08167 13.1019 -12.6127 -814.302 -2.30768 -2.75112 -9.86159 -0.48921 -1.55307 -0.477426 -20.3413 -0.00432279 ;
-2456.15 -197.553 -4339.93 -403.471 -188.955 -3999.16 -931.779 -55.0005 -49.2584 -42.6975 -12.6127 134.586 4541.65 15.753 28.0684 106.517 -28.4692 -234.269 -3.56875 -1131.07 -256.066 ;
-178868 -17337.2 -244765 -23576.7 -7137.36 -155223 -46047.1 -2107.69 -1762.25 -1784.81 -814.302 4541.65 413983 1114.92 843.068 3698.59 -335.072 -7579.54 -39.1972 -12768.3 -4221.16 ;
-528.076 -48.2601 -990.933 -68.1975 -46.8778 -504.576 -89.7199 -5.64679 -1.7276 -5.11403 -2.30768 15.753 1114.92 15.753 3.78715 11.9658 -2.07401 -31.7983 -0.10362 -67.7168 -33.2866 ;
-446.786 -35.2098 -826.061 -80.7389 -61.9552 -704.082 -211.306 -6.14542 -9.09732 -8.50962 -2.75112 28.0684 843.068 3.78715 28.0684 0 -7.38261 -69.2359 -1.62031 -261.393 -94.7311 ;
-2009.37 -162.343 -3513.87 -322.732 -127 -3295.08 -720.473 -48.8551 -40.1611 -34.1879 -9.86159 106.517 3698.59 11.9658 0 106.517 -21.0866 -165.033 -1.94844 -869.673 -161.335 ;
-90.3975 -5.61422 -255.206 -68.7631 -2.94697 -398.761 -113.703 -5.44768 -4.13674 -4.90474 -0.48921 -28.4692 -335.072 -2.07401 -7.38261 -21.0866 38.8513 337.723 6.51572 1529.83 369.768 ;
-2503.92 -201.86 -4586 -1631.24 -17.101 -3879.01 -698.106 -60.4176 -31.7187 -30.9635 -1.55307 -234.269 -7579.54 -31.7983 -69.2359 -165.033 337.723 10602.4 45.9475 12937.5 3603.61 ;
-37.5314 -2.49638 -115.963 -7.00177 -74.2272 -74.2272 0 -0.77808 -1.36347 -1.40791 -0.477426 -3.56875 -39.1972 -0.10362 -1.62031 -1.94844 6.51572 45.9475 172.691 172.691 0 ;
-3393.59 -209.119 -9592.95 -2551.64 -74.2272 -19707.9 0 -236.143 -175.111 -170.588 -20.3413 -1131.07 -12768.3 -67.7168 -261.393 -869.673 1529.83 12937.5 172.691 75850.2 0 ;
-762.62 -39.4075 -2275.48 -665.974 0 0 -8700.54 -37.6346 -18.1447 -91.922 -0.00432279 -256.066 -4221.16 -33.2866 -94.7311 -161.335 369.768 3603.61 0 0 27280 ;
]
+++++++++++++
Iter 3

Size = 21
Data size = 231
[ 97483.1 10546.5 151838 23547.8 4471.94 101743 23469.7 1444.24 1162.48 1082.13 231.236 -2629.86 -161938 -583.001 -543.926 -2085.93 -65.4658 -801.272 -23.6691 -2524.11 -722.076 ;
10546.5 1209.65 15686.2 2631.8 409.725 9636.48 2280.13 137.527 105.705 105.054 22.3667 -251.4 -17757 -63.1233 -52.3366 -199.063 -4.19742 -62.6118 -1.85424 -164.377 -41.6419 ;
151838 15686.2 297525 34940.3 8957.52 184269 43379.8 2684.11 2052.3 1936.52 455.622 -4724.03 -251819 -1133.67 -946.072 -3777.96 -208.455 -1794.27 -76.1423 -7967.82 -2219.78 ;
23547.8 2631.8 34940.3 14545.1 538.249 23224.4 5830.27 330.189 240.578 264.282 -45.5647 -565.35 -36464.5 -123.16 -122.095 -443.255 -51.6718 -571.573 -3.38234 -1925.46 -560.214 ;
4471.94 409.725 8957.52 538.249 3998.84 3998.84 0 83.1465 88.8133 51.0716 22.5431 -182.219 -6122 -46.7811 -65.0624 -117.156 -1.97849 -9.93588 -52.0681 -52.0681 0 ;
101743 9636.48 184269 23224.4 3998.84 215976 0 2441.43 2256.05 1643.7 421.38 -4169.4 -161881 -573.877 -783.707 -3385.69 -366.939 -2404.43 -52.0681 -18343.7 0 ;
23469.7 2280.13 43379.8 5830.27 0 0 78585.6 531.749 120.497 893.237 21.5077 -966.236 -36243.5 -87.5945 -243.824 -722.412 -117.975 -585.307 0 0 -9041.57 ;
1444.24 137.527 2684.11 330.189 83.1465 2441.43 531.749 62.989 32.2544 23.7865 5.86183 -58.0208 -2287.82 -6.87425 -7.2414 -50.7794 -4.96829 -32.8372 -0.526667 -217.066 -37.5688 ;
1162.48 105.705 2052.3 240.578 88.8133 2256.05 120.497 32.2544 54.4566 0 5.01628 -50.6096 -1801.64 -1.57389 -9.68537 -40.9243 -3.84701 -22.598 -0.982887 -161.928 -17.7572 ;
1082.13 105.054 1936.52 264.282 51.0716 1643.7 893.237 23.7865 0 49.3448 3.99745 -44.5403 -1742.06 -5.76316 -9.71161 -34.8287 -4.80452 -28.1363 -0.924222 -164.9 -96.0594 ;
231.236 22.3667 455.622 -45.5647 22.5431 421.38 21.5077 5.86183 5.01628 3.99745 10.2055 -9.71646 -464.064 -1.33569 -2.43584 -7.28062 -0.489014 -1.38958 -0.408459 -20.3977 -1.4486e-09 ;
-2629.86 -251.4 -4724.03 -565.35 -182.219 -4169.4 -966.236 -58.0208 -50.6096 -44.5403 -9.71646 138.725 4472.96 16.9951 30.1466 108.578 -28.2987 -163.057 -2.42708 -1143.48 -237.643 ;
-161938 -17757 -251819 -36464.5 -6122 -161881 -36243.5 -2287.82 -1801.64 -1742.06 -464.064 4472.96 323684 1065.98 956.071 3516.89 -257.176 -3336.27 -21.6469 -9764.24 -3225.68 ;
-583.001 -63.1233 -1133.67 -123.16 -46.7811 -573.877 -87.5945 -6.87425 -1.57389 -5.76316 -1.33569 16.9951 1065.98 16.9951 4.23738 12.7577 -1.89372 -16.2761 0.143162 -59.5689 -30.9508 ;
-543.926 -52.3366 -946.072 -122.095 -65.0624 -783.707 -243.824 -7.2414 -9.68537 -9.71161 -2.43584 30.1466 956.071 4.23738 30.1466 0 -7.19327 -47.8505 -0.99732 -262.65 -87.314 ;
-2085.93 -199.063 -3777.96 -443.255 -117.156 -3385.69 -722.412 -50.7794 -40.9243 -34.8287 -7.28062 108.578 3516.89 12.7577 0 108.578 -21.1054 -115.206 -1.42976 -880.832 -150.329 ;
-65.4658 -4.19742 -208.455 -51.6718 -1.97849 -366.939 -117.975 -4.96829 -3.84701 -4.80452 -0.489014 -28.2987 -257.176 -1.89372 -7.19327 -21.1054 37.8864 223.252 4.40557 1510.42 355.618 ;
-801.272 -62.6118 -1794.27 -571.573 -9.93588 -2404.43 -585.307 -32.8372 -22.598 -28.1363 -1.38958 -163.057 -3336.27 -16.2761 -47.8505 -115.206 223.252 3341.89 26.3244 8652.51 2567.29 ;
-23.6691 -1.85424 -76.1423 -3.38234 -52.0681 -52.0681 0 -0.526667 -0.982887 -0.924222 -0.408459 -2.42708 -21.6469 0.143162 -0.99732 -1.42976 4.40557 26.3244 125.14 125.14 0 ;
-2524.11 -164.377 -7967.82 -1925.46 -52.0681 -18343.7 0 -217.066 -161.928 -164.9 -20.3977 -1143.48 -9764.24 -59.5689 -262.65 -880.832 1510.42 8652.51 125.14 75215 0 ;
-722.076 -41.6419 -2219.78 -560.214 0 0 -9041.57 -37.5688 -17.7572 -96.0594 -1.4486e-09 -237.643 -3225.68 -30.9508 -87.314 -150.329 355.618 2567.29 0 0 26345 ;
]
+++++++++++++
Iter 4

Size = 21
Data size = 231
[ 67428 10035.8 119089 16679.3 3958.68 85253.9 19354.7 1145.9 960.516 919.144 170.84 -2204.06 -124795 -463.569 -533.757 -1670.31 -45.962 -326.576 -6.7216 -1825.18 -567.477 ;
10035.8 1585.71 17144.8 2562.97 517.839 11284.9 2562.08 152.407 122.558 123.41 23.0277 -293.471 -19053.4 -70.0526 -71.4041 -222.067 -3.83791 -28.3125 -0.710627 -157.324 -41.0419 ;
119089 17144.8 261943 27759.9 8649.67 171240 40873 2332.49 1852.25 1856.72 407.074 -4398.41 -221292 -1021.63 -1059.42 -3339 -174.795 -1011.48 -25.2565 -6915.59 -1999.71 ;
16679.3 2562.97 27759.9 10639.3 534.789 20693.6 5061.56 265.664 207.587 242.777 -36.5813 -503.212 -29544.6 -101.294 -138.787 -364.425 -39.0948 -236.975 -0.220399 -1488.89 -435.185 ;
3958.68 517.839 8649.67 534.789 3930.19 3930.19 0 78.7794 86.3801 49.4823 19.7658 -179.681 -6151.02 -47.9691 -67.2085 -112.473 -0.696111 -2.89964 -19.9442 -19.9442 0 ;
85253.9 11284.9 171240 20693.6 3930.19 209209 0 2229.81 2113.97 1654.59 373.756 -4046.71 -150325 -543.105 -907.847 -3138.86 -338.227 -1719.33 -19.9442 -17055.1 0 ;
19354.7 2562.08 40873 5061.56 0 0 79079.1 501.206 117.322 907.788 15.0323 -970.953 -32224 -83.5279 -294.471 -676.483 -118.707 -433.579 0 0 -9120.1 ;
1145.9 152.407 2332.49 265.664 78.7794 2229.81 501.206 57.7216 29.0753 22.5797 5.44271 -53.3149 -2029.63 -5.96396 -7.98688 -45.3281 -4.40662 -22.1514 -0.166023 -193.663 -37.6537 ;
960.516 122.558 1852.25 207.587 86.3801 2113.97 117.322 29.0753 51.279 0 4.56627 -48.0643 -1663.8 -1.37856 -10.3945 -37.6698 -3.2147 -12.8355 -0.385489 -137.138 -17.4849 ;
919.144 123.41 1856.72 242.777 49.4823 1654.59 907.788 22.5797 0 49.4555 3.38013 -44.8133 -1627.78 -5.48696 -11.7109 -33.1024 -4.64223 -22.959 -0.301489 -164.037 -96.0972 ;
170.84 23.0277 407.074 -36.5813 19.7658 373.756 15.0323 5.44271 4.56627 3.38013 9.03101 -8.58183 -377.294 -1.09869 -2.1749 -6.40693 -0.449175 -1.18779 -0.206215 -18.606 -5.08564e-23 ;
-2204.06 -293.471 -4398.41 -503.212 -179.681 -4046.71 -970.953 -53.3149 -48.0643 -44.8133 -8.58183 134.936 4079.55 15.931 34.0894 100.846 -27.3617 -110.323 -0.574976 -1124.83 -213.752 ;
-124795 -19053.4 -221292 -29544.6 -6151.02 -150325 -32224 -2029.63 -1663.8 -1627.78 -377.294 4079.55 276604 931.192 975.261 3104.29 -185.384 -1291.48 -5.42474 -7208.49 -2108.43 ;
-463.569 -70.0526 -1021.63 -101.294 -47.9691 -543.105 -83.5279 -5.96396 -1.37856 -5.48696 -1.09869 15.931 931.192 15.931 4.69817 11.2328 -1.72181 -8.00382 0.230488 -55.0194 -23.6318 ;
-533.757 -71.4041 -1059.42 -138.787 -67.2085 -907.847 -294.471 -7.98688 -10.3945 -11.7109 -2.1749 34.0894 975.261 4.69817 34.0894 0 -7.79136 -33.4679 -0.393118 -296.382 -89.5809 ;
-1670.31 -222.067 -3339 -364.425 -112.473 -3138.86 -676.483 -45.3281 -37.6698 -33.1024 -6.40693 100.846 3104.29 11.2328 0 100.846 -19.5704 -76.8556 -0.181859 -828.452 -124.172 ;
-45.962 -3.83791 -174.795 -39.0948 -0.696111 -338.227 -118.707 -4.40662 -3.2147 -4.64223 -0.449175 -27.3617 -185.384 -1.72181 -7.79136 -19.5704 36.0862 151.857 1.27109 1463.06 332.459 ;
-326.576 -28.3125 -1011.48 -236.975 -2.89964 -1719.33 -433.579 -22.1514 -12.8355 -22.959 -1.18779 -110.323 -1291.48 -8.00382 -33.4679 -76.8556 151.857 1126.74 7.55752 6042.25 1613.71 ;
-6.7216 -0.710627 -25.2565 -0.220399 -19.9442 -19.9442 0 -0.166023 -0.385489 -0.301489 -0.206215 -0.574976 -5.42474 0.230488 -0.393118 -0.181859 1.27109 7.55752 52.264 52.264 0 ;
-1825.18 -157.324 -6915.59 -1488.89 -19.9442 -17055.1 0 -193.663 -137.138 -164.037 -18.606 -1124.83 -7208.49 -55.0194 -296.382 -828.452 1463.06 6042.25 52.264 73095 0 ;
-567.477 -41.0419 -1999.71 -435.185 0 0 -9120.1 -37.6537 -17.4849 -96.0972 -5.08564e-23 -213.752 -2108.43 -23.6318 -89.5809 -124.172 332.459 1613.71 0 0 24741.3 ;
]
+++++++++++++
Iter 5

Size = 21
Data size = 231
[ 24290.7 4658.16 69365.7 9085 2491.68 51992.9 12090.8 684.963 609.48 544.995 102.388 -1355.77 -71985.9 -268.467 -307.918 -1047.85 -24.88 -145.512 -1.68183 -944.164 -384.471 ;
4658.16 1028.02 14263 1981.82 470.068 9829.11 2259.86 130.502 111.348 103.972 19.7036 -257.203 -15757.6 -58.2925 -58.9859 -198.217 -3.04905 -17.3362 -0.245184 -124.379 -35.786 ;
69365.7 14263 241663 24737.2 8180.04 158920 38849.5 2116.98 1768.04 1665.29 384.668 -4127.51 -208124 -968.559 -927.458 -3200.05 -137.759 -645.959 -9.60265 -5318.93 -1775.48 ;
9085 1981.82 24737.2 9342.04 506.982 18716.7 4769.04 230.246 195.705 212.327 -33.799 -464.53 -27249.8 -91.3492 -118.336 -346.194 -29.8233 -133.15 1.07897 -1114.04 -351.295 ;
2491.68 470.068 8180.04 506.982 3778.33 3778.33 0 75.8059 82.9927 46.6975 18.7619 -173.164 -6045.8 -45.9154 -63.3137 -109.85 -0.286383 -1.0505 -9.45396 -9.45396 0 ;
51992.9 9829.11 158920 18716.7 3778.33 193884 0 2006.07 2025.62 1460.28 348.603 -3800.76 -142265 -512.016 -795.1 -3005.66 -273.359 -1149.27 -9.45396 -13749.3 0 ;
12090.8 2259.86 38849.5 4769.04 0 0 75914.9 468.387 120.436 857.735 13.4636 -926.608 -31265.6 -83.7718 -265.615 -660.993 -118.426 -334.589 0 0 -9133.1 ;
684.963 130.502 2116.98 230.246 75.8059 2006.07 468.387 52.4822 27.5436 19.4087 5.1939 -48.8871 -1888.61 -5.3808 -6.67304 -42.214 -3.5951 -14.4005 -0.0642846 -153.028 -38.962 ;
609.48 111.348 1768.04 195.705 82.9927 2025.62 120.436 27.5436 49.3001 0 4.24527 -46.4455 -1609.58 -1.33384 -9.60246 -36.8431 -2.85453 -9.38917 -0.170094 -121.581 -17.1593 ;
544.995 103.972 1665.29 212.327 46.6975 1460.28 857.735 19.4087 0 44.6543 3.21529 -40.9029 -1517.04 -5.03185 -9.80549 -31.0974 -3.75141 -14.967 -0.115172 -123.99 -92.8893 ;
102.388 19.7036 384.668 -33.799 18.7619 348.603 13.4636 5.1939 4.24527 3.21529 8.45243 -7.97838 -349.602 -1.0275 -2.12749 -5.85089 -0.474051 -0.933476 -0.165127 -18.9221 -3.85623e-54 ;
-1355.77 -257.203 -4127.51 -464.53 -173.164 -3800.76 -926.608 -48.8871 -46.4455 -40.9029 -7.97838 126.846 3836.3 15.0172 30.206 96.6396 -25.2607 -75.2315 0.118161 -1053.2 -191.468 ;
-71985.9 -15757.6 -208124 -27249.8 -6045.8 -142265 -31265.6 -1888.61 -1609.58 -1517.04 -349.602 3836.3 262961 879.954 868.811 2967.49 -130.7 -624.976 -0.466793 -5274.31 -1252.18 ;
-268.467 -58.2925 -968.559 -91.3492 -45.9154 -512.016 -83.7718 -5.3808 -1.33384 -5.03185 -1.0275 15.0172 879.954 15.0172 4.19788 10.8193 -1.50308 -4.77085 0.225618 -50.4916 -14.8095 ;
-307.918 -58.9859 -927.458 -118.336 -63.3137 -795.1 -265.615 -6.67304 -9.60246 -9.80549 -2.12749 30.206 868.811 4.19788 30.206 0 -6.94711 -20.9768 -0.0786723 -267.953 -79.417 ;
-1047.85 -198.217 -3200.05 -346.194 -109.85 -3005.66 -660.993 -42.214 -36.8431 -31.0974 -5.85089 96.6396 2967.49 10.8193 0 96.6396 -18.3136 -54.2547 0.196833 -785.252 -112.051 ;
-24.88 -3.04905 -137.759 -29.8233 -0.286383 -273.359 -118.426 -3.5951 -2.85453 -3.75141 -0.474051 -25.2607 -130.7 -1.50308 -6.94711 -18.3136 32.5789 103.321 0.168222 1326.56 309.894 ;
-145.512 -17.3362 -645.959 -133.15 -1.0505 -1149.27 -334.589 -14.4005 -9.38917 -14.967 -0.933476 -75.2315 -624.976 -4.77085 -20.9768 -54.2547 103.321 542.175 1.92451 4219.59 973.473 ;
-1.68183 -0.245184 -9.60265 1.07897 -9.45396 -9.45396 0 -0.0642846 -0.170094 -0.115172 -0.165127 0.118161 -0.466793 0.225618 -0.0786723 0.196833 0.168222 1.92451 23.8694 23.8694 0 ;
-944.164 -124.379 -5318.93 -1114.04 -9.45396 -13749.3 0 -153.028 -121.581 -123.99 -18.9221 -1053.2 -5274.31 -50.4916 -267.953 -785.252 1326.56 4219.59 23.8694 66353.6 0 ;
-384.471 -35.786 -1775.48 -351.295 0 0 -9133.1 -38.962 -17.1593 -92.8893 -3.85623e-54 -191.468 -1252.18 -14.8095 -79.417 -112.051 309.894 973.473 0 0 23148.5 ;
]
+++++++++++++
Iter 6

Size = 21
Data size = 231
[ 25163.4 5697.02 72967.7 10010.4 2477.94 53797.8 12434.3 713.58 624.923 563.876 98.9852 -1410.73 -73704.6 -283.271 -324.003 -1086.72 -16.2662 -75.3403 -0.637784 -579.381 -305.756 ;
5697.02 1358.02 16111.2 2354.44 496.737 10936.9 2498.3 146.527 122.593 115.583 20.3437 -286.977 -17216.2 -65.8426 -66.5315 -220.446 -2.1333 -9.38243 -0.0953647 -84.4764 -28.3528 ;
72967.7 16111.2 257457 27758.4 8284.1 165603 40601.6 2222.85 1828.81 1738.11 375.092 -4348.24 -216966 -1036.91 -987.501 -3360.74 -103.277 -356.188 -3.99445 -3795.48 -1540.02 ;
10010.4 2354.44 27758.4 10595.6 501.745 20213 5035.89 255.78 208.824 228.952 -32.4154 -510.907 -29749.5 -104.708 -129.414 -381.494 -22.759 -79.7842 1.36474 -834.785 -281.59 ;
2477.94 496.737 8284.1 501.745 3801.26 3801.26 0 76.6405 83.2794 48.179 17.9865 -174.229 -5822.62 -46.2408 -65.2591 -108.97 -0.139464 -0.477659 -5.0869 -5.0869 0 ;
53797.8 10936.9 165603 20213 3801.26 197268 0 2043.59 2061.54 1481.64 342.418 -3939.74 -147288 -543.788 -833.958 -3105.78 -213.365 -672.326 -5.0869 -10663.9 0 ;
12434.3 2498.3 40601.6 5035.89 0 0 77085.2 474.524 120.271 871.759 12.6156 -956.211 -31987.1 -87.5429 -273.352 -682.86 -105.471 -252.663 0 0 -8199.91 ;
713.58 146.527 2222.85 255.78 76.6405 2043.59 474.524 53.5767 28.0525 19.6861 5.07838 -50.7261 -1977.11 -5.83965 -7.05957 -43.6666 -2.8506 -8.18268 -0.0287699 -117.677 -35.0804 ;
624.923 122.593 1828.81 208.824 83.2794 2061.54 120.271 28.0525 50.1828 0 4.15597 -47.7418 -1648.88 -1.35758 -9.94901 -37.7928 -2.44101 -7.07258 -0.100158 -105.168 -14.9005 ;
563.876 115.583 1738.11 228.952 48.179 1481.64 871.759 19.6861 0 45.5162 3.15266 -42.5873 -1568.53 -5.29698 -10.2682 -32.3191 -2.92885 -8.32651 -0.0389211 -90.4989 -81.4867 ;
98.9852 20.3437 375.092 -32.4154 17.9865 342.418 12.6156 5.07838 4.15597 3.15266 8.27415 -7.81942 -337.206 -0.98553 -2.12517 -5.69425 -0.454723 -0.748962 -0.12765 -17.8268 -2.29692e-82 ;
-1410.73 -286.977 -4348.24 -510.907 -174.229 -3939.74 -956.211 -50.7261 -47.7418 -42.5873 -7.81942 126.979 3919.08 15.5983 30.4625 96.5166 -21.6687 -52.3822 0.300754 -920.187 -156.351 ;
-73704.6 -17216.2 -216966 -29749.5 -5822.62 -147288 -31987.1 -1977.11 -1648.88 -1568.53 -337.206 3919.08 263008 907.911 891.363 3027.71 -92.8252 -368.731 0.400662 -3958.99 -716.293 ;
-283.271 -65.8426 -1036.91 -104.708 -46.2408 -543.788 -87.5429 -5.83965 -1.35758 -5.29698 -0.98553 15.5983 907.911 15.5983 4.36559 11.2327 -1.30578 -3.31981 0.231596 -46.5892 -6.26895 ;
-324.003 -66.5315 -987.501 -129.414 -65.2591 -833.958 -273.352 -7.05957 -9.94901 -10.2682 -2.12517 30.4625 891.363 4.36559 30.4625 0 -6.1236 -15.2514 -0.019434 -244.043 -64.3415 ;
-1086.72 -220.446 -3360.74 -381.494 -108.97 -3105.78 -682.86 -43.6666 -37.7928 -32.3191 -5.69425 96.5166 3027.71 11.2327 0 96.5166 -15.5451 -37.1308 0.320188 -676.144 -92.0092 ;
-16.2662 -2.1333 -103.277 -22.759 -0.139464 -213.365 -105.471 -2.8506 -2.44101 -2.92885 -0.454723 -21.6687 -92.8252 -1.30578 -6.1236 -15.5451 27.5457 69.6065 -0.16129 1133.55 261.822 ;
-75.3403 -9.38243 -356.188 -79.7842 -0.477659 -672.326 -252.663 -8.18268 -7.07258 -8.32651 -0.748962 -52.3822 -368.731 -3.31981 -15.2514 -37.1308 69.6065 293.891 0.421434 2915.72 619.472 ;
-0.637784 -0.0953647 -3.99445 1.36474 -5.0869 -5.0869 0 -0.0287699 -0.100158 -0.0389211 -0.12765 0.300754 0.400662 0.231596 -0.019434 0.320188 -0.16129 0.421434 10.9022 10.9022 0 ;
-579.381 -84.4764 -3795.48 -834.785 -5.0869 -10663.9 0 -117.677 -105.168 -90.4989 -17.8268 -920.187 -3958.99 -46.5892 -244.043 -676.144 1133.55 2915.72 10.9022 56863.1 0 ;
-305.756 -28.3528 -1540.02 -281.59 0 0 -8199.91 -35.0804 -14.9005 -81.4867 -2.29692e-82 -156.351 -716.293 -6.26895 -64.3415 -92.0092 261.822 619.472 0 0 19662.6 ;
]
+++++++++++++
Iter 8

Size = 21
Data size = 231
[ 10057.6 3029.26 44107.2 5495.36 1719.81 34423.4 8093.07 451.516 403.857 370.44 71.0254 -910.872 -45805.7 -164.223 -219.014 -691.858 -9.7661 -39.5779 0.139585 -315.817 -225.824 ;
3029.26 1071.26 15141.2 1990.68 551.423 10884.2 2500.59 144.149 123.682 117.216 22.9601 -287.534 -16835.5 -60.0148 -69.7179 -217.816 -2.3108 -7.87474 0.024421 -89.1899 -33.1143 ;
44107.2 15141.2 234550 23327.2 8392.32 154594 37625.8 2058.31 1699.51 1668.55 393.925 -4095.51 -208441 -929.158 -992.566 -3102.95 -82.5515 -244.815 1.21339 -2873.32 -1420.17 ;
5495.36 1990.68 23327.2 8705.11 553.219 17814 4639 216.783 181.103 211.673 -35.6674 -455.864 -26966.7 -84.6697 -128.177 -327.687 -19.0399 -58.8781 1.55165 -678.139 -254.093 ;
1719.81 551.423 8392.32 553.219 3847.25 3847.25 0 75.4482 84.9415 46.1776 19.6861 -176.427 -6589.92 -47.3841 -63.8993 -112.528 0.031296 0.12982 -1.19812 -1.19812 0 ;
34423.4 10884.2 154594 17814 3847.25 187945 0 1926.38 1944.79 1455.56 354.545 -3800.55 -142094 -489.094 -848.819 -2951.73 -169.228 -468.439 -1.19812 -8385.86 0 ;
8093.07 2500.59 37625.8 4639 0 0 74768.5 463.496 110.19 857.842 14.1746 -931.889 -31506.1 -80.5603 -282.972 -648.916 -97.9107 -220.642 0 0 -7645.56 ;
451.516 144.149 2058.31 216.783 75.4482 1926.38 463.496 51.0781 26.3585 19.4202 5.22457 -48.7796 -1873.98 -5.16979 -7.39018 -41.3894 -2.29849 -5.82595 0.00203689 -91.5939 -32.3197 ;
403.857 123.682 1699.51 181.103 84.9415 1944.79 110.19 26.3585 47.6598 0 4.35421 -45.6582 -1582.02 -1.21106 -9.87103 -35.7871 -2.00162 -5.61551 0.0185403 -84.3608 -13.8761 ;
370.44 117.216 1668.55 211.673 46.1776 1455.56 857.842 19.4202 0 44.8054 3.19452 -42.3155 -1557.89 -4.96821 -10.7962 -31.5193 -2.48994 -5.99922 0.0128272 -72.7647 -75.2087 ;
71.0254 22.9601 393.925 -35.6674 19.6861 354.545 14.1746 5.22457 4.35421 3.19452 8.57092 -8.17549 -366.581 -1.07023 -2.08197 -6.09352 -0.395426 -0.608088 -0.0402555 -15.4457 -5.58815e-99 ;
-910.872 -287.534 -4095.51 -455.864 -176.427 -3800.55 -931.889 -48.7796 -45.6582 -42.3155 -8.17549 122.856 3803.79 14.3359 30.93 91.9261 -20.7097 -44.6591 0.518731 -875.435 -147.73 ;
-45805.7 -16835.5 -208441 -26966.7 -6589.92 -142094 -31506.1 -1873.98 -1582.02 -1557.89 -366.581 3803.79 273426 870.606 903.687 2900.1 -80.0554 -285.043 1.84205 -3436.11 -542.705 ;
-164.223 -60.0148 -929.158 -84.6697 -47.3841 -489.094 -80.5603 -5.16979 -1.21106 -4.96821 -1.07023 14.3359 870.606 14.3359 4.2589 10.077 -1.2613 -2.90216 0.219958 -47.466 -2.94344 ;
-219.014 -69.7179 -992.566 -128.177 -63.8993 -848.819 -282.972 -7.39018 -9.87103 -10.7962 -2.08197 30.93 903.687 4.2589 30.93 0 -6.10672 -14.1259 0.0165308 -242.902 -62.1711 ;
-691.858 -217.816 -3102.95 -327.687 -112.528 -2951.73 -648.916 -41.3894 -35.7871 -31.5193 -6.09352 91.9261 2900.1 10.077 0 91.9261 -14.603 -30.5332 0.5022 -632.533 -85.5588 ;
-9.7661 -2.3108 -82.5515 -19.0399 0.031296 -169.228 -97.9107 -2.29849 -2.00162 -2.48994 -0.395426 -20.7097 -80.0554 -1.2613 -6.10672 -14.603 25.5872 57.3967 -0.550027 1044.66 245.641 ;
-39.5779 -7.87474 -244.815 -58.8781 0.12982 -468.439 -220.642 -5.82595 -5.61551 -5.99922 -0.608088 -44.6591 -285.043 -2.90216 -14.1259 -30.5332 57.3967 212.612 -1.26375 2377.1 509.724 ;
0.139585 0.024421 1.21339 1.55165 -1.19812 -1.19812 0 0.00203689 0.0185403 0.0128272 -0.0402555 0.518731 1.84205 0.219958 0.0165308 0.5022 -0.550027 -1.26375 2.7517 2.7517 0 ;
-315.817 -89.1899 -2873.32 -678.139 -1.19812 -8385.86 0 -91.5939 -84.3608 -72.7647 -15.4457 -875.435 -3436.11 -47.466 -242.902 -632.533 1044.66 2377.1 2.7517 52185.6 0 ;
-225.824 -33.1143 -1420.17 -254.093 0 0 -7645.56 -32.3197 -13.8761 -75.2087 -5.58815e-99 -147.73 -542.705 -2.94344 -62.1711 -85.5588 245.641 509.724 0 0 18466.6 ;
]
+++++++++++++
Iter 9

Size = 21
Data size = 231
[ 10485.3 3602.67 46894.9 6060.46 1692.44 36240.4 8412.51 478.8 419.093 388.129 65.2338 -953.99 -46260.4 -174.237 -232.686 -721.305 -9.87199 -39.5516 0.152599 -319.92 -225.501 ;
3602.67 1299.28 16093.6 2192.17 537.491 11497.6 2594.2 153.777 128.852 122.89 20.9597 -301.848 -16844.3 -63.4713 -74.1276 -227.72 -2.37137 -7.92937 0.0268102 -91.8449 -33.2405 ;
46894.9 16093.6 254176 26463.8 8348.74 165520 40416.2 2219.92 1790.64 1783.35 369.997 -4370.44 -214736 -1003.87 -1072.42 -3298.02 -85.1572 -247.683 1.38049 -2977.49 -1432 ;
6060.46 2192.17 26463.8 9608.53 523.895 19898 4888.95 251.234 199.189 232.655 -31.6465 -504.691 -28652.9 -97.0284 -140.367 -364.324 -19.2694 -58.9778 1.58354 -686.55 -254.208 ;
1692.44 537.491 8348.74 523.895 3838.42 3838.42 0 75.6998 84.8939 47.3271 18.6084 -175.968 -6101.14 -47.1306 -65.5371 -110.431 0.0358797 0.139479 -1.17278 -1.17278 0 ;
36240.4 11497.6 165520 19898 3838.42 198174 0 2047.79 2025.57 1539.75 337.061 -4003.11 -147351 -530.554 -907.774 -3095.34 -174.641 -474.127 -1.17278 -8655.61 0 ;
8412.51 2594.2 40416.2 4888.95 0 0 77958.7 484.11 115.373 891.559 11.6606 -975.418 -31460.5 -84.1862 -299.072 -676.347 -98.4206 -220.049 0 0 -7682.07 ;
478.8 153.777 2219.92 251.234 75.6998 2047.79 484.11 53.9352 27.5057 20.6069 4.96337 -51.5722 -1972.08 -5.68864 -7.93231 -43.6399 -2.36303 -5.86353 0.00204766 -94.5556 -32.4815 ;
419.093 128.852 1790.64 199.189 84.8939 2025.57 115.373 27.5057 49.4534 0 4.16374 -47.4071 -1626.92 -1.29153 -10.3365 -37.0705 -2.04631 -5.68707 0.022003 -86.7456 -13.3185 ;
388.129 122.89 1783.35 232.655 47.3271 1539.75 891.559 20.6069 0 47.0712 3.02003 -44.5087 -1593.66 -5.21587 -11.5793 -32.9294 -2.56246 -6.07941 0.0139617 -75.5589 -76.234 ;
65.2338 20.9597 369.997 -31.6465 18.6084 337.061 11.6606 4.96337 4.16374 3.02003 8.13711 -7.73044 -329.901 -0.955633 -2.04786 -5.68258 -0.406663 -0.6199 -0.0385499 -15.8776 -1.71935e-99 ;
-953.99 -301.848 -4370.44 -504.691 -175.968 -4003.11 -975.418 -51.5722 -47.4071 -44.5087 -7.73044 127.428 3907.24 15.2506 32.4019 95.0262 -20.3334 -43.3552 0.516662 -859.603 -144.341 ;
-46260.4 -16844.3 -214736 -28652.9 -6101.14 -147351 -31460.5 -1972.08 -1626.92 -1593.66 -329.901 3907.24 261113 883.437 933.613 2973.62 -77.8251 -275.343 1.82652 -3336.98 -529.062 ;
-174.237 -63.4713 -1003.87 -97.0284 -47.1306 -530.554 -84.1862 -5.68864 -1.29153 -5.21587 -0.955633 15.2506 883.437 15.2506 4.53072 10.7199 -1.24413 -2.85718 0.219306 -46.7028 -2.959 ;
-232.686 -74.1276 -1072.42 -140.367 -65.5371 -907.774 -299.072 -7.93231 -10.3365 -11.5793 -2.04786 32.4019 933.613 4.53072 32.4019 0 -5.98474 -13.7559 0.0165607 -237.934 -60.8521 ;
-721.305 -227.72 -3298.02 -364.324 -110.431 -3095.34 -676.347 -43.6399 -37.0705 -32.9294 -5.68258 95.0262 2973.62 10.7199 0 95.0262 -14.3487 -29.5993 0.500102 -621.669 -83.4892 ;
-9.87199 -2.37137 -85.1572 -19.2694 0.0358797 -174.641 -98.4206 -2.36303 -2.04631 -2.56246 -0.406663 -20.3334 -77.8251 -1.24413 -5.98474 -14.3487 25.3338 56.2222 -0.552542 1034.24 242.762 ;
-39.5516 -7.92937 -247.683 -58.9778 0.139479 -474.127 -220.049 -5.86353 -5.68707 -6.07941 -0.6199 -43.3552 -275.343 -2.85718 -13.7559 -29.5993 56.2222 206.35 -1.26588 2325.23 500.875 ;
0.152599 0.0268102 1.38049 1.58354 -1.17278 -1.17278 0 0.00204766 0.022003 0.0139617 -0.0385499 0.516662 1.82652 0.219306 0.0165607 0.500102 -0.552542 -1.26588 2.65957 2.65957 0 ;
-319.92 -91.8449 -2977.49 -686.55 -1.17278 -8655.61 0 -94.5556 -86.7456 -75.5589 -15.8776 -859.603 -3336.98 -46.7028 -237.934 -621.669 1034.24 2325.23 2.65957 51656 0 ;
-225.501 -33.2405 -1432 -254.208 0 0 -7682.07 -32.4815 -13.3185 -76.234 -1.71935e-99 -144.341 -529.062 -2.959 -60.8521 -83.4892 242.762 500.875 0 0 18255.5 ;
]
+++++++++++++
Iter 12

Size = 21
Data size = 231
[ 6077.56 2740.59 34754.9 4453.49 1310.26 27554.3 6474.58 361.084 326.341 289.973 51.9115 -726.457 -34888.7 -128.652 -167.497 -558.96 -8.18574 -32.1402 -0.133825 -257.746 -197.618 ;
2740.59 1355.63 16831.2 2271.74 591.593 12349.2 2814.74 164.028 141.934 129.486 23.7294 -324.559 -18006.7 -66.4104 -75.7398 -248.82 -2.98889 -9.38773 -0.0309712 -116.195 -41.6768 ;
34754.9 16831.2 241045 25197.6 8229.63 157803 38382 2106.44 1746.6 1652.07 374.821 -4173.97 -211614 -969.149 -956.963 -3217.01 -76.6897 -226.125 -1.92531 -2626.59 -1359.57 ;
4453.49 2271.74 25197.6 9566.54 536.966 18992.8 4800.5 234.598 195.775 216.122 -33.558 -484.349 -28452.2 -92.5897 -127.066 -357.284 -18.444 -57.161 1.47436 -648.177 -245.329 ;
1310.26 591.593 8229.63 536.966 3762.02 3762.02 0 74.0619 82.8036 45.8622 18.3343 -172.395 -6277.3 -46.6785 -63.3044 -109.09 -0.0827936 -0.179727 -3.54485 -3.54485 0 ;
27554.3 12349.2 157803 18992.8 3762.02 189079 0 1936.12 1978.85 1419.72 333.077 -3838.12 -144062 -509.089 -814.972 -3023.15 -150.247 -427.503 -3.54485 -7430.18 0 ;
6474.58 2814.74 38382 4800.5 0 0 74723.9 465.929 114.599 846.46 12.8258 -934.775 -31709.4 -83.5687 -270.429 -664.346 -94.2746 -211.382 0 0 -7381.26 ;
361.084 164.028 2106.44 234.598 74.0619 1936.12 465.929 51.2048 26.7777 18.8903 4.93407 -49.1792 -1912.68 -5.37726 -6.95436 -42.2249 -2.02554 -5.29858 -0.0092972 -79.5322 -30.3516 ;
326.341 141.934 1746.6 195.775 82.8036 1978.85 114.599 26.7777 48.3251 0 4.06148 -46.4135 -1610.16 -1.26829 -9.67258 -36.7409 -1.91166 -5.41437 -0.0736026 -79.8852 -13.1546 ;
289.973 129.486 1652.07 216.122 45.8622 1419.72 846.46 18.8903 0 43.8203 3.07494 -41.6384 -1547.96 -4.99848 -10.0111 -31.6274 -2.18189 -5.38315 -0.00905337 -60.2834 -71.8494 ;
51.9115 23.7294 374.821 -33.558 18.3343 333.077 12.8258 4.93407 4.06148 3.07494 8.06964 -7.67301 -344.029 -1.029 -2.01089 -5.66212 -0.396631 -0.593548 -0.12201 -15.3978 -5.55264e-102 ;
-726.457 -324.559 -4173.97 -484.349 -172.395 -3838.12 -934.775 -49.1792 -46.4135 -41.6384 -7.67301 123.048 3838.41 14.7935 29.516 93.532 -20.2882 -42.3506 0.403952 -857.924 -144.344 ;
-34888.7 -18006.7 -211614 -28452.2 -6277.3 -144062 -31709.4 -1912.68 -1610.16 -1547.96 -344.029 3838.41 271354 888.436 881.339 2957.08 -76.5293 -266.011 1.11993 -3291.29 -512.148 ;
-128.652 -66.4104 -969.149 -92.5897 -46.6785 -509.089 -83.5687 -5.37726 -1.26829 -4.99848 -1.029 14.7935 888.436 14.7935 4.19476 10.5987 -1.26258 -2.87877 0.218067 -47.7198 -2.84416 ;
-167.497 -75.7398 -956.963 -127.066 -63.3044 -814.972 -270.429 -6.95436 -9.67258 -10.0111 -2.01089 29.516 881.339 4.19476 29.516 0 -5.68764 -12.5377 0.00104846 -225.107 -58.6911 ;
-558.96 -248.82 -3217.01 -357.284 -109.09 -3023.15 -664.346 -42.2249 -36.7409 -31.6274 -5.66212 93.532 2957.08 10.5987 0 93.532 -14.6006 -29.813 0.402904 -632.816 -85.6533 ;
-8.18574 -2.98889 -76.6897 -18.444 -0.0827936 -150.247 -94.2746 -2.02554 -1.91166 -2.18189 -0.396631 -20.2882 -76.5293 -1.26258 -5.68764 -14.6006 24.7287 54.1236 -0.321159 1008.17 238.619 ;
-32.1402 -9.38773 -226.125 -57.161 -0.179727 -427.503 -211.382 -5.29858 -5.41437 -5.38315 -0.593548 -42.3506 -266.011 -2.87877 -12.5377 -29.813 54.1236 196.011 -0.423845 2239.4 482.022 ;
-0.133825 -0.0309712 -1.92531 1.47436 -3.54485 -3.54485 0 -0.0092972 -0.0736026 -0.00905337 -0.12201 0.403952 1.11993 0.218067 0.00104846 0.402904 -0.321159 -0.423845 7.0792 7.0792 0 ;
-257.746 -116.195 -2626.59 -648.177 -3.54485 -7430.18 0 -79.5322 -79.8852 -60.2834 -15.3978 -857.924 -3291.29 -47.7198 -225.107 -632.816 1008.17 2239.4 7.0792 50333 0 ;
-197.618 -41.6768 -1359.57 -245.329 0 0 -7381.26 -30.3516 -13.1546 -71.8494 -5.55264e-102 -144.344 -512.148 -2.84416 -58.6911 -85.6533 238.619 482.022 0 0 17954.7 ;
]
+++++++++++++
Iter 13

Size = 21
Data size = 231
[ 6221.08 2984.06 35967.8 4698.42 1299.81 28325.2 6616.85 372.725 332.539 297.647 49.4833 -744.742 -35131.1 -133.055 -173.371 -571.372 -8.3037 -32.4915 -0.128183 -262.432 -198.458 ;
2984.06 1494.14 17414.1 2395.61 583.897 12711.6 2873.78 169.751 144.827 132.92 22.5466 -333.02 -18039.7 -68.5588 -78.3853 -254.635 -3.05293 -9.53215 -0.0299542 -119.016 -41.9782 ;
35967.8 17414.1 252145 26988.9 8202.31 163820 39930.2 2196.73 1795.6 1714.74 361.874 -4325 -215174 -1012.03 -1000.37 -3324.63 -78.4382 -229.799 -1.8288 -2696.63 -1370.57 ;
4698.42 2395.61 26988.9 10105.9 520.436 20148.2 4950.85 253.956 205.599 227.655 -31.357 -511.461 -29459.4 -99.7251 -133.259 -378.202 -18.6651 -57.7591 1.48769 -656.812 -246.666 ;
1299.81 583.897 8202.31 520.436 3755.65 3755.65 0 74.2522 82.7359 46.5387 17.7307 -172.07 -6004.79 -46.4456 -64.3003 -107.77 -0.0794933 -0.175256 -3.51233 -3.51233 0 ;
28325.2 12711.6 163820 20148.2 3755.65 194518 0 2001.8 2020.93 1464.22 323.249 -3945.2 -146904 -532.142 -846.657 -3098.55 -153.635 -434.498 -3.51233 -7598.94 0 ;
6616.85 2873.78 39930.2 4950.85 0 0 76438.8 476.914 117.457 864.345 11.4112 -957.762 -31662.4 -85.6703 -278.636 -679.126 -94.9282 -212.219 0 0 -7429 ;
372.725 169.751 2196.73 253.956 74.2522 2001.8 476.914 52.747 27.3881 19.5247 4.78919 -50.6819 -1966.22 -5.67413 -7.24653 -43.4354 -2.06513 -5.36006 -0.00956093 -81.2388 -30.6324 ;
332.539 144.827 1795.6 205.599 82.7359 2020.93 117.457 27.3881 49.2551 0 3.95245 -47.3126 -1632.6 -1.30858 -9.92517 -37.3874 -1.94253 -5.48762 -0.0705299 -81.4275 -12.9614 ;
297.647 132.92 1714.74 227.655 46.5387 1464.22 864.345 19.5247 0 45.0201 2.9793 -42.7932 -1567.18 -5.13397 -10.422 -32.3712 -2.22695 -5.47216 -0.00881007 -61.9297 -72.6357 ;
49.4833 22.5466 361.874 -31.357 17.7307 323.249 11.4112 4.78919 3.95245 2.9793 7.82558 -7.42112 -323.764 -0.968202 -1.9988 -5.42232 -0.404464 -0.603951 -0.119442 -15.7049 -3.58857e-102 ;
-744.742 -333.02 -4325 -511.461 -172.07 -3945.2 -957.762 -50.6819 -47.3126 -42.7932 -7.42112 125.561 3894.53 15.3077 30.3596 95.2014 -20.1896 -42.0806 0.406293 -853.734 -143.639 ;
-35131.1 -18039.7 -215174 -29459.4 -6004.79 -146904 -31662.4 -1966.22 -1632.6 -1567.18 -323.764 3894.53 264297 895.806 897.348 2997.18 -76.0826 -264.247 1.13152 -3270.74 -511.157 ;
-133.055 -68.5588 -1012.03 -99.7251 -46.4456 -532.142 -85.6703 -5.67413 -1.30858 -5.13397 -0.968202 15.3077 895.806 15.3077 4.34744 10.9603 -1.25829 -2.87367 0.217719 -47.4912 -2.90396 ;
-173.371 -78.3853 -1000.37 -133.259 -64.3003 -846.657 -278.636 -7.24653 -9.92517 -10.422 -1.9988 30.3596 897.348 4.34744 30.3596 0 -5.67807 -12.515 0.00124821 -224.683 -58.6765 ;
-571.372 -254.635 -3324.63 -378.202 -107.77 -3098.55 -679.126 -43.4354 -37.3874 -32.3712 -5.42232 95.2014 2997.18 10.9603 0 95.2014 -14.5115 -29.5656 0.405044 -629.052 -84.9626 ;
