============== BHHH ===============

Size = 21
Data size = 231
[ 1474.32 1661.79 17890.3 2456.24 668.531 14513.1 3624.82 197.483 149.498 175.088 25.2809 -379.834 -20226.2 -58.5424 -83.6946 -296.139 -3.41629 -8.11361 0.00562589 -111.111 -90.3474 ;
1661.79 1951.6 21146.8 3265.31 769.264 15539.4 3981.12 218.84 151.682 191.367 27.5523 -410.095 -25173 -72.5899 -89.698 -320.397 -1.73559 -4.16084 0.0242486 -61.317 -41.5082 ;
17890.3 21146.8 269124 36275.3 10807.7 161027 48213.5 2384.39 1483.33 2111.66 291.484 -4402.74 -296694 -944.504 -947.518 -3455.22 -39.4029 -95.5532 0.00838778 -1349.17 -787.784 ;
2456.24 3265.31 36275.3 19098.5 995.661 18072.9 8703.22 287.479 105.819 342.986 -36.5302 -527.482 -44191.5 -108.539 -150.65 -376.832 -11.1033 -30.0264 -0.414624 -446.39 -186.056 ;
668.531 769.264 10807.7 995.661 3703.41 3703.41 0 62.1066 77.673 33.5351 6.27947 -169.859 -10128.1 -66.3887 -56.5637 -113.295 -0.0202533 0.1505 0.1201 0.1201 0 ;
14513.1 15539.4 161027 18072.9 3703.41 191918 0 1987.82 1780.67 1668.86 288.741 -3932.25 -182423 -523.483 -887.565 -3044.69 -73.9446 -222.757 0.1201 -3503.85 0 ;
3624.82 3981.12 48213.5 8703.22 0 0 73681.7 479.199 68.1188 872.544 0.782203 -934.929 -45467.2 -22.8318 -210.505 -724.424 -67.3127 -100.934 0 0 -5474.75 ;
197.483 218.84 2384.39 287.479 62.1066 1987.82 479.199 52.1744 23.2958 22.3017 5.31226 -51.7401 -2753.08 -6.94717 -7.97508 -43.7651 -0.434274 -1.08203 0.00684761 -20.5691 2.2899 ;
149.498 151.682 1483.33 105.819 77.673 1780.67 68.1188 23.2958 43.1425 0 3.73744 -41.9387 -1393.15 -1.73521 -9.09659 -32.8421 -1.20374 -3.4107 -0.0415542 -54.7234 -3.59376 ;
175.088 191.367 2111.66 342.986 33.5351 1668.86 872.544 22.3017 0 48.0705 1.62204 -47.3431 -2504.12 -4.54697 -9.04051 -38.3025 -0.727392 -1.64327 0.0211511 -10.1789 -44.2131 ;
25.2809 27.5523 291.484 -36.5302 6.27947 288.741 0.782203 5.31226 3.73744 1.62204 6.86308 -6.45283 -338.127 -1.0746 -1.35742 -5.09541 -0.410253 -0.575797 -0.0386688 -16.0634 0 ;
-379.834 -410.095 -4402.74 -527.482 -169.859 -3932.25 -934.929 -51.7401 -41.9387 -47.3431 -6.45283 127.551 4838.34 15.0752 30.0551 97.4955 -24.2464 -47.5879 0.363736 -1013.98 -177.665 ;
-20226.2 -25173 -296694 -44191.5 -10128.1 -182423 -45467.2 -2753.08 -1393.15 -2504.12 -338.127 4838.34 470731 1017.65 927.997 3910.35 -93.417 -311.944 0.67752 -4173.04 -395.554 ;
-58.5424 -72.5899 -944.504 -108.539 -66.3887 -523.483 -22.8318 -6.94717 -1.73521 -4.54697 -1.0746 15.0752 1017.65 15.0752 4.52876 10.5464 -1.59576 -3.70422 0.108859 -67.8927 -0.0843395 ;
-83.6946 -89.698 -947.518 -150.65 -56.5637 -887.565 -210.505 -7.97508 -9.09659 -9.04051 -1.35742 30.0551 927.997 4.52876 30.0551 0 -7.08577 -15.7108 -0.00367937 -273.617 -79.5565 ;
-296.139 -320.397 -3455.22 -376.832 -113.295 -3044.69 -724.424 -43.7651 -32.8421 -38.3025 -5.09541 97.4955 3910.35 10.5464 0 97.4955 -17.1607 -31.8771 0.367415 -740.361 -98.1085 ;
-3.41629 -1.73559 -39.4029 -11.1033 -0.0202533 -73.9446 -67.3127 -0.434274 -1.20374 -0.727392 -0.410253 -24.2464 -93.417 -1.59576 -7.08577 -17.1607 26.6452 53.3887 -0.343483 1087.92 244.978 ;
-8.11361 -4.16084 -95.5532 -30.0264 0.1505 -222.757 -100.934 -1.08203 -3.4107 -1.64327 -0.575797 -47.5879 -311.944 -3.70422 -15.7108 -31.8771 53.3887 176.199 -0.54279 2325.44 299.823 ;
0.00562589 0.0242486 0.00838778 -0.414624 0.1201 0.1201 0 0.00684761 -0.0415542 0.0211511 -0.0386688 0.363736 0.67752 0.108859 -0.00367937 0.367415 -0.343483 -0.54279 0.381532 0.381532 0 ;
-111.111 -61.317 -1349.17 -446.39 0.1201 -3503.85 0 -20.5691 -54.7234 -10.1789 -16.0634 -1013.98 -4173.04 -67.8927 -273.617 -740.361 1087.92 2325.44 0.381532 52912.2 0 ;
-90.3474 -41.5082 -787.784 -186.056 0 0 -5474.75 2.2899 -3.59376 -44.2131 0 -177.665 -395.554 -0.0843395 -79.5565 -98.1085 244.978 299.823 0 0 18365 ;
]

============== Hessian ===============

Size = 21
Data size = 231
[ 1437.33 1585.57 17039.3 2144.26 647.854 14334.1 3435.98 187.753 169.895 153.248 24.1394 -375.325 -15941.3 -59.4745 -89.2477 -286.077 -6.13795 -20.7043 -0.117279 -204.025 -135.933 ;
1585.57 -35095.5 19429 2542.48 703.404 15154.3 3488.02 200.972 176.255 159.677 25.2632 -397.861 -19239.7 -72.4801 -94.8995 -302.961 -3.6345 -13.3923 -0.047466 -126.422 -71.3345 ;
17039.3 19429 251715 26891.1 8375.33 163835 39974.8 2200.77 1790.21 1731.61 348.509 -4332.8 -216292 -1004.67 -1027.08 -3305.72 -64.5267 -199.17 -2.35336 -2138.34 -1258.9 ;
2144.26 2542.48 26891.1 9869.19 555.307 20319.9 4982.26 256.87 204.751 233.245 -30.6467 -514.738 -29814.3 -98.7873 -137.738 -377 -17.0439 -54.103 1.24738 -599.442 -230.89 ;
647.854 703.404 8375.33 555.307 3790.96 3790.96 0 74.0463 83.4726 46.487 17.694 -173.613 -6248.35 -47.8841 -65.1778 -108.435 -0.104268 -0.196635 -3.63521 -3.63521 0 ;
14334.1 15154.3 163835 20319.9 3790.96 192433 0 1973.99 1993.77 1462.5 300.814 -3937.12 -147650 -527.176 -859.493 -3077.63 -113.405 -364.592 -3.63521 -5591.42 0 ;
3435.98 3488.02 39974.8 4982.26 0 0 75957.4 478.636 117.126 860.02 10.9744 -959.837 -31929.9 -86.4054 -286.592 -673.245 -86.0613 -197.511 0 0 -6770.12 ;
187.753 200.972 2200.77 256.87 74.0463 1973.99 478.636 52.0874 26.9491 19.5649 4.4098 -50.6339 -1972.86 -5.61965 -7.38963 -43.2442 -1.4535 -4.40462 -0.00684761 -53.9442 -26.8509 ;
169.895 176.255 1790.21 204.751 83.4726 1993.77 117.126 26.9491 48.6398 0 3.64122 -47.0445 -1633.58 -1.30856 -9.91837 -37.1261 -1.59536 -4.87516 -0.0956026 -64.5233 -12.9806 ;
153.248 159.677 1731.61 233.245 46.487 1462.5 860.02 19.5649 0 44.7851 2.78826 -43.0622 -1590.18 -5.21713 -10.7513 -32.3109 -1.72288 -4.67493 -0.00851547 -43.5301 -64.4664 ;
24.1394 25.2632 348.509 -30.6467 17.694 300.814 10.9744 4.4098 3.64122 2.78826 7.30267 -6.98755 -311.686 -0.933371 -1.77409 -5.21346 -0.315121 -0.476171 -0.134647 -12.2538 -7.71097e-104 ;
-375.325 -397.861 -4332.8 -514.738 -173.613 -3937.12 -959.837 -50.6339 -47.0445 -43.0622 -6.98755 125.959 3914.3 15.2799 30.8386 95.1207 -20.9173 -42.3494 0.429095 -882.528 -148.523 ;
-15941.3 -19239.7 -216292 -29814.3 -6248.35 -147650 -31929.9 -1972.86 -1633.58 -1590.18 -311.686 3914.3 269087 895.219 913.883 3000.41 -77.1422 -261.354 1.352 -3311.33 -500.736 ;
-59.4745 -72.4801 -1004.67 -98.7873 -47.8841 -527.176 -86.4054 -5.61965 -1.30856 -5.21713 -0.933371 15.2799 895.219 15.2799 4.44828 10.8316 -1.3196 -2.99961 0.214881 -50.8613 -2.53299 ;
-89.2477 -94.8995 -1027.08 -137.738 -65.1778 -859.493 -286.592 -7.38963 -9.91837 -10.7513 -1.77409 30.8386 913.883 4.44828 30.8386 0 -5.8231 -12.6919 0.00499557 -229.026 -60.5967 ;
-286.077 -302.961 -3305.72 -377 -108.435 -3077.63 -673.245 -43.2442 -37.1261 -32.3109 -5.21346 95.1207 3000.41 10.8316 0 95.1207 -15.0942 -29.6575 0.424099 -653.502 -87.9265 ;
-6.13795 -3.6345 -64.5267 -17.0439 -0.104268 -113.405 -86.0613 -1.4535 -1.59536 -1.72288 -0.315121 -20.9173 -77.1422 -1.3196 -5.8231 -15.0942 24.4692 52.629 -0.324827 995.933 234.585 ;
-20.7043 -13.3923 -199.17 -54.103 -0.196635 -364.592 -197.511 -4.40462 -4.87516 -4.67493 -0.476171 -42.3494 -261.354 -2.99961 -12.6919 -29.6575 52.629 186.619 -0.55616 2168.14 463.61 ;
-0.117279 -0.047466 -2.35336 1.24738 -3.63521 -3.63521 0 -0.00684761 -0.0956026 -0.00851547 -0.134647 0.429095 1.352 0.214881 0.00499557 0.424099 -0.324827 -0.55616 7.154 7.154 0 ;
-204.025 -126.422 -2138.34 -599.442 -3.63521 -5591.42 0 -53.9442 -64.5233 -43.5301 -12.2538 -882.528 -3311.33 -50.8613 -229.026 -653.502 995.933 2168.14 7.154 49639.1 0 ;
-135.933 -71.3345 -1258.9 -230.89 0 0 -6770.12 -26.8509 -12.9806 -64.4664 -7.71097e-104 -148.523 -500.736 -2.53299 -60.5967 -87.9265 234.585 463.61 0 0 17635.1 ;
]

