============== BHHH ===============

Size = 4
Data size = 10
[ 1.67103e+06 454789 -14638.8 -1641.43 ;
454789 232194 -4512.67 -374.716 ;
-14638.8 -4512.67 327.778 -70.7253 ;
-1641.43 -374.716 -70.7253 97.6024 ;
]

============== Hessian ===============

Size = 4
Data size = 10
[ 2.79916e+06 611028 -14518.9 -6104.24 ;
611028 205472 -3915.92 -949.777 ;
-14518.9 -3915.92 333.709 -62.3313 ;
-6104.24 -949.777 -62.3313 93.0518 ;
]

