Iter 0

Size = 4
Data size = 10
[ 5.95931e+06 1.0805e+06 -5110.78 -28715.9 ;
1.0805e+06 291896 -1956.72 -4483.04 ;
-5110.78 -1956.72 365.556 -182.778 ;
-28715.9 -4483.04 -182.778 381.806 ;
]
+++++++++++++
Iter 1

Size = 4
Data size = 10
[ 3.50114e+06 726614 -10460.9 -12109.5 ;
726614 231619 -3298.91 -1852.78 ;
-10460.9 -3298.91 372.75 -133.501 ;
-12109.5 -1852.78 -133.501 196.476 ;
]
+++++++++++++
Iter 2

Size = 4
Data size = 10
[ 2.89213e+06 612508 -13028 -7417.66 ;
612508 205191 -3718.69 -1099.82 ;
-13028 -3718.69 332.028 -89.6233 ;
-7417.66 -1099.82 -89.6233 128.58 ;
]
+++++++++++++
Iter 3

Size = 4
Data size = 10
[ 2.67741e+06 580548 -14116 -5645.16 ;
580548 198304 -3875.42 -844.53 ;
-14116 -3875.42 317.218 -65.6919 ;
-5645.16 -844.53 -65.6919 95.1585 ;
]
+++++++++++++
Iter 4

Size = 4
Data size = 10
[ 2.88221e+06 618835 -14208.7 -6694.97 ;
618835 207288 -3886.94 -1018.65 ;
-14208.7 -3886.94 336.083 -73.3306 ;
-6694.97 -1018.65 -73.3306 108.235 ;
]
+++++++++++++
Iter 5

Size = 4
Data size = 10
[ 2.80991e+06 612750 -14494.9 -6172.97 ;
612750 205871 -3912.71 -960.03 ;
-14494.9 -3912.71 334.357 -63.1207 ;
-6172.97 -960.03 -63.1207 94.2327 ;
]
+++++++++++++
Iter 6

Size = 4
Data size = 10
[ 2.80004e+06 610972 -14511.1 -6112.05 ;
610972 205475 -3915.67 -950.067 ;
-14511.1 -3915.67 333.608 -62.6084 ;
-6112.05 -950.067 -62.6084 93.4129 ;
]
+++++++++++++
Iter 7

Size = 4
Data size = 10
[ 2.79916e+06 611028 -14518.9 -6104.24 ;
611028 205472 -3915.92 -949.777 ;
-14518.9 -3915.92 333.709 -62.3313 ;
-6104.24 -949.777 -62.3313 93.0518 ;
]
+++++++++++++
