============== BHHH ===============

Size = 24
Data size = 300
[ 7512.88 5244.2 56506.4 8690.19 1425.5 41077.1 12756.6 569.238 449.19 524.43 -1151.37 -70902.1 -580.287 -219.048 -932.324 -6.14299 -20.1654 0.787786 -263.1 20.9543 -21.1184 -13.7111 -7.81214 -5.9066 ;
5244.2 4007.99 41381.8 6988.12 934.624 28017.1 8919.13 396.283 286.363 357.36 -779.879 -55109.5 -387.089 -142.389 -637.49 -6.39479 -7.81328 0.248691 -111.057 -298.167 -24.6009 -23.5227 -9.4018 -4.00045 ;
56506.4 41381.8 536464 72581.8 13993.6 297845 102997 4412.81 3121.91 3884.18 -8645.46 -609441 -4243.18 -1453.09 -7192.37 -69.0499 -213.385 8.63902 -1693.5 -1851.88 -244.793 -179.813 -60.5026 -29.6754 ;
8690.19 6988.12 72581.8 37275.7 830.604 33562.4 13724.1 604.634 358.712 540.402 -1111.88 -88483.5 -511.893 -266.694 -845.188 -20.3279 -57.3188 1.29052 -684.664 -336.65 -74.2793 -55.2206 -18.975 -9.57735 ;
1425.5 934.624 13993.6 830.604 5664.76 5664.76 0 102.722 139.113 58.011 -250.004 -10495.6 -147.244 -74.3283 -175.676 0.355293 2.23525 -0.355293 -0.355293 0 0.820919 0.845506 0.0358729 6.26734e-24 ;
41077.1 28017.1 297845 33562.4 5664.76 348974 0 3542.05 3269.33 2756.62 -7006.81 -353707 -3481.81 -1337.36 -5669.45 -99.9846 -254.169 -0.355293 -4702.46 0 -395.513 -347.386 -130.58 -59.9138 ;
12756.6 8919.13 102997 13724.1 0 0 183240 1030.7 244.075 2173.05 -2372.98 -118063 -1386.14 -344.932 -2028.05 -148.658 -266.396 0 0 -11106.5 -558.16 -242.773 -50.7987 -10.1054 ;
569.238 396.283 4412.81 604.634 102.722 3542.05 1030.7 97.4182 40.9454 43.2082 -96.3437 -4979.3 0 -12.9824 -83.3614 -1.07448 -0.644503 0.037712 -17.0487 -43.8607 -4.05479 -2.68353 -0.373304 0.199884 ;
449.19 286.363 3121.91 358.712 139.113 3269.33 244.075 40.9454 82.3335 0 -80.3714 -3048.63 -40.2273 -19.493 -60.8784 -1.96212 -5.80252 0.186675 -68.3597 -19.352 -8.02271 -6.23745 -0.656228 0.261818 ;
524.43 357.36 3884.18 540.402 58.011 2756.62 2173.05 43.2082 0 94.0426 -92.1695 -4951.89 -49.1194 -15.3409 -76.8286 -1.87315 -3.30298 -0.00812221 -20.0636 -110.015 -6.76378 -3.97765 -2.34745 -1.41364 ;
-1151.37 -779.879 -8645.46 -1111.88 -250.004 -7006.81 -2372.98 -96.3437 -80.3714 -92.1695 241.485 9978.19 128.242 51.2974 190.187 -40.3567 -81.9895 2.12226 -1564.94 -368.953 -151.658 -104.728 -28.9503 -15.6694 ;
-70902.1 -55109.5 -609441 -88483.5 -10495.6 -353707 -118063 -4979.3 -3048.63 -4951.89 9978.19 1.13602e+06 4940.44 1664.6 8313.59 -161.961 -536.463 15.2871 -6491.09 -943.438 -587.717 -478.342 -203.772 -124.682 ;
-580.287 -387.089 -4243.18 -511.893 -147.244 -3481.81 -1386.14 0 -40.2273 -49.1194 128.242 4940.44 128.242 37.1535 91.0889 -23.4581 -56.5064 1.33882 -899.486 -230.324 -87.1545 -61.3059 -18.5616 -10.1554 ;
-219.048 -142.389 -1453.09 -266.694 -74.3283 -1337.36 -344.932 -12.9824 -19.493 -15.3409 51.2974 1664.6 37.1535 51.2974 0 -11.8172 -27.9681 0.729972 -441.116 -115.248 -43.4381 -30.2199 -3.21778 -0.875621 ;
-932.324 -637.49 -7192.37 -845.188 -175.676 -5669.45 -2028.05 -83.3614 -60.8784 -76.8286 190.187 8313.59 91.0889 0 190.187 -28.5396 -54.0214 1.39229 -1123.82 -253.706 -108.22 -74.5083 -25.7325 -14.7937 ;
-6.14299 -6.39479 -69.0499 -20.3279 0.355293 -99.9846 -148.658 -1.07448 -1.96212 -1.87315 -40.3567 -161.961 -23.4581 -11.8172 -28.5396 44.8634 93.2326 -2.47756 1664.92 517.612 168.489 116.241 32.3203 16.9771 ;
-20.1654 -7.81328 -213.385 -57.3188 2.23525 -254.169 -266.396 -0.644503 -5.80252 -3.30298 -81.9895 -536.463 -56.5064 -27.9681 -54.0214 93.2326 323.416 -11.3538 3317.07 867.315 332.912 257.204 79.2256 43.0654 ;
0.787786 0.248691 8.63902 1.29052 -0.355293 -0.355293 0 0.037712 0.186675 -0.00812221 2.12226 15.2871 1.33882 0.729972 1.39229 -2.47756 -11.3538 2.47756 2.47756 0 -4.18264 -2.48792 -0.364489 1.42101e-48 ;
-263.1 -111.057 -1693.5 -684.664 -0.355293 -4702.46 0 -17.0487 -68.3597 -20.0636 -1564.94 -6491.09 -899.486 -441.116 -1123.82 1664.92 3317.07 2.47756 81537.8 0 6455.56 4830.54 1501.96 807.452 ;
20.9543 -298.167 -1851.88 -336.65 0 0 -11106.5 -43.8607 -19.352 -110.015 -368.953 -943.438 -230.324 -115.248 -253.706 517.612 867.315 0 0 37527.9 1964.91 780.247 33.532 0.457472 ;
-21.1184 -24.6009 -244.793 -74.2793 0.820919 -395.513 -558.16 -4.05479 -8.02271 -6.76378 -151.658 -587.717 -87.1545 -43.4381 -108.22 168.489 332.912 -4.18264 6455.56 1964.91 661.467 464.963 129.281 67.9082 ;
-13.7111 -23.5227 -179.813 -55.2206 0.845506 -347.386 -242.773 -2.68353 -6.23745 -3.97765 -104.728 -478.342 -61.3059 -30.2199 -74.5083 116.241 257.204 -2.48792 4830.54 780.247 464.963 393.497 129.281 67.9082 ;
-7.81214 -9.4018 -60.5026 -18.975 0.0358729 -130.58 -50.7987 -0.373304 -0.656228 -2.34745 -28.9503 -203.772 -18.5616 -3.21778 -25.7325 32.3203 79.2256 -0.364489 1501.96 33.532 129.281 129.281 100.153 67.9082 ;
-5.9066 -4.00045 -29.6754 -9.57735 6.26734e-24 -59.9138 -10.1054 0.199884 0.261818 -1.41364 -15.6694 -124.682 -10.1554 -0.875621 -14.7937 16.9771 43.0654 1.42101e-48 807.452 0.457472 67.9082 67.9082 67.9082 50.9312 ;
]

============== Hessian ===============

Size = 24
Data size = 300
[ 7304.93 5012.81 55586.1 6490 1384.69 40818 13267.2 575.888 493.235 485.721 -1149.8 -57065.4 -575.447 -227.481 -922.316 -10.3666 -45.6793 1.19514 -272.266 -259.243 -37.6953 -25.0409 -5.99215 -3.40805 ;
5012.81 3780.14 39476 4810.97 920.238 27453.7 8325.95 388.772 322.446 316.739 -759.857 -43394.3 -374.642 -148.37 -611.488 -7.86244 -22.5272 0.673025 -263.414 -124.033 -28.7359 -19.6176 -4.83526 -2.33841 ;
55586.1 39476 513454 50203 11804.4 311661 96026.1 4583.7 3564.77 3505.34 -8686.13 -471486 -4138.75 -1652.87 -7033.27 -119.774 -384.633 10.6605 -3523.59 -2540.76 -443.685 -290.659 -70.3055 -37.6257 ;
6490 4810.97 50203 18162.2 628.043 33222.7 10540.8 480.346 357.958 442.523 -946.326 -59889.9 -475.767 -221.042 -725.285 -29.9046 -95.9319 3.601 -970.287 -421.987 -109.937 -75.5521 -19.817 -10.3471 ;
1384.69 920.238 11804.4 628.043 5305.59 5305.59 0 107.981 120.939 60.9717 -235.635 -9140.67 -127.483 -85.9296 -149.706 0.503989 2.5039 -0.503989 -0.503989 0 0.928606 0.686597 0.0478244 -6.26734e-24 ;
40818 27453.7 311661 33222.7 5305.59 353092 0 3767.02 3628.19 2530.41 -7106.32 -296035 -3416.41 -1325.45 -5780.86 -185.348 -510.079 -0.503989 -9158.15 0 -724.58 -535.14 -164.445 -88.9819 ;
13267.2 8325.95 96026.1 10540.8 0 0 196044 1113.76 278.044 2279.83 -2549.66 -83763.6 -1469.54 -489.173 -2060.48 -155.576 -393.923 0 0 -11750 -578.294 -211.258 -18.2305 -9.61602 ;
575.888 388.772 4583.7 480.346 107.981 3767.02 1113.76 104.221 47.9876 43.565 -102.005 -4121.81 0 -10.836 -91.1688 -2.21606 -4.78726 0.17121 -77.1157 -33.6443 -8.38922 -5.87871 -1.23742 -0.621765 ;
493.235 322.446 3564.77 357.958 120.939 3628.19 278.044 47.9876 89.3457 0 -87.2195 -3263.15 -40.1651 -17.8047 -69.4147 -2.12619 -6.60617 0.294271 -84.4576 -5.2978 -7.71595 -5.4423 -0.993996 -0.404188 ;
485.721 316.739 3505.34 442.523 60.9717 2530.41 2279.83 43.565 0 93.1304 -89.3422 -3373.61 -46.9011 -17.572 -71.7702 -3.78817 -10.1139 0.156837 -81.9658 -142.598 -14.08 -8.0476 -2.4721 -1.4853 ;
-1149.8 -759.857 -8686.13 -946.326 -235.635 -7106.32 -2549.66 -102.005 -87.2195 -89.3422 243.178 8212.73 123.366 51.9169 191.262 -37.4513 -79.0663 2.23043 -1471.56 -299.23 -142.84 -104.581 -29.7445 -15.7253 ;
-57065.4 -43394.3 -471486 -59889.9 -9140.67 -296035 -83763.6 -4121.81 -3263.15 -3373.61 8212.73 643003 4036.69 1608.89 6603.84 -141.709 -480.184 12.7379 -5576.88 -962.197 -536.624 -423.81 -128.148 -68.1123 ;
-575.447 -374.642 -4138.75 -475.767 -127.483 -3416.41 -1469.54 0 -40.1651 -46.9011 123.366 4036.69 123.366 39.3294 84.0362 -19.6433 -49.8493 0.876503 -795.145 -144.752 -75.1845 -56.3224 -18.7669 -10.4667 ;
-227.481 -148.37 -1652.87 -221.042 -85.9296 -1325.45 -489.173 -10.836 -17.8047 -17.572 51.9169 1608.89 39.3294 51.9169 0 -10.6974 -26.1637 0.254723 -446.8 -66.0962 -41.8638 -32.3475 -7.5526 -3.68138 ;
-922.316 -611.488 -7033.27 -725.285 -149.706 -5780.86 -2060.48 -91.1688 -69.4147 -71.7702 191.262 6603.84 84.0362 0 191.262 -26.7539 -52.9026 1.97571 -1024.76 -233.133 -100.976 -72.2338 -22.1919 -12.0439 ;
-10.3666 -7.86244 -119.774 -29.9046 0.503989 -185.348 -155.576 -2.21606 -2.12619 -3.78817 -37.4513 -141.709 -19.6433 -10.6974 -26.7539 43.9274 97.4705 -2.73442 1656.9 454.806 166.742 119.533 33.5202 17.7319 ;
-45.6793 -22.5272 -384.633 -95.9319 2.5039 -510.079 -393.923 -4.78726 -6.60617 -10.1139 -79.0663 -480.184 -49.8493 -26.1637 -52.9026 97.4705 355.362 -10.7571 3507.66 960.297 362.349 275.297 73.4365 38.1884 ;
1.19514 0.673025 10.6605 3.601 -0.503989 -0.503989 0 0.17121 0.294271 0.156837 2.23043 12.7379 0.876503 0.254723 1.97571 -2.73442 -10.7571 2.73442 2.73442 0 -5.2883 -3.84669 -0.498095 1.08592e-23 ;
-272.266 -263.414 -3523.59 -970.287 -0.503989 -9158.15 0 -77.1157 -84.4576 -81.9658 -1471.56 -5576.88 -795.145 -446.8 -1024.76 1656.9 3507.66 2.73442 81704.5 0 6496.5 4845.86 1547.36 843.505 ;
-259.243 -124.033 -2540.76 -421.987 0 0 -11750 -33.6443 -5.2978 -142.598 -299.23 -962.197 -144.752 -66.0962 -233.133 454.806 960.297 0 0 33587.7 1756.99 888.017 58.4065 19.265 ;
-37.6953 -28.7359 -443.685 -109.937 0.928606 -724.58 -578.294 -8.38922 -7.71595 -14.08 -142.84 -536.624 -75.1845 -41.8638 -100.976 166.742 362.349 -5.2883 6496.5 1756.99 658.905 478.133 134.081 70.9276 ;
-25.0409 -19.6176 -290.659 -75.5521 0.686597 -535.14 -211.258 -5.87871 -5.4423 -8.0476 -104.581 -423.81 -56.3224 -32.3475 -72.2338 119.533 275.297 -3.84669 4845.86 888.017 478.133 408.208 134.081 70.9276 ;
-5.99215 -4.83526 -70.3055 -19.817 0.0478244 -164.445 -18.2305 -1.23742 -0.993996 -2.4721 -29.7445 -128.148 -18.7669 -7.5526 -22.1919 33.5202 73.4365 -0.498095 1547.36 58.4065 134.081 134.081 104.358 70.9276 ;
-3.40805 -2.33841 -37.6257 -10.3471 -6.26734e-24 -88.9819 -9.61602 -0.621765 -0.404188 -1.4853 -15.7253 -68.1123 -10.4667 -3.68138 -12.0439 17.7319 38.1884 1.08592e-23 843.505 19.265 70.9276 70.9276 70.9276 53.1947 ;
]

