Iter 0

Size = 24
Data size = 300
[ 2.56558e+06 44799.3 1.70525e+06 303077 22076.2 799993 220187 11186.4 7016.11 9344.61 -19868.2 -1.655e+06 -9654.97 -5497.56 -14370.6 -2119.92 -193421 -245.222 -53840 -44051.3 -6637.33 -3947.53 -1419.13 -856.733 ;
44799.3 0 0 0 0 0 0 0 0 0 0 0 0 0 0 0 0 0 0 0 0 0 0 0 ;
1.70525e+06 0 1.80902e+06 241843 19297.1 772364 206619 10888.4 6254.86 9066.58 -18618.9 -1.11625e+06 -8934.39 -5778.75 -12840.1 -2703.86 -129157 -492.944 -74210.4 -49948.2 -8915.37 -5617.83 -1865.17 -1102.03 ;
303077 0 241843 102534 278.933 107752 30417.8 1550.67 798.822 1413.92 -2369.38 -141140 -1161.66 -846.693 -1522.69 -703.48 -52518.9 55.0011 -18911.3 -11366.8 -2144.96 -1229 -412.995 -238.313 ;
22076.2 0 19297.1 278.933 7844.25 7844.25 0 155.75 186 88.2778 -327.472 -16480.6 -172.722 -111.222 -216.25 -19.2222 43.8611 -582 -582 0 -97.2222 -86.8364 -39.4389 -16 ;
799993 0 772364 107752 7844.25 688481 0 7448.75 5577.5 5610.56 -12162.2 -551453 -5757.69 -3491.25 -8670.94 -2101.94 -38820.7 -582 -104816 0 -8086.97 -5528.03 -2065.02 -1197.91 ;
220187 0 206619 30417.8 0 0 307882 1739.22 361.556 3673.97 -3032.97 -134326 -1730.86 -801.25 -2231.72 -1226.72 -36403.6 0 0 -90410.4 -4558.12 -1997.51 -329.447 -180.222 ;
11186.4 0 10888.4 1550.67 155.75 7448.75 1739.22 198.083 74.5833 88.6111 -166.167 -7475.25 0 -27.7222 -138.444 -31.9167 -712.842 -1 -1044.25 -437.111 -109.757 -67.9471 -21.0656 -11.5111 ;
7016.11 0 6254.86 798.822 186 5577.5 361.556 74.5833 136.333 0 -116.667 -4900.58 -52.75 -30.0278 -86.6389 -19.6667 -381.217 -13 -734.75 -96.2778 -65.875 -42.2689 -12.3169 -6.09444 ;
9344.61 0 9066.58 1413.92 88.2778 5610.56 3673.97 88.6111 0 184.194 -143.222 -6008.72 -71.9167 -44.6944 -98.5278 -40.9722 -832.629 -2.88889 -1007.03 -1097.11 -140.986 -83.3783 -26.0824 -15.4278 ;
-19868.2 0 -18618.9 -2369.38 -327.472 -12162.2 -3032.97 -166.167 -116.667 -143.222 391.167 16057.1 195.333 116.861 274.306 -64.3333 -1300.72 -10.2222 -1954.44 -1039.22 -219.222 -140.842 -44.854 -25.3556 ;
-1.655e+06 0 -1.11625e+06 -141140 -16480.6 -551453 -134326 -7475.25 -4900.58 -6008.72 16057.1 1.51578e+06 7917.81 4294.83 11762.2 -1416.78 -131435 25.1111 -37788.8 -27531 -4447.58 -2591.04 -883.628 -528.944 ;
-9654.97 0 -8934.39 -1161.66 -172.722 -5757.69 -1730.86 0 -52.75 -71.9167 195.333 7917.81 195.333 82.9167 112.417 -34.6667 -669.007 -9.22222 -1008.44 -621.111 -117.028 -75.1449 -25.7884 -15.3444 ;
-5497.56 0 -5778.75 -846.693 -111.222 -3491.25 -801.25 -27.7222 -30.0278 -44.6944 116.861 4294.83 82.9167 116.861 0 -21.5556 -410.518 -4.22222 -642 -338 -74.7222 -47.6409 -13.6101 -7 ;
-14370.6 0 -12840.1 -1522.69 -216.25 -8670.94 -2231.72 -138.444 -86.6389 -98.5278 274.306 11762.2 112.417 0 274.306 -42.7778 -890.206 -6 -1312.44 -701.222 -144.5 -93.2011 -31.2439 -18.3556 ;
-2119.92 0 -2703.86 -703.48 -19.2222 -2101.94 -1226.72 -31.9167 -19.6667 -40.9722 -64.3333 -1416.78 -34.6667 -21.5556 -42.7778 134.667 2855.8 29.4444 4056.39 2265.94 459.257 290.184 93.458 52.9611 ;
-193421 0 -129157 -52518.9 43.8611 -38820.7 -36403.6 -712.842 -381.217 -832.629 -1300.72 -131435 -669.007 -410.518 -890.206 2855.8 359003 -121.472 73663.8 61950.5 8998.47 5120.08 1804.86 1128.6 ;
-245.222 0 -492.944 55.0011 -582 -582 0 -1 -13 -2.88889 -10.2222 25.1111 -9.22222 -4.22222 -6 29.4444 -121.472 1002 1002 0 158.444 137.673 69.8778 32 ;
-53840 0 -74210.4 -18911.3 -582 -104816 0 -1044.25 -734.75 -1007.03 -1954.44 -37788.8 -1008.44 -642 -1312.44 4056.39 73663.8 1002 202778 0 15647.4 10799.6 3976.54 2295.32 ;
-44051.3 0 -49948.2 -11366.8 0 0 -90410.4 -437.111 -96.2778 -1097.11 -1039.22 -27531 -621.111 -338 -701.222 2265.94 61950.5 0 0 166694 8496.17 3883.51 658.894 360.444 ;
-6637.33 0 -8915.37 -2144.96 -97.2222 -8086.97 -4558.12 -109.757 -65.875 -140.986 -219.222 -4447.58 -117.028 -74.7222 -144.5 459.257 8998.47 158.444 15647.4 8496.17 1786.15 1160.74 373.832 211.844 ;
-3947.53 0 -5617.83 -1229 -86.8364 -5528.03 -1997.51 -67.9471 -42.2689 -83.3783 -140.842 -2591.04 -75.1449 -47.6409 -93.2011 290.184 5120.08 137.673 10799.6 3883.51 1160.74 974.644 373.832 211.844 ;
-1419.13 0 -1865.17 -412.995 -39.4389 -2065.02 -329.447 -21.0656 -12.3169 -26.0824 -44.854 -883.628 -25.7884 -13.6101 -31.2439 93.458 1804.86 69.8778 3976.54 658.894 373.832 373.832 313.609 211.844 ;
-856.733 0 -1102.03 -238.313 -16 -1197.91 -180.222 -11.5111 -6.09444 -15.4278 -25.3556 -528.944 -15.3444 -7 -18.3556 52.9611 1128.6 32 2295.32 360.444 211.844 211.844 211.844 158.754 ;
]
+++++++++++++
Iter 1

Size = 24
Data size = 300
[ 1.70919e+06 49403 1.09579e+06 190533 17328.9 585214 152560 8287.01 5557.54 6830.68 -15356.8 -1.21299e+06 -7403.45 -4008.55 -11348.3 -698.922 -35265.3 -79.8939 -14571.7 -7383.99 -1679.43 -1012.42 -446.157 -274.481 ;
49403 1187.12 23275.4 4266.66 328.93 11679.1 2968.57 164.676 105.441 135.281 -305.633 -27296.8 -146.934 -78.1168 -227.516 -12.0992 -745.268 -0.703046 -249.618 -122.879 -28.4011 -17.2566 -8.01684 -5.01686 ;
1.09579e+06 23275.4 1.00759e+06 134100 15645 511381 136965 7465.79 4658.46 6097.62 -13402.8 -792472 -6353.79 -3824.11 -9578.71 -905.446 -27328.6 -172.297 -21465.2 -9671.63 -2480.7 -1544.45 -568.072 -339.343 ;
190533 4266.66 134100 61277.2 403.186 68540.4 17834.8 1026.42 565.79 939.185 -1691.05 -107702 -804.047 -580.005 -1111.05 -290.727 -13034 49.0341 -6379.98 -2488.14 -706.754 -415 -136.21 -77.1362 ;
17328.9 328.93 15645 403.186 7035.97 7035.97 0 144.422 173.127 79.3561 -301.668 -12271.7 -157.102 -101.048 -200.62 -10.6911 43.7731 -360.957 -360.957 0 -60.2119 -54.6009 -23.0756 -8.50085 ;
585214 11679.1 511381 68540.4 7035.97 513165 0 5617.65 4428.43 4246.33 -9980.09 -436966 -4742.38 -2707.67 -7272.42 -720.679 -9744.92 -360.957 -34526.1 0 -2761.19 -1814.93 -680.518 -391.766 ;
152560 2968.57 136965 17834.8 0 0 245143 1435.3 307.598 2919.36 -3036 -111845 -1710.36 -771.569 -2264.43 -350.717 -4889.57 0 0 -25957.7 -1261.13 -462.276 -74.4744 -41.0125 ;
8287.01 164.676 7465.79 1026.42 144.422 5617.65 1435.3 153.157 60.2891 68.9171 -140.454 -6056.96 0 -22.8098 -117.644 -12.7029 -231.304 0.14332 -379.948 -109.653 -38.749 -22.2874 -7.13609 -3.97749 ;
5557.54 105.441 4658.46 565.79 173.127 4428.43 307.598 60.2891 110.222 0 -101.718 -4135.81 -45.6687 -25.3897 -76.3287 -8.50394 -141.819 -9.36802 -256.489 -41.0947 -25.6095 -15.9045 -4.26178 -1.73857 ;
6830.68 135.281 6097.62 939.185 79.3561 4246.33 2919.36 68.9171 0 142.552 -127.094 -4923.56 -64.9374 -37.6352 -89.4585 -15.4588 -196.395 -0.232191 -338.751 -303.232 -46.1373 -26.4666 -9.16024 -5.67895 ;
-15356.8 -305.633 -13402.8 -1691.05 -301.668 -9980.09 -3036 -140.454 -101.718 -127.094 333.339 12709.3 166.678 96.5732 236.765 -56.518 -853.617 -2.91849 -1699.37 -601.629 -182.303 -120.178 -37.7606 -21.0887 ;
-1.21299e+06 -27296.8 -792472 -107702 -12271.7 -436966 -111845 -6056.96 -4135.81 -4923.56 12709.3 1.09511e+06 6132.24 3281.49 9427.86 -1041.35 -47320 175.771 -25711.9 -11718.1 -2792.89 -1748.11 -562.516 -320.265 ;
-7403.45 -146.934 -6353.79 -804.047 -157.102 -4742.38 -1710.36 0 -45.6687 -64.9374 166.678 6132.24 166.678 68.1823 98.4953 -30.3108 -396.592 -4.6065 -872.521 -375.808 -97.0557 -64.3341 -21.7201 -12.7666 ;
-4008.55 -78.1168 -3824.11 -580.005 -101.048 -2707.67 -771.569 -22.8098 -25.3897 -37.6352 96.5732 3281.49 68.1823 96.5732 0 -19.9717 -330.601 -2.4593 -598.45 -224.071 -67.1334 -44.1986 -12.7122 -6.65854 ;
-11348.3 -227.516 -9578.71 -1111.05 -200.62 -7272.42 -2264.43 -117.644 -76.3287 -89.4585 236.765 9427.86 98.4953 0 236.765 -36.5463 -523.016 -0.459193 -1100.92 -377.558 -115.17 -75.979 -25.0484 -14.4301 ;
-698.922 -12.0992 -905.446 -290.727 -10.6911 -720.679 -350.717 -12.7029 -8.50394 -15.4588 -56.518 -1041.35 -30.3108 -19.9717 -36.5463 84.4431 1305.63 13.6095 2420.05 952.346 266.087 170.631 54.303 30.2941 ;
-35265.3 -745.268 -27328.6 -13034 43.7731 -9744.92 -4889.57 -231.304 -141.819 -196.395 -853.617 -47320 -396.592 -330.601 -523.016 1305.63 80145.7 -230.537 30056.3 13941.7 3275.54 2026.94 745.47 447.716 ;
-79.8939 -0.703046 -172.297 49.0341 -360.957 -360.957 0 0.14332 -9.36802 -0.232191 -2.91849 175.771 -4.6065 -2.4593 -0.459193 13.6095 -230.537 667.278 667.278 0 102.17 89.9535 41.6437 17.7426 ;
-14571.7 -249.618 -21465.2 -6379.98 -360.957 -34526.1 0 -379.948 -256.489 -338.751 -1699.37 -25711.9 -872.521 -598.45 -1100.92 2420.05 30056.3 667.278 117602 0 9361.37 6429.96 2307.9 1317.23 ;
-7383.99 -122.879 -9671.63 -2488.14 0 0 -25957.7 -109.653 -41.0947 -303.232 -601.629 -11718.1 -375.808 -224.071 -377.558 952.346 13941.7 0 0 69889.2 3545.3 1567.09 236.978 127.655 ;
-1679.43 -28.4011 -2480.7 -706.754 -60.2119 -2761.19 -1261.13 -38.749 -25.6095 -46.1373 -182.303 -2792.89 -97.0557 -67.1334 -115.17 266.087 3275.54 102.17 9361.37 3545.3 1034.97 682.526 217.212 121.176 ;
-1012.42 -17.2566 -1544.45 -415 -54.6009 -1814.93 -462.276 -22.2874 -15.9045 -26.4666 -120.178 -1748.11 -64.3341 -44.1986 -75.979 170.631 2026.94 89.9535 6429.96 1567.09 682.526 576.196 217.212 121.176 ;
-446.157 -8.01684 -568.072 -136.21 -23.0756 -680.518 -74.4744 -7.13609 -4.26178 -9.16024 -37.7606 -562.516 -21.7201 -12.7122 -25.0484 54.303 745.47 41.6437 2307.9 236.978 217.212 217.212 180.023 121.176 ;
-274.481 -5.01686 -339.343 -77.1362 -8.50085 -391.766 -41.0125 -3.97749 -1.73857 -5.67895 -21.0887 -320.265 -12.7666 -6.65854 -14.4301 30.2941 447.716 17.7426 1317.23 127.655 121.176 121.176 121.176 90.8131 ;
]
+++++++++++++
Iter 3

Size = 24
Data size = 300
[ 135035 -1767.41 207411 15243.9 6206.98 145442 48622.9 2058.13 1926 1536.61 -3970.5 -259703 -1988.95 -625.03 -3345.47 -163.924 -4173.4 -22.6042 -4326.41 -2631.87 -507.364 -351.33 -141.926 -82.7672 ;
-1767.41 -386.67 20450.4 1450.96 568.329 13504.5 4366.92 187.432 173.606 140.213 -367.307 -27969.8 -185.882 -56.8 -310.507 -12.3014 -390.675 -1.02744 -322.62 -184.317 -37.4479 -26.4049 -11.3961 -6.78741 ;
207411 20450.4 420992 27843.1 11824.1 275090 91318.6 4138.07 3563.26 2853.76 -7398.06 -389625 -3497.61 -1166.58 -6231.48 -479.426 -8123.44 -55.0225 -14127.9 -6739.06 -1581.34 -1112.02 -394.209 -224.376 ;
15243.9 1450.96 27843.1 16507.2 80.7401 21835.3 8211.28 342.251 288.167 288.959 -517.808 -10813.4 -251.201 -88.3159 -429.492 -149.111 -3940.62 11.0839 -4148.25 -1650.47 -448.861 -321.171 -106.548 -57.6209 ;
6206.98 568.329 11824.1 80.7401 5779.44 5779.44 0 125.749 150.013 59.1193 -255.979 -11096.3 -129.979 -78.1331 -177.846 -4.57283 -1.75062 -142.732 -142.732 0 -24.8565 -23.5727 -8.89226 -3.28033 ;
145442 13504.5 275090 21835.3 5779.44 345866 0 3824.8 3830.86 2248.79 -6531.31 -263312 -3062.21 -1020.61 -5510.7 -610.246 -5282.32 -142.732 -30061.3 0 -2356.15 -1722.42 -611.309 -327.286 ;
48622.9 4366.92 91318.6 8211.28 0 0 200867 1212.47 304.863 2331.78 -2464.58 -84937.6 -1362.44 -391.445 -2073.13 -309.01 -2781.87 0 0 -22999 -1151.42 -613.442 -132.878 -69.2626 ;
2058.13 187.432 4138.07 342.251 125.749 3824.8 1212.47 106.456 52.0135 41.6319 -96.3948 -3555.79 0 -7.99476 -88.4001 -10.0615 -96.743 0.250949 -355.697 -110.331 -35.3436 -23.898 -6.94779 -3.47154 ;
1926 173.606 3563.26 288.167 150.013 3830.86 304.863 52.0135 94.3616 0 -87.0407 -3311.32 -38.9483 -15.413 -71.6277 -7.32092 -64.1578 -4.15624 -278.405 -26.1512 -25.5117 -18.718 -4.73746 -1.73174 ;
1536.61 140.213 2853.76 288.959 59.1193 2248.79 2331.78 41.6319 0 86.148 -76.109 -2719.83 -39.3311 -12.3882 -63.7208 -10.039 -76.6447 -0.551305 -240.487 -276.682 -34.4723 -22.2851 -7.9509 -4.78455 ;
-3970.5 -367.307 -7398.06 -517.808 -255.979 -6531.31 -2464.58 -96.3948 -87.0407 -76.109 247.098 8109.97 121.708 46.7306 200.368 -58.3712 -622.829 3.51527 -1956.63 -547.317 -201.428 -152.474 -47.0762 -24.7743 ;
-259703 -27969.8 -389625 -10813.4 -11096.3 -263312 -84937.6 -3555.79 -3311.32 -2719.83 8109.97 669564 4122.79 1376.84 6733.14 -823.813 -24381.8 154.429 -23347.9 -9328.09 -2452.23 -1837.95 -561.978 -295.395 ;
-1988.95 -185.882 -3497.61 -251.201 -129.979 -3062.21 -1362.44 0 -38.9483 -39.3311 121.708 4122.79 121.708 34.7196 86.9884 -29.3758 -276.495 -0.108667 -959.739 -313.618 -101.723 -77.7097 -26.3718 -14.8159 ;
-625.03 -56.8 -1166.58 -88.3159 -78.1331 -1020.61 -391.445 -7.99476 -15.413 -12.3882 46.7306 1376.84 34.7196 46.7306 0 -15.1127 -152.665 -0.733229 -524.27 -121.623 -54.814 -42.5706 -11.025 -4.96791 ;
-3345.47 -310.507 -6231.48 -429.492 -177.846 -5510.7 -2073.13 -88.4001 -71.6277 -63.7208 200.368 6733.14 86.9884 0 200.368 -43.2586 -470.164 4.2485 -1432.36 -425.694 -146.614 -109.903 -36.0512 -19.8064 ;
-163.924 -12.3014 -479.426 -149.111 -4.57283 -610.246 -309.01 -10.0615 -7.32092 -10.039 -58.3712 -823.813 -29.3758 -15.1127 -43.2586 78.2461 811.824 1.05755 2566.87 856.327 270.03 199.747 62.038 32.5432 ;
-4173.4 -390.675 -8123.44 -3940.62 -1.75062 -5282.32 -2781.87 -96.743 -64.1578 -76.6447 -622.829 -24381.8 -276.495 -152.665 -470.164 811.824 30006.4 -131.575 22472.3 9553.48 2382.83 1753.19 589.54 327.068 ;
-22.6042 -1.02744 -55.0225 11.0839 -142.732 -142.732 0 0.250949 -4.15624 -0.551305 3.51527 154.429 -0.108667 -0.733229 4.2485 1.05755 -131.575 265.603 265.603 0 38.3783 37.0412 15.8629 6.82607 ;
-4326.41 -322.62 -14127.9 -4148.25 -142.732 -30061.3 0 -355.697 -278.405 -240.487 -1956.63 -23347.9 -959.739 -524.27 -1432.36 2566.87 22472.3 265.603 126411 0 10064 7757.01 2700.77 1456.3 ;
-2631.87 -184.317 -6739.06 -1650.47 0 0 -22999 -110.331 -26.1512 -276.682 -547.317 -9328.09 -313.618 -121.623 -425.694 856.327 9553.48 0 0 63195 3292.66 1986.98 342.87 159.741 ;
-507.364 -37.4479 -1581.34 -448.861 -24.8565 -2356.15 -1151.42 -35.3436 -25.5117 -34.4723 -201.428 -2452.23 -101.723 -54.814 -146.614 270.03 2382.83 38.3783 10064 3292.66 1064.66 798.987 248.152 130.173 ;
-351.33 -26.4049 -1112.02 -321.171 -23.5727 -1722.42 -613.442 -23.898 -18.718 -22.2851 -152.474 -1837.95 -77.7097 -42.5706 -109.903 199.747 1753.19 37.0412 7757.01 1986.98 798.987 695.428 248.152 130.173 ;
-141.926 -11.3961 -394.209 -106.548 -8.89226 -611.309 -132.878 -6.94779 -4.73746 -7.9509 -47.0762 -561.978 -26.3718 -11.025 -36.0512 62.038 589.54 15.8629 2700.77 342.87 248.152 248.152 197.706 130.173 ;
-82.7672 -6.78741 -224.376 -57.6209 -3.28033 -327.286 -69.2626 -3.47154 -1.73174 -4.78455 -24.7743 -295.395 -14.8159 -4.96791 -19.8064 32.5432 327.068 6.82607 1456.3 159.741 130.173 130.173 130.173 97.5186 ;
]
+++++++++++++
Iter 4

Size = 24
Data size = 300
[ 176937 27059.9 304215 46242.3 5453.7 186670 52844.8 2759.45 2173.28 2030.21 -5048.43 -321914 -2350.51 -925.619 -4122.82 -132.862 -1921.3 -8.03545 -3371.96 -2055.69 -396.671 -275.523 -90.5473 -46.4711 ;
27059.9 3683.85 37229.8 6042.71 582.872 21391.4 5759.19 315.157 238.166 229.36 -574.46 -41513.3 -264.805 -105.481 -468.979 -11.247 -187.823 -0.0739993 -278.144 -164.858 -32.5691 -23.2289 -7.6585 -3.84079 ;
304215 37229.8 648993 77788.7 11698.7 362051 104008 5614.57 4167.54 3818.18 -9772.67 -554495 -4362.6 -1665.48 -8107.18 -415.222 -4351.82 -23.7531 -11985 -5580.35 -1340.52 -939.835 -294.651 -156.674 ;
46242.3 6042.71 77788.7 30486.6 446.118 43704.8 12292.7 711.77 502.724 521.361 -1180.94 -80539 -520.669 -245.761 -935.182 -109.39 -1535.19 7.94013 -3082.92 -1203.97 -339.252 -241.94 -74.784 -38.2098 ;
5453.7 582.872 11698.7 446.118 5492.05 5492.05 0 113.375 128.808 63.7627 -239.091 -8103.05 -125.191 -85.8969 -153.194 -3.03171 5.81667 -114.756 -114.756 0 -19.1267 -18.2168 -6.8122 -2.47822 ;
186670 21391.4 362051 43704.8 5492.05 393401 0 4457.56 4095.17 2676.5 -7583.35 -326526 -3440.48 -1296.82 -6286.53 -540.859 -3376.62 -114.756 -26788.8 0 -2094.56 -1523.23 -518.124 -269.416 ;
52844.8 5759.19 104008 12292.7 0 0 203617 1231.46 303.535 2344.04 -2544.49 -85899.2 -1401.05 -415.366 -2129.12 -267.225 -1880.29 0 0 -19951.4 -992.039 -497.822 -109.18 -58.3805 ;
2759.45 315.157 5614.57 711.77 113.375 4457.56 1231.46 122.299 56.5287 48.7548 -113.376 -4758.38 0 -11.1153 -102.261 -8.92252 -62.0005 0.524889 -314.68 -88.0245 -31.0697 -21.1468 -6.09116 -3.01354 ;
2173.28 238.166 4167.54 502.724 128.808 4095.17 303.535 56.5287 100.937 0 -94.2555 -3617.25 -41.2445 -18.2707 -75.9847 -6.68158 -45.6915 -3.12759 -248.625 -25.0663 -23.1145 -16.8488 -4.03842 -1.3405 ;
2030.21 229.36 3818.18 521.361 63.7627 2676.5 2344.04 48.7548 0 97.8976 -88.7534 -3496.95 -44.3654 -15.8945 -72.859 -9.14411 -63.8171 -0.0742622 -218.11 -236.648 -30.7121 -19.5323 -7.07476 -4.30357 ;
-5048.43 -574.46 -9772.67 -1180.94 -239.091 -7583.35 -2544.49 -113.376 -94.2555 -88.7534 270.072 9354.69 130.431 53.435 216.637 -53.2336 -350.969 2.3525 -1894.45 -490.437 -191.987 -144.964 -44.4108 -23.3643 ;
-321914 -41513.3 -554495 -80539 -8103.05 -326526 -85899.2 -4758.38 -3617.25 -3496.95 9354.69 699662 4344.76 1784.51 7570.19 -530.054 -8364.65 72.6117 -16206.3 -6274.47 -1714.07 -1284.4 -398.306 -208.77 ;
-2350.51 -264.805 -4362.6 -520.669 -125.191 -3440.48 -1401.05 0 -41.2445 -44.3654 130.431 4344.76 130.431 38.9002 91.5304 -26.9684 -177.363 -0.136652 -941.993 -278.622 -97.4539 -74.5161 -25.2942 -14.1489 ;
-925.619 -105.481 -1665.48 -245.761 -85.8969 -1296.82 -415.366 -11.1153 -18.2707 -15.8945 53.435 1784.51 38.9002 53.435 0 -13.658 -95.1791 -0.522484 -504.604 -97.9931 -51.0906 -39.8096 -10.0806 -4.59899 ;
-4122.82 -468.979 -8107.18 -935.182 -153.194 -6286.53 -2129.12 -102.261 -75.9847 -72.859 216.637 7570.19 91.5304 0 216.637 -39.5756 -255.79 2.87498 -1389.85 -392.444 -140.897 -105.155 -34.3302 -18.7653 ;
-132.862 -11.247 -415.222 -109.39 -3.03171 -540.859 -267.225 -8.92252 -6.68158 -9.14411 -53.2336 -530.054 -26.9684 -13.658 -39.5756 71.067 477.092 0.679213 2435.31 757.662 252.771 186.411 56.889 29.6237 ;
-1921.3 -187.823 -4351.82 -1535.19 5.81667 -3376.62 -1880.29 -62.0005 -45.6915 -63.8171 -350.969 -8364.65 -177.363 -95.1791 -255.79 477.092 8658.08 -58.8484 13820.5 5963.79 1486.47 1093.26 340.238 175.938 ;
-8.03545 -0.0739993 -23.7531 7.94013 -114.756 -114.756 0 0.524889 -3.12759 -0.0742622 2.3525 72.6117 -0.136652 -0.522484 2.87498 0.679213 -58.8484 196.586 196.586 0 26.7048 25.9546 10.6019 4.53438 ;
-3371.96 -278.144 -11985 -3082.92 -114.756 -26788.8 0 -314.68 -248.625 -218.11 -1894.45 -16206.3 -941.993 -504.604 -1389.85 2435.31 13820.5 196.586 119886 0 9552.8 7324.67 2497.23 1337.08 ;
-2055.69 -164.858 -5580.35 -1203.97 0 0 -19951.4 -88.0245 -25.0663 -236.648 -490.437 -6274.47 -278.622 -97.9931 -392.444 757.662 5963.79 0 0 56040 2913.53 1716.17 291.018 135.795 ;
-396.671 -32.5691 -1340.52 -339.252 -19.1267 -2094.56 -992.039 -31.0697 -23.1145 -30.7121 -191.987 -1714.07 -97.4539 -51.0906 -140.897 252.771 1486.47 26.7048 9552.8 2913.53 997.534 745.643 227.556 118.495 ;
-275.523 -23.2289 -939.835 -241.94 -18.2168 -1523.23 -497.822 -21.1468 -16.8488 -19.5323 -144.964 -1284.4 -74.5161 -39.8096 -105.155 186.411 1093.26 25.9546 7324.67 1716.17 745.643 647.714 227.556 118.495 ;
-90.5473 -7.6585 -294.651 -74.784 -6.8122 -518.124 -109.18 -6.09116 -4.03842 -7.07476 -44.4108 -398.306 -25.2942 -10.0806 -34.3302 56.889 340.238 10.6019 2497.23 291.018 227.556 227.556 180.169 118.495 ;
-46.4711 -3.84079 -156.674 -38.2098 -2.47822 -269.416 -58.3805 -3.01354 -1.3405 -4.30357 -23.3643 -208.77 -14.1489 -4.59899 -18.7653 29.6237 175.938 4.53438 1337.08 135.795 118.495 118.495 118.495 88.7671 ;
]
+++++++++++++
Iter 5

Size = 24
Data size = 300
[ 152824 21188.1 254955 33747.5 5316.27 166762 48534.3 2403.33 1989.72 1836.51 -4538.9 -286180 -2174.07 -816.973 -3721.93 -86.4019 -724.356 -0.231676 -2457.43 -1511.6 -284.357 -193.336 -59.988 -31.0113 ;
21188.1 3016.36 32700.5 4600.25 611.359 20048.4 5508.48 287.121 229.072 217.876 -540.682 -39066.9 -256.991 -97.3055 -443.376 -7.11279 -62.2614 0.264615 -198.14 -117.83 -22.8595 -15.8865 -4.80153 -2.3811 ;
254955 32700.5 530027 54653.4 11364.2 318066 94749 4829.97 3771.81 3411.62 -8634.62 -476735 -3958.14 -1462.71 -7171.91 -317.063 -1952.57 -3.8252 -10169.8 -4612.86 -1109.34 -769.458 -237.356 -127.961 ;
33747.5 4600.25 54653.4 20581.6 515.111 34840.8 10227.5 540.164 408.144 425.882 -946.309 -60831.2 -439.626 -195.482 -750.827 -74.2359 -533.977 4.50298 -2307.63 -912.859 -253.714 -177.964 -52.3983 -26.8925 ;
5316.27 611.359 11364.2 515.111 5244.38 5244.38 0 107.181 120.17 61.8339 -230.986 -8141 -123.358 -85.6978 -145.288 -1.01431 3.19705 -51.5467 -51.5467 0 -7.86181 -7.52824 -2.61293 -0.807582 ;
166762 20048.4 318066 34840.8 5244.38 367005 0 4075.69 3876.73 2510.51 -7058.08 -297137 -3279.75 -1195.86 -5862.23 -507.604 -2281.06 -51.5467 -25318 0 -1964.33 -1409 -463.537 -240.949 ;
48534.3 5508.48 94749 10227.5 0 0 197635 1185.01 296.831 2280.88 -2476.86 -80009.6 -1374.74 -410.581 -2066.28 -250.033 -1234 0 0 -18704.5 -934.366 -446.614 -88.4312 -47.7011 ;
2403.33 287.121 4829.97 540.164 107.181 4075.69 1185.01 112.174 52.6157 45.3111 -104.242 -4226.84 0 -9.97323 -94.2686 -7.93218 -36.0246 0.446809 -297.359 -82.884 -29.0148 -19.5101 -5.40193 -2.70638 ;
1989.72 229.072 3771.81 408.144 120.17 3876.73 296.831 52.6157 95.2143 0 -89.4827 -3358.82 -39.999 -17.2361 -72.2466 -5.73161 -25.943 -1.34815 -228.485 -22.6779 -20.5954 -14.6363 -3.3306 -1.10736 ;
1836.51 217.876 3411.62 425.882 61.8339 2510.51 2280.88 45.3111 0 92.6667 -84.5362 -3228.36 -43.1361 -14.9218 -69.6144 -8.13048 -42.0006 0.195992 -210.958 -222.065 -28.8457 -18.0914 -6.42507 -3.88958 ;
-4538.9 -540.682 -8634.62 -946.309 -230.986 -7058.08 -2476.86 -104.242 -89.4827 -84.5362 251.948 8383.3 123.612 49.3392 202.608 -48.5507 -217.323 2.70226 -1814.52 -424.857 -180.592 -135.29 -40.2525 -21.0503 ;
-286180 -39066.9 -476735 -60831.2 -8141 -297137 -80009.6 -4226.84 -3358.82 -3228.36 8383.3 637315 3996.77 1565.62 6817.69 -354.431 -2978.43 37.7556 -11893.1 -4130.04 -1241.68 -932.077 -286.108 -150.193 ;
-2174.07 -256.991 -3958.14 -439.626 -123.358 -3279.75 -1374.74 0 -39.999 -43.1361 123.612 3996.77 123.612 36.4239 87.1877 -24.4565 -116.379 0.717925 -905.911 -236.579 -91.1147 -69.3882 -22.992 -12.6117 ;
-816.973 -97.3055 -1462.71 -195.482 -85.6978 -1195.86 -410.581 -9.97323 -17.2361 -14.9218 49.3392 1565.62 36.4239 49.3392 0 -12.296 -58.2805 -0.0570901 -483.679 -82.7651 -47.3301 -36.8257 -8.75246 -3.9478 ;
-3721.93 -443.376 -7171.91 -750.827 -145.288 -5862.23 -2066.28 -94.2686 -72.2466 -69.6144 202.608 6817.69 87.1877 0 202.608 -36.2548 -159.043 2.75935 -1330.84 -342.091 -133.262 -98.4646 -31.5001 -17.1025 ;
-86.4019 -7.11279 -317.063 -74.2359 -1.01431 -507.604 -250.033 -7.93218 -5.73161 -8.13048 -48.5507 -354.431 -24.4565 -12.296 -36.2548 64.1468 292.826 -1.68795 2322.12 674.89 236.425 172.698 51.1058 26.5003 ;
-724.356 -62.2614 -1952.57 -533.977 3.19705 -2281.06 -1234 -36.0246 -25.943 -42.0006 -217.323 -2978.43 -116.379 -58.2805 -159.043 292.826 2635.55 -27.7657 9431.76 3737.24 1002.51 730.561 219.842 113.823 ;
-0.231676 0.264615 -3.8252 4.50298 -51.5467 -51.5467 0 0.446809 -1.34815 0.195992 2.70226 37.7556 0.717925 -0.0570901 2.75935 -1.68795 -27.7657 84.6748 84.6748 0 7.33039 7.86958 3.40778 1.34161 ;
-2457.43 -198.14 -10169.8 -2307.63 -51.5467 -25318 0 -297.359 -228.485 -210.958 -1814.52 -11893.1 -905.911 -483.679 -1330.84 2322.12 9431.76 84.6748 114478 0 9103.25 6894.22 2279.31 1217.8 ;
-1511.6 -117.83 -4612.86 -912.859 0 0 -18704.5 -82.884 -22.6779 -222.065 -424.857 -4130.04 -236.579 -82.7651 -342.091 674.89 3737.24 0 0 49947.2 2599.24 1476.64 223.372 101.846 ;
-284.357 -22.8595 -1109.34 -253.714 -7.86181 -1964.33 -934.366 -29.0148 -20.5954 -28.8457 -180.592 -1241.68 -91.1147 -47.3301 -133.262 236.425 1002.51 7.33039 9103.25 2599.24 933.521 690.791 204.423 106.001 ;
-193.336 -15.8865 -769.458 -177.964 -7.52824 -1409 -446.614 -19.5101 -14.6363 -18.0914 -135.29 -932.077 -69.3882 -36.8257 -98.4646 172.698 730.561 7.86958 6894.22 1476.64 690.791 596.951 204.423 106.001 ;
-59.988 -4.80153 -237.356 -52.3983 -2.61293 -463.537 -88.4312 -5.40193 -3.3306 -6.42507 -40.2525 -286.108 -22.992 -8.75246 -31.5001 51.1058 219.842 3.40778 2279.31 223.372 204.423 204.423 160.691 106.001 ;
-31.0113 -2.3811 -127.961 -26.8925 -0.807582 -240.949 -47.7011 -2.70638 -1.10736 -3.88958 -21.0503 -150.193 -12.6117 -3.9478 -17.1025 26.5003 113.823 1.34161 1217.8 101.846 106.001 106.001 106.001 79.4141 ;
]
+++++++++++++
Iter 6

Size = 24
Data size = 300
[ 118088 19578.6 222057 28133.1 5117.68 147669 44330.7 2053.39 1744.91 1685.91 -4078.94 -250614 -2047.15 -821.751 -3257.18 -58.0363 -364.558 6.68085 -1734.82 -1115.35 -206.344 -142.768 -41.974 -22.4308 ;
19578.6 3425.26 35406 4777 749.105 22022.7 6225.25 305.026 249.306 247.491 -601.649 -42794.5 -299.124 -119.963 -481.686 -5.8363 -35.7836 0.731533 -176.72 -103.469 -20.5405 -14.5589 -4.17647 -2.13215 ;
222057 35406 517952 50806.6 11665.2 313574 96722.9 4527.08 3638.76 3514.73 -8642.78 -469952 -4228.22 -1717.39 -6925.39 -267.548 -1222.44 24.7334 -8800.44 -4123.26 -979.448 -683.919 -201.975 -109.944 ;
28133.1 4777 50806.6 18453.1 543.461 33055.1 10273.4 468.065 367.427 434.063 -922.011 -58662.1 -477.763 -223.752 -698.259 -58.166 -276.935 7.07434 -1911.02 -734.241 -211.667 -148.457 -42.6035 -22.4548 ;
5117.68 749.105 11665.2 543.461 5456.34 5456.34 0 112.483 126.815 61.6473 -242.025 -9102.65 -129.079 -85.7275 -156.298 1.0059 5.84023 -3.14559 -3.14559 0 1.25689 0.823572 -0.000930012 -0.00570831 ;
147669 22022.7 313574 33055.1 5456.34 365727 0 3840.81 3787.95 2592.6 -7104.91 -293904 -3504.35 -1390.75 -5714.15 -457.387 -1670.07 -3.14559 -22661.1 0 -1777.88 -1287.88 -415.926 -219.001 ;
44330.7 6225.25 96722.9 10273.4 0 0 202959 1156.17 296.376 2358.24 -2554.69 -81413.6 -1478.35 -504.91 -2049.78 -245.188 -877.222 0 0 -18343.8 -928.626 -423.021 -68.1968 -36.8287 ;
2053.39 305.026 4527.08 468.065 112.483 3840.81 1156.17 107.104 49.874 44.1462 -100.58 -4071.23 0 -10.8253 -89.7545 -6.5238 -22.0093 0.462974 -240.252 -79.8301 -24.3875 -16.2834 -4.16821 -2.10491 ;
1744.91 249.306 3638.76 367.427 126.815 3787.95 296.376 49.874 93.5582 0 -88.741 -3279.65 -41.4239 -18.759 -69.982 -4.8172 -17.5205 0.375934 -196.767 -21.0647 -17.6452 -12.102 -2.69158 -0.984341 ;
1685.91 247.491 3514.73 434.063 61.6473 2592.6 2358.24 44.1462 0 96.273 -88.7061 -3296.98 -47.8071 -18.5662 -70.1398 -7.56695 -28.8144 0.482675 -196.878 -218.14 -27.89 -17.6651 -5.98983 -3.5951 ;
-4078.94 -601.649 -8642.78 -922.011 -242.025 -7104.91 -2554.69 -100.58 -88.741 -88.7061 252.713 8273.36 129.462 56.2345 196.479 -45.7564 -149.971 2.8785 -1760.91 -391.946 -174.132 -129.403 -38.1576 -20.2021 ;
-250614 -42794.5 -469952 -58662.1 -9102.65 -293904 -81413.6 -4071.23 -3279.65 -3296.98 8273.36 638904 4090.16 1666.01 6607.35 -254.515 -1367.44 21.683 -9362.9 -2609.86 -951.986 -727.705 -227.717 -121.684 ;
-2047.15 -299.124 -4228.22 -477.763 -129.079 -3504.35 -1478.35 0 -41.4239 -47.8071 129.462 4090.16 129.462 42.4334 87.0282 -23.0846 -82.45 1.31147 -889.705 -208.07 -88.0731 -66.845 -22.2455 -12.2475 ;
-821.751 -119.963 -1717.39 -223.752 -85.7275 -1390.75 -504.91 -10.8253 -18.759 -18.5662 56.2345 1666.01 42.4334 56.2345 0 -12.9597 -46.0165 0.380678 -520.22 -90.4647 -50.5967 -39.0597 -9.31518 -4.44228 ;
-3257.18 -481.686 -6925.39 -698.259 -156.298 -5714.15 -2049.78 -89.7545 -69.982 -70.1398 196.479 6607.35 87.0282 0 196.479 -32.7967 -103.954 2.49782 -1240.69 -301.481 -123.535 -90.3437 -28.8424 -15.7598 ;
-58.0363 -5.8363 -267.548 -58.166 1.0059 -457.387 -245.188 -6.5238 -4.8172 -7.56695 -45.7564 -254.515 -23.0846 -12.9597 -32.7967 59.7879 202.191 -3.8844 2218.29 637.134 225.766 163.762 47.8015 25.1467 ;
-364.558 -35.7836 -1222.44 -276.935 5.84023 -1670.07 -877.222 -22.0093 -17.5205 -28.8144 -149.971 -1367.44 -82.45 -46.0165 -103.954 202.191 1161.31 -19.8026 7095.75 2397.71 743.633 551.477 164.509 87.102 ;
6.68085 0.731533 24.7334 7.07434 -3.14559 -3.14559 0 0.462974 0.375934 0.482675 2.8785 21.683 1.31147 0.380678 2.49782 -3.8844 -19.8026 6.73671 6.73671 0 -6.50193 -4.56393 -0.43403 0.0104473 ;
-1734.82 -176.72 -8800.44 -1911.02 -3.14559 -22661.1 0 -240.252 -196.767 -196.878 -1760.91 -9362.9 -889.705 -520.22 -1240.69 2218.29 7095.75 6.73671 108935 0 8714.04 6581.15 2156.29 1164.98 ;
-1115.35 -103.469 -4123.26 -734.241 0 0 -18343.8 -79.8301 -21.0647 -218.14 -391.946 -2609.86 -208.07 -90.4647 -301.481 637.134 2397.71 0 0 47079.1 2464.4 1331.91 163.358 73.9485 ;
-206.344 -20.5405 -979.448 -211.667 1.25689 -1777.88 -928.626 -24.3875 -17.6452 -27.89 -174.132 -951.986 -88.0731 -50.5967 -123.535 225.766 743.633 -6.50193 8714.04 2464.4 892.585 655.047 191.206 100.587 ;
-142.768 -14.5589 -683.919 -148.457 0.823572 -1287.88 -423.021 -16.2834 -12.102 -17.6651 -129.403 -727.705 -66.845 -39.0597 -90.3437 163.762 551.477 -4.56393 6581.15 1331.91 655.047 562.989 191.206 100.587 ;
-41.974 -4.17647 -201.975 -42.6035 -0.000930012 -415.926 -68.1968 -4.16821 -2.69158 -5.98983 -38.1576 -227.717 -22.2455 -9.31518 -28.8424 47.8015 164.509 -0.43403 2156.29 163.358 191.206 191.206 150.423 100.587 ;
-22.4308 -2.13215 -109.944 -22.4548 -0.00570831 -219.001 -36.8287 -2.10491 -0.984341 -3.5951 -20.2021 -121.684 -12.2475 -4.44228 -15.7598 25.1467 87.102 0.0104473 1164.98 73.9485 100.587 100.587 100.587 75.3855 ;
]
+++++++++++++
Iter 7

Size = 24
Data size = 300
[ 53285.8 11526.7 145759 17436.2 3601.06 100401 31239 1401.39 1204.17 1167.14 -2813.32 -165319 -1420.92 -549.353 -2263.96 -29.7381 -159.812 4.2859 -816.279 -619.779 -104.662 -69.4079 -19.5318 -11.0863 ;
11526.7 2815.9 33257.9 4223.98 763.193 21428.1 6269.39 297.464 247.416 243.93 -592.443 -40654.2 -296.965 -114.676 -477.767 -4.73707 -22.3325 0.657564 -142.943 -79.2553 -16.609 -11.3356 -3.11548 -1.63223 ;
145759 33257.9 485184 45854.3 11674.1 297312 92564 4329.43 3453.15 3368.11 -8292.33 -453671 -4047.13 -1584.59 -6707.74 -206.958 -736.791 22.6938 -6453.41 -3434.31 -751.403 -503.4 -141.784 -77.2816 ;
17436.2 4223.98 45854.3 16852.9 598.385 30273.1 9828.24 431.463 330.131 412.687 -865.4 -55396.2 -452.364 -201.848 -663.552 -45.2667 -167.782 6.09069 -1461.83 -583.883 -164.188 -110.881 -32.1311 -17.5161 ;
3601.06 763.193 11674.1 598.385 5353.71 5353.71 0 108.834 123.284 60.2456 -237.465 -9252.6 -128.175 -85.4308 -152.034 1.02914 4.7688 -1.02914 -1.02914 0 1.46595 1.05795 0.087648 -2.42818e-11 ;
100401 21428.1 297312 30273.1 5353.71 349540 0 3680.46 3615.14 2490.16 -6868.45 -285715 -3385.24 -1290.92 -5577.53 -372.64 -1037.58 -1.02914 -18394.7 0 -1446.42 -1015.44 -324.573 -174.822 ;
31239 6269.39 92564 9828.24 0 0 197456 1127.81 285.335 2296.69 -2502.08 -81265.5 -1448.24 -470.626 -2031.45 -221.804 -602.324 0 0 -16646.9 -836.791 -333.268 -40.3865 -21.0074 ;
1401.39 297.464 4329.43 431.463 108.834 3680.46 1127.81 103.298 47.6368 42.9887 -97.7164 -3941.58 0 -10.2365 -87.4799 -5.5816 -13.7175 0.456286 -197.252 -73.982 -20.7361 -13.3284 -3.05036 -1.52426 ;
1204.17 247.416 3453.15 330.131 123.284 3615.14 285.335 47.6368 89.4073 0 -85.4122 -3191.38 -39.9582 -17.5175 -67.8947 -3.99508 -12.1095 0.455309 -161.841 -16.6956 -14.4133 -9.29899 -2.06144 -0.868808 ;
1167.14 243.93 3368.11 412.687 60.2456 2490.16 2296.69 42.9887 0 93.3193 -86.8603 -3244.04 -46.6252 -17.3348 -69.5255 -6.45902 -18.5725 0.428159 -158.608 -197.355 -23.6958 -14.2038 -4.61212 -2.7614 ;
-2813.32 -592.443 -8292.33 -865.4 -237.465 -6868.45 -2502.08 -97.7164 -85.4122 -86.8603 242.87 8029.06 124.126 52.1654 190.705 -41.9424 -108.311 2.63252 -1631.74 -344.139 -159.159 -114.551 -34.7563 -19.0976 ;
-165319 -40654.2 -453671 -55396.2 -9252.6 -285715 -81265.5 -3941.58 -3191.38 -3244.04 8029.06 638961 4003.71 1578.1 6450.96 -188.58 -787.23 16.8025 -7181.35 -1553.19 -707.148 -535.55 -177.47 -99.5586 ;
-1420.92 -296.965 -4047.13 -452.364 -128.175 -3385.24 -1448.24 0 -39.9582 -46.6252 124.126 4003.71 124.126 39.3627 84.7637 -20.9148 -59.8406 1.15818 -820.925 -172.023 -79.55 -58.6517 -20.3164 -11.5336 ;
-549.353 -114.676 -1584.59 -201.848 -85.4308 -1290.92 -470.626 -10.2365 -17.5175 -17.3348 52.1654 1578.1 39.3627 52.1654 0 -11.6245 -32.8966 0.361047 -468.259 -80.4906 -45.2289 -34.1788 -8.57926 -4.36508 ;
-2263.96 -477.767 -6707.74 -663.552 -152.034 -5577.53 -2031.45 -87.4799 -67.8947 -69.5255 190.705 6450.96 84.7637 0 190.705 -30.3178 -75.4141 2.27147 -1163.48 -263.648 -113.93 -80.3725 -26.1771 -14.7325 ;
-29.7381 -4.73707 -206.958 -45.2667 1.02914 -372.64 -221.804 -5.5816 -3.99508 -6.45902 -41.9424 -188.58 -20.9148 -11.6245 -30.3178 53.8201 142.849 -3.66166 2004.38 565.942 202.499 141.946 42.2353 23.0194 ;
-159.812 -22.3325 -736.791 -167.782 4.7688 -1037.58 -602.324 -13.7175 -12.1095 -18.5725 -108.311 -787.23 -59.8406 -32.8966 -75.4141 142.849 636.084 -15.6253 5057.38 1497.2 524.77 383.09 115.901 63.8033 ;
4.2859 0.657564 22.6938 6.09069 -1.02914 -1.02914 0 0.456286 0.455309 0.428159 2.63252 16.8025 1.15818 0.361047 2.27147 -3.66166 -15.6253 3.66166 3.66166 0 -6.20405 -4.23564 -0.480019 4.16887e-11 ;
-816.279 -142.943 -6453.41 -1461.83 -1.02914 -18394.7 0 -197.252 -161.841 -158.608 -1631.74 -7181.35 -820.925 -468.259 -1163.48 2004.38 5057.38 3.66166 98681.2 0 7850.3 5750.89 1935.57 1081.65 ;
-619.779 -79.2553 -3434.31 -583.883 0 0 -16646.9 -73.982 -16.6956 -197.355 -344.139 -1553.19 -172.023 -80.4906 -263.648 565.942 1497.2 0 0 41799.4 2182.79 1073.96 96.5143 42.4745 ;
-104.662 -16.609 -751.403 -164.188 1.46595 -1446.42 -836.791 -20.7361 -14.4133 -23.6958 -159.159 -707.148 -79.55 -45.2289 -113.93 202.499 524.77 -6.20405 7850.3 2182.79 799.11 567.782 168.941 92.0776 ;
-69.4079 -11.3356 -503.4 -110.881 1.05795 -1015.44 -333.268 -13.3284 -9.29899 -14.2038 -114.551 -535.55 -58.6517 -34.1788 -80.3725 141.946 383.09 -4.23564 5750.89 1073.96 567.782 483.522 168.941 92.0776 ;
-19.5318 -3.11548 -141.784 -32.1311 0.087648 -324.573 -40.3865 -3.05036 -2.06144 -4.61212 -34.7563 -177.47 -20.3164 -8.57926 -26.1771 42.2353 115.901 -0.480019 1935.57 96.5143 168.941 168.941 134.824 92.0776 ;
-11.0863 -1.63223 -77.2816 -17.5161 -2.42818e-11 -174.822 -21.0074 -1.52426 -0.868808 -2.7614 -19.0976 -99.5586 -11.5336 -4.36508 -14.7325 23.0194 63.8033 4.16887e-11 1081.65 42.4745 92.0776 92.0776 92.0776 69.0416 ;
]
+++++++++++++
Iter 8

Size = 24
Data size = 300
[ 54258.8 12781.2 150776 18576 3510.27 103218 31632.7 1448 1220.92 1199.5 -2883.06 -165675 -1443.25 -570.277 -2312.78 -27.4464 -145.751 4.22555 -756.065 -541.881 -96.0773 -64.104 -17.9279 -10.1718 ;
12781.2 3150.19 34491.6 4509.15 740.734 22115.2 6350.97 309.165 251.744 251.495 -609.024 -40687.6 -301.751 -119.291 -489.733 -4.46809 -20.5443 0.650936 -136.103 -69.5214 -15.6001 -10.705 -2.91885 -1.51972 ;
150776 34491.6 509878 49790.2 11542.2 309842 95578.8 4525.71 3545.19 3510.01 -8622.22 -462676 -4178.72 -1668.02 -6954.21 -200.607 -689.751 22.7789 -6290.08 -3174.36 -727.576 -491.479 -137.601 -74.2723 ;
18576 4509.15 49790.2 17721.8 575.988 32539.5 10158.4 469.007 352.098 436.447 -926.247 -58317.9 -474.866 -217.429 -708.818 -43.0915 -155.23 6.05613 -1394.55 -524.83 -156.095 -106.066 -30.7417 -16.66 ;
3510.27 740.734 11542.2 575.988 5296.82 5296.82 0 107.898 121.377 60.3357 -234.495 -8779.38 -126.138 -85.4757 -149.019 1.0285 4.70768 -1.02851 -1.02851 0 1.47461 1.06411 0.0902915 -2.20041e-11 ;
103218 22115.2 309842 32539.5 5296.82 361360 0 3822.74 3694.07 2593.27 -7110.9 -291014 -3481.74 -1352.63 -5758.27 -365.223 -974.873 -1.02851 -17986 0 -1419.24 -1002.9 -318.592 -170.583 ;
31632.7 6350.97 95578.8 10158.4 0 0 201284 1154.53 286.557 2343.42 -2573.55 -81113.9 -1487.86 -491.635 -2081.91 -203.086 -530.074 0 0 -15241 -766.056 -305.813 -34.5862 -17.0931 ;
1448 309.165 4525.71 469.007 107.898 3822.74 1154.53 106.769 48.7579 44.6541 -101.317 -4050.15 0 -10.7918 -90.5256 -5.45158 -12.8781 0.458361 -193.578 -68.8467 -20.2532 -13.1836 -2.97469 -1.46641 ;
1220.92 251.744 3545.19 352.098 121.377 3694.07 286.557 48.7579 91.0992 0 -87.2121 -3218.84 -40.5684 -18.0474 -69.1647 -3.88708 -11.4688 0.454603 -158.044 -13.909 -14.0227 -9.152 -2.03155 -0.857323 ;
1199.5 251.495 3510.01 436.447 60.3357 2593.27 2343.42 44.6541 0 96.2794 -90.0803 -3303.9 -48.1077 -18.2437 -71.8366 -6.19905 -17.2022 0.426334 -155.563 -182.158 -22.7288 -13.7905 -4.456 -2.64349 ;
-2883.06 -609.024 -8622.22 -926.247 -234.495 -7110.9 -2573.55 -101.317 -87.2121 -90.0803 246.966 8126.75 125.579 53.1243 193.841 -39.7266 -99.3534 2.58354 -1550.54 -306.039 -150.671 -109.01 -33.0254 -18.0645 ;
-165675 -40687.6 -462676 -58317.9 -8779.38 -291014 -81113.9 -4050.15 -3218.84 -3303.9 8126.75 625062 3998.71 1601.23 6525.51 -173.374 -707.714 16.2356 -6633.45 -1300.54 -649.305 -494.654 -163.53 -91.1952 ;
-1443.25 -301.751 -4178.72 -474.866 -126.138 -3481.74 -1487.86 0 -40.5684 -48.1077 125.579 3998.71 125.579 39.9518 85.6272 -19.6573 -54.524 1.13162 -775.893 -149.083 -74.751 -55.477 -19.3679 -10.9892 ;
-570.277 -119.291 -1668.02 -217.429 -85.4757 -1352.63 -491.635 -10.7918 -18.0474 -18.2437 53.1243 1601.23 39.9518 53.1243 0 -10.8093 -30.0086 0.34805 -437.427 -69.4709 -42.0636 -31.9481 -8.02661 -4.07339 ;
-2312.78 -489.733 -6954.21 -708.818 -149.019 -5758.27 -2081.91 -90.5256 -69.1647 -71.8366 193.841 6525.51 85.6272 0 193.841 -28.9172 -69.3448 2.23548 -1113.12 -236.568 -108.608 -77.0618 -24.9988 -13.9911 ;
-27.4464 -4.46809 -200.607 -43.0915 1.0285 -365.223 -203.086 -5.45158 -3.88708 -6.19905 -39.7266 -173.374 -19.6573 -10.8093 -28.9172 51.2175 131.64 -3.61204 1915.77 509.125 192.577 135.826 40.3259 21.8576 ;
-145.751 -20.5443 -689.751 -155.23 4.70768 -974.873 -530.074 -12.8781 -11.4688 -17.2022 -99.3534 -707.714 -54.524 -30.0086 -69.3448 131.64 573.339 -15.2014 4670.33 1281.57 482.46 354.22 106.614 58.2519 ;
4.22555 0.650936 22.7789 6.05613 -1.02851 -1.02851 0 0.458361 0.454603 0.426334 2.58354 16.2356 1.13162 0.34805 2.23548 -3.61204 -15.2014 3.61204 3.61204 0 -6.14133 -4.20428 -0.483244 3.70371e-11 ;
-756.065 -136.103 -6290.08 -1394.55 -1.02851 -17986 0 -193.578 -158.044 -155.563 -1550.54 -6633.45 -775.893 -437.427 -1113.12 1915.77 4670.33 3.61204 94114.9 0 7507.55 5517.07 1849.35 1029.75 ;
-541.881 -69.5214 -3174.36 -524.83 0 0 -15241 -68.8467 -13.909 -182.158 -306.039 -1300.54 -149.083 -69.4709 -236.568 509.125 1281.57 0 0 37615.8 1964.88 974.05 82.395 33.7828 ;
-96.0773 -15.6001 -727.576 -156.095 1.47461 -1419.24 -766.056 -20.2532 -14.0227 -22.7288 -150.671 -649.305 -74.751 -42.0636 -108.608 192.577 482.46 -6.14133 7507.55 1964.88 760.279 543.303 161.304 87.4305 ;
-64.104 -10.705 -491.479 -106.066 1.06411 -1002.9 -305.813 -13.1836 -9.152 -13.7905 -109.01 -494.654 -55.477 -31.9481 -77.0618 135.826 354.22 -4.20428 5517.07 974.05 543.303 463.514 161.304 87.4305 ;
-17.9279 -2.91885 -137.601 -30.7417 0.0902915 -318.592 -34.5862 -2.97469 -2.03155 -4.456 -33.0254 -163.53 -19.3679 -8.02661 -24.9988 40.3259 106.614 -0.483244 1849.35 82.395 161.304 161.304 128.189 87.4305 ;
-10.1718 -1.51972 -74.2723 -16.66 -2.20041e-11 -170.583 -17.0931 -1.46641 -0.857323 -2.64349 -18.0645 -91.1952 -10.9892 -4.07339 -13.9911 21.8576 58.2519 3.70371e-11 1029.75 33.7828 87.4305 87.4305 87.4305 65.5583 ;
]
+++++++++++++
Iter 10

Size = 24
Data size = 300
[ 22298.6 6828.31 94121.5 10766 2460.55 66766.7 21515.9 927.171 819.222 770.938 -1889.72 -104116 -965.934 -379.263 -1510.46 -15.2112 -76.7401 1.93628 -413.343 -353.334 -53.967 -37.649 -9.35662 -4.95453 ;
6828.31 2417.48 32200.4 3886.27 785.994 21449.2 6491.01 297.108 254.015 241.745 -597.389 -38447.1 -302.365 -118.199 -479.19 -4.68194 -16.9754 0.474718 -153.411 -73.858 -16.7624 -11.874 -2.96927 -1.39255 ;
94121.5 32200.4 479499 44326.4 11773 294068 92011.9 4244.51 3449.9 3245.45 -8249.45 -451091 -4064.42 -1628.84 -6620.61 -154.972 -488.088 14.9522 -4855.27 -2723.81 -565.625 -387.295 -99.8004 -50.8585 ;
10766 3886.27 44326.4 16398.1 602.722 29413.3 9877.22 411.486 325.56 391.342 -851.857 -54676.3 -454.171 -207.004 -644.853 -35.2557 -115.319 4.46922 -1162.29 -456.432 -128.731 -89.7076 -23.8714 -12.0291 ;
2460.55 785.994 11773 602.722 5417.74 5417.74 0 110.638 125.642 60.4717 -240.662 -9573.39 -129.705 -85.1322 -155.53 0.70905 2.99124 -0.70905 -0.70905 0 0.98805 0.750076 0.0797294 -4.26807e-17 ;
66766.7 21449.2 294068 29413.3 5417.74 342971 0 3585.86 3596.96 2368.5 -6834.92 -283766 -3391.22 -1322.81 -5512.11 -280.397 -710.21 -0.70905 -13876.7 0 -1087.9 -791.673 -238.759 -122.662 ;
21515.9 6491.01 92011.9 9877.22 0 0 194813 1100.26 283.349 2259.92 -2513.74 -83083.8 -1467.36 -485.162 -2028.58 -174.609 -434.678 0 0 -13165.2 -655.002 -259.592 -24.1667 -10.9448 ;
