============== BHHH ===============

Size = 17
Data size = 153
[ 7512.27 5920.78 58585.4 8357.57 54785.2 -1205.12 -69001.6 -4414.53 -3050.72 -1184.38 -706.855 -28.3475 -748.962 -108.255 -100.402 -54.1028 -34.4914 ;
5920.78 5211.87 48732.8 7594.79 42562.2 -929.307 -61005 -3414.9 -2353.63 -922.172 -547.233 -22.4779 -479.351 -88.3066 -83.2307 -39.0311 -22.1437 ;
58585.4 48732.8 580145 71290.4 423994 -9434.36 -615191 -34672.9 -23098.2 -9030.8 -5395.85 -240.953 -5320.5 -905.53 -814.558 -351.53 -204.442 ;
8357.57 7594.79 71290.4 37122.1 46480.7 -1107.73 -80499 -3611.85 -2485.71 -879.295 -433.486 -74.454 -1702.85 -287.615 -255.747 -104.453 -57.2948 ;
54785.2 42562.2 423994 46480.7 721721 -13205.3 -507743 -51137.9 -34523.7 -12625 -7483.77 2895.9 16249.2 11465.4 8354.81 2798.84 1679.73 ;
-1205.12 -929.307 -9434.36 -1107.73 -13205.3 285.589 10717.5 1054.54 733.058 267.069 156.684 -61.251 -352.225 -233.606 -175.42 -58.6778 -34.0577 ;
-69001.6 -61005 -615191 -80499 -507743 10717.5 1.12082e+06 39858.6 26564.8 10993.2 6738.46 -526.734 -11464.5 -2046.88 -1764.72 -747.45 -458.627 ;
-4414.53 -3414.9 -34672.9 -3611.85 -51137.9 1054.54 39858.6 4139.85 2932.23 1068.28 626.735 -233.606 -1370.89 -928.227 -701.681 -234.711 -136.231 ;
-3050.72 -2353.63 -23098.2 -2485.71 -34523.7 733.058 26564.8 2932.23 2525.11 1068.28 626.735 -175.42 -1178.9 -701.681 -606.144 -234.711 -136.231 ;
-1184.38 -922.172 -9030.8 -879.295 -12625 267.069 10993.2 1068.28 1068.28 904.954 626.735 -58.6778 -492.437 -234.711 -234.711 -195.482 -136.231 ;
-706.855 -547.233 -5395.85 -433.486 -7483.77 156.684 6738.46 626.735 626.735 626.735 469.909 -34.0577 -302.965 -136.231 -136.231 -136.231 -102.156 ;
-28.3475 -22.4779 -240.953 -74.454 2895.9 -61.251 -526.734 -233.606 -175.42 -58.6778 -34.0577 71.8898 530.948 272.936 208.313 73.1847 42.373 ;
-748.962 -479.351 -5320.5 -1702.85 16249.2 -352.225 -11464.5 -1370.89 -1178.9 -492.437 -302.965 530.948 19712.8 2076.4 1860.94 1009.16 667.164 ;
-108.255 -88.3066 -905.53 -287.615 11465.4 -233.606 -2046.88 -928.227 -701.681 -234.711 -136.231 272.936 2076.4 1083.89 833.253 292.739 169.492 ;
-100.402 -83.2307 -814.558 -255.747 8354.81 -175.42 -1764.72 -701.681 -606.144 -234.711 -136.231 208.313 1860.94 833.253 728.414 292.739 169.492 ;
-54.1028 -39.0311 -351.53 -104.453 2798.84 -58.6778 -747.45 -234.711 -234.711 -195.482 -136.231 73.1847 1009.16 292.739 292.739 242.637 169.492 ;
-34.4914 -22.1437 -204.442 -57.2948 1679.73 -34.0577 -458.627 -136.231 -136.231 -136.231 -102.156 42.373 667.164 169.492 169.492 169.492 127.117 ;
]

============== Hessian ===============

Size = 17
Data size = 153
[ 7587.49 5907.25 59789.5 6939.74 56182 -1222.82 -58591.9 -4534 -3222.43 -1283.41 -771.502 -48.8494 -475.433 -176.816 -138.174 -46.9973 -26.4326 ;
5907.25 5109.36 48447.2 5865.53 42812.9 -931.127 -51016.9 -3463.51 -2473.61 -1011.02 -610.999 -32.3093 -298.104 -116.642 -90.8253 -30.4786 -16.6248 ;
59789.5 48447.2 573545 54672.8 440599 -9634.29 -502714 -35920.8 -25951 -10351.2 -6166.16 -386.493 -3473.31 -1403.84 -1109.22 -366.576 -200.841 ;
6939.74 5865.53 54672.8 18972.5 44703.3 -1006.08 -64220.7 -3493.18 -2430.01 -837.052 -460.146 -103.259 -1001.42 -374.943 -290.423 -92.2567 -51.0689 ;
56182 42812.9 440599 44703.3 742416 -13713.5 -435389 -53096.8 -36753.5 -13559.2 -8106.19 3055.17 17739.4 11953.8 8862.04 2977.81 1739.63 ;
-1222.82 -931.127 -9634.29 -1006.08 -13713.5 295.769 9355.99 1098.2 781.097 286.74 168.827 -65.4357 -387.573 -247.72 -188.245 -62.9527 -36.1004 ;
-58591.9 -51016.9 -502714 -64220.7 -435389 9355.99 678430 35075.3 25461.6 10757 6572.99 -621.933 -6549.48 -2345.59 -1850.63 -671.816 -400.565 ;
-4534 -3463.51 -35920.8 -3493.18 -53096.8 1098.2 35075.3 4312.91 3124.39 1146.96 675.306 -247.72 -1459.09 -979.718 -752.979 -251.811 -144.401 ;
-3222.43 -2473.61 -25951 -2430.01 -36753.5 781.097 25461.6 3124.39 2711.37 1146.96 675.306 -188.245 -1147.47 -752.979 -658.253 -251.811 -144.401 ;
-1283.41 -1011.02 -10351.2 -837.052 -13559.2 286.74 10757 1146.96 1146.96 973.924 675.306 -62.9527 -403.62 -251.811 -251.811 -207.913 -144.401 ;
-771.502 -610.999 -6166.16 -460.146 -8106.19 168.827 6572.99 675.306 675.306 675.306 506.34 -36.1004 -238.357 -144.401 -144.401 -144.401 -108.284 ;
-48.8494 -32.3093 -386.493 -103.259 3055.17 -65.4357 -621.933 -247.72 -188.245 -62.9527 -36.1004 80.6414 501.745 303.049 230.519 76.4564 43.4431 ;
-475.433 -298.104 -3473.31 -1001.42 17739.4 -387.573 -6549.48 -1459.09 -1147.47 -403.62 -238.357 501.745 5596.69 1872.42 1472.89 513.445 299.458 ;
-176.816 -116.642 -1403.84 -374.943 11953.8 -247.72 -2345.59 -979.718 -752.979 -251.811 -144.401 303.049 1872.42 1198.26 922.076 305.826 173.772 ;
-138.174 -90.8253 -1109.22 -290.423 8862.04 -188.245 -1850.63 -752.979 -658.253 -251.811 -144.401 230.519 1472.89 922.076 806.457 305.826 173.772 ;
-46.9973 -30.4786 -366.576 -92.2567 2977.81 -62.9527 -671.816 -251.811 -251.811 -207.913 -144.401 76.4564 513.445 305.826 305.826 251.419 173.772 ;
-26.4326 -16.6248 -200.841 -51.0689 1739.63 -36.1004 -400.565 -144.401 -144.401 -144.401 -108.284 43.4431 299.458 173.772 173.772 173.772 130.297 ;
]

