# This file has automatically been generated
# biogeme 2.6a [Mon Apr 24 10:21:29 BST 2017]
# <a href='http://people.epfl.ch/michel.bierlaire'>Michel Bierlaire</a>, <a href='http://transp-or.epfl.ch'>Transport and Mobility Laboratory</a>, <a href='http://www.epfl.ch'>Ecole Polytechnique F&eacute;d&eacute;rale de Lausanne (EPFL)</a>
# Sat Nov  4 12:56:41 2017</p>
#
ASC_PT = Beta('ASC_PT',0,-10000,10000,1,'ASC_PT' )

Beta_time_PT = Beta('Beta_time_PT',0.340512,-10000,10000,0,'Beta_time_PT' )

LAMBDA = Beta('LAMBDA',0.195565,-10000,10000,0,'LAMBDA' )

Beta_time_PT_walk = Beta('Beta_time_PT_walk',-0.0379395,-10000,10000,0,'Beta_time_PT_walk' )

Beta_Cost = Beta('Beta_Cost',-0.0946424,-10000,10000,0,'Beta_Cost' )

Beta_Age = Beta('Beta_Age',-0.00290815,-10000,10000,0,'Beta_Age' )

ASC_PM  = Beta('ASC_PM ',0.497329,-10000,10000,0,'ASC_PM ' )

Beta_time_PM = Beta('Beta_time_PM',-0.0183841,-10000,10000,0,'Beta_time_PM' )

Beta_inc_car_0_4 = Beta('Beta_inc_car_0_4',0.141419,-10000,10000,0,'Beta_inc_car_0_4' )

Beta_inc_car_4_8 = Beta('Beta_inc_car_4_8',0.00292321,-10000,10000,0,'Beta_inc_car_4_8' )

Beta_inc_car_8_12 = Beta('Beta_inc_car_8_12',-0.273164,-10000,10000,0,'Beta_inc_car_8_12' )

Beta_inc_car_12_16 = Beta('Beta_inc_car_12_16',0.430963,-10000,10000,0,'Beta_inc_car_12_16' )

ASC_SM = Beta('ASC_SM',0.23876,-10000,10000,0,'ASC_SM' )

Beta_Distance = Beta('Beta_Distance',-0.199206,-10000,10000,0,'Beta_Distance' )

Beta_inc_pt_0_4 = Beta('Beta_inc_pt_0_4',-0.213657,-10000,10000,0,'Beta_inc_pt_0_4' )

Beta_inc_pt_4_8 = Beta('Beta_inc_pt_4_8',0.440417,-10000,10000,0,'Beta_inc_pt_4_8' )

Beta_inc_pt_8_12 = Beta('Beta_inc_pt_8_12',-0.498853,-10000,10000,0,'Beta_inc_pt_8_12' )

Beta_inc_pt_12_16 = Beta('Beta_inc_pt_12_16',0.59153,-10000,10000,0,'Beta_inc_pt_12_16' )


## Code for the sensitivity analysis
names = ['ASC_PM ','ASC_SM','Beta_Age','Beta_Cost','Beta_Distance','Beta_inc_car_0_4','Beta_inc_car_12_16','Beta_inc_car_4_8','Beta_inc_car_8_12','Beta_inc_pt_0_4','Beta_inc_pt_12_16','Beta_inc_pt_4_8','Beta_inc_pt_8_12','Beta_time_PM','Beta_time_PT','Beta_time_PT_walk','LAMBDA']
values = [[0.130004,0.0779603,0.000152121,0.00152506,0.00405265,-0.0211998,0.00165159,0.00284302,-0.00169894,-0.0127864,-0.00234133,0.000196682,0.0028592,0.000760699,0.00969047,0.000177382,0.00234312],[0.0779603,0.409917,-6.84997e-05,0.0011285,-0.0175887,-0.0151773,-0.00227162,0.00210362,0.000136874,-0.0828186,0.0181799,0.0212618,-0.0230425,0.000383961,0.00479888,9.41916e-05,0.00127986],[0.000152121,-6.84997e-05,1.27413e-05,-9.20566e-07,9.5695e-06,0.000165019,2.51694e-05,-5.51764e-05,-6.83216e-07,1.30782e-05,6.575e-05,5.45377e-06,-4.74395e-05,8.10014e-07,7.93622e-06,-6.73817e-07,1.4599e-05],[0.00152506,0.0011285,-9.20566e-07,0.000213554,0.000111671,-0.000226524,7.8819e-05,8.68803e-05,-0.000176041,-0.000144204,8.15823e-05,4.33278e-05,-0.000135016,3.02119e-05,9.67829e-06,1.37966e-05,9.25576e-05],[0.00405265,-0.0175887,9.5695e-06,0.000111671,0.00287795,-4.59099e-05,0.000255197,-2.2721e-05,-4.12345e-05,0.00190426,-0.00144385,-0.00135509,0.00212889,9.09578e-05,0.000729855,1.89656e-05,0.00044108],[-0.0211998,-0.0151773,0.000165019,-0.000226524,-4.59099e-05,0.010495,-0.00291536,-0.00456263,0.00362316,0.00557905,-0.000859828,-0.00252089,0.0014353,-1.91853e-05,0.000305913,-5.58049e-05,0.000236109],[0.00165159,-0.00227162,2.51694e-05,7.8819e-05,0.000255197,-0.00291536,0.0417523,0.00646192,-0.0338867,-0.00149093,0.0264404,0.00346425,-0.0208296,-1.70324e-05,-0.000614543,-6.72615e-06,9.76961e-05],[0.00284302,0.00210362,-5.51764e-05,8.68803e-05,-2.2721e-05,-0.00456263,0.00646192,0.00547002,-0.00725732,-0.00270528,0.00330486,0.00367493,-0.00409354,-1.58901e-05,-0.000425372,6.17173e-05,-0.000435693],[-0.00169894,0.000136874,-6.83216e-07,-0.000176041,-4.12345e-05,0.00362316,-0.0338867,-0.00725732,0.0302044,0.00207205,-0.0208457,-0.00431118,0.0185659,3.57376e-06,0.000708318,-1.94088e-05,0.000131292],[-0.0127864,-0.0828186,1.30782e-05,-0.000144204,0.00190426,0.00557905,-0.00149093,-0.00270528,0.00207205,0.0298985,-0.0132367,-0.0161154,0.0146754,1.21626e-05,0.000587895,-2.95318e-05,0.00014509],[-0.00234133,0.0181799,6.575e-05,8.15823e-05,-0.00144385,-0.000859828,0.0264404,0.00330486,-0.0208457,-0.0132367,0.139745,0.0229853,-0.112068,-3.882e-05,-0.00139561,-1.17392e-05,0.000343709],[0.000196682,0.0212618,5.45377e-06,4.33278e-05,-0.00135509,-0.00252089,0.00346425,0.00367493,-0.00431118,-0.0161154,0.0229853,0.0199168,-0.0252881,-4.54003e-05,-0.000649606,4.27106e-05,-0.00054096],[0.0028592,-0.0230425,-4.74395e-05,-0.000135016,0.00212889,0.0014353,-0.0208296,-0.00409354,0.0185659,0.0146754,-0.112068,-0.0252881,0.0990537,4.87503e-05,0.00147752,-1.83153e-06,4.49615e-05],[0.000760699,0.000383961,8.10014e-07,3.02119e-05,9.09578e-05,-1.91853e-05,-1.70324e-05,-1.58901e-05,3.57376e-06,1.21626e-05,-3.882e-05,-4.54003e-05,4.87503e-05,2.54336e-05,9.20942e-05,4.93352e-06,0.000170351],[0.00969047,0.00479888,7.93622e-06,9.67829e-06,0.000729855,0.000305913,-0.000614543,-0.000425372,0.000708318,0.000587895,-0.00139561,-0.000649606,0.00147752,9.20942e-05,0.00380111,-5.23745e-05,-0.00121713],[0.000177382,9.41916e-05,-6.73817e-07,1.37966e-05,1.89656e-05,-5.58049e-05,-6.72615e-06,6.17173e-05,-1.94088e-05,-2.95318e-05,-1.17392e-05,4.27106e-05,-1.83153e-06,4.93352e-06,-5.23745e-05,1.37384e-05,-1.21578e-05],[0.00234312,0.00127986,1.4599e-05,9.25576e-05,0.00044108,0.000236109,9.76961e-05,-0.000435693,0.000131292,0.00014509,0.000343709,-0.00054096,4.49615e-05,0.000170351,-0.00121713,-1.21578e-05,0.00354623]]
vc = bioMatrix(17,names,values)
BIOGEME_OBJECT.VARCOVAR = vc
