# This file has automatically been generated
# biogeme 2.6a [Mon Apr 24 10:21:29 BST 2017]
# <a href='http://people.epfl.ch/michel.bierlaire'>Michel Bierlaire</a>, <a href='http://transp-or.epfl.ch'>Transport and Mobility Laboratory</a>, <a href='http://www.epfl.ch'>Ecole Polytechnique F&eacute;d&eacute;rale de Lausanne (EPFL)</a>
# Sat Nov  4 12:28:42 2017</p>
#
ASC_PT = Beta('ASC_PT',0,-10000,10000,1,'ASC_PT' )

Beta_time_PT = Beta('Beta_time_PT',0.335309,-10000,10000,0,'Beta_time_PT' )

LAMBDA = Beta('LAMBDA',0.197666,-10000,10000,0,'LAMBDA' )

Beta_time_PT_walk = Beta('Beta_time_PT_walk',-0.0379455,-10000,10000,0,'Beta_time_PT_walk' )

Beta_Cost = Beta('Beta_Cost',-0.0915683,-10000,10000,0,'Beta_Cost' )

Beta_Income = Beta('Beta_Income',-5.747e-05,-10000,10000,0,'Beta_Income' )

Beta_Age = Beta('Beta_Age',-0.00673874,-10000,10000,0,'Beta_Age' )

Beta_typeBus = Beta('Beta_typeBus',-0.0934048,-10000,10000,0,'Beta_typeBus' )

ASC_PM  = Beta('ASC_PM ',0.531693,-10000,10000,0,'ASC_PM ' )

Beta_time_PM = Beta('Beta_time_PM',-0.0181816,-10000,10000,0,'Beta_time_PM' )

ASC_SM = Beta('ASC_SM',-0.283038,-10000,10000,0,'ASC_SM' )

Beta_Distance = Beta('Beta_Distance',-0.195197,-10000,10000,0,'Beta_Distance' )


## Code for the sensitivity analysis
names = ['ASC_PM ','ASC_SM','Beta_Age','Beta_Cost','Beta_Distance','Beta_Income','Beta_time_PM','Beta_time_PT','Beta_time_PT_walk','Beta_typeBus','LAMBDA']
values = [[0.109637,0.0694254,0.000470865,0.00113699,0.00374332,2.44159e-08,0.000665544,0.0105133,0.000140784,0.0120799,0.000921766],[0.0694254,0.208305,-0.000121748,0.000787908,-0.0130384,5.26523e-06,0.000315991,0.00675828,3.94219e-05,0.0140228,-0.000552025],[0.000470865,-0.000121748,1.01547e-05,2.36586e-06,1.70089e-05,-2.36767e-09,1.28808e-06,1.08559e-06,3.4801e-07,-1.20846e-05,1.351e-05],[0.00113699,0.000787908,2.36586e-06,0.000199323,0.00010909,-6.24256e-10,2.78858e-05,1.12625e-05,1.30163e-05,7.21441e-05,8.67964e-05],[0.00374332,-0.0130384,1.70089e-05,0.00010909,0.00271721,-5.96455e-08,8.99784e-05,0.000704828,1.95535e-05,-0.000147151,0.000442902],[2.44159e-08,5.26523e-06,-2.36767e-09,-6.24256e-10,-5.96455e-08,6.04694e-10,-1.92179e-09,-6.20727e-10,-3.08282e-09,4.40898e-08,1.28361e-08],[0.000665544,0.000315991,1.28808e-06,2.78858e-05,8.99784e-05,-1.92179e-09,2.51977e-05,9.00652e-05,4.95429e-06,6.03251e-07,0.000174128],[0.0105133,0.00675828,1.08559e-06,1.12625e-05,0.000704828,-6.20727e-10,9.00652e-05,0.00385794,-5.11872e-05,0.000237003,-0.00135645],[0.000140784,3.94219e-05,3.4801e-07,1.30163e-05,1.95535e-05,-3.08282e-09,4.95429e-06,-5.11872e-05,1.33344e-05,-6.00397e-06,-6.92268e-06],[0.0120799,0.0140228,-1.20846e-05,7.21441e-05,-0.000147151,4.40898e-08,6.03251e-07,0.000237003,-6.00397e-06,0.00406141,-0.000350856],[0.000921766,-0.000552025,1.351e-05,8.67964e-05,0.000442902,1.28361e-08,0.000174128,-0.00135645,-6.92268e-06,-0.000350856,0.00371018]]
vc = bioMatrix(11,names,values)
BIOGEME_OBJECT.VARCOVAR = vc
